0
1387
1387
0
1385
1379
1382
1383
1380
1380
1367
1367
1383
1383
0
1366
1382
1382
1382
1375
1359
1381
1381
1381
1381
1380
1352
1369
1352
1369
1380
1379
1356
1356
1342
1376
1376
1364
182
1375
1375
1373
1373
1337
1373
1373
1336
1379
1332
1328
1379
1386
1371
1371
1371
1356
1367
1352
1362
1362
1353
1362
1368
1324
1353
1349
1320
1332
1367
1366
1366
1365
1365
1366
1365
1363
1320
1333
1321
1320
1312
1345
1311
1335
1351
1302
2137
2137
1375
1368
1359
1359
1358
1358
1313
1359
1357
1369
1350
1350
1326
1293
1355
1355
1294
1313
1294
1313
1355
1353
1384
1323
1286
1286
1384
1288
1352
1378
1368
1284
1287
1162
1378
1350
1384
1369
1296
1332
1356
1349
1349
1339
2132
1351
1345
1351
1388
1351
1322
2135
2135
1278
1374
1345
1278
1272
1271
1308
1343
1266
1298
1264
1342
1374
1312
1312
1342
1364
1338
183
708
1262
1259
1338
1372
1376
1335
182
1376
177
182
183
1364
182
1542
1339
1339
1334
1331
1339
181
708
1338
1310
1249
1334
1337
1350
1337
1337
1341
1244
1360
1338
1335
181
180
181
1335
181
1309
1261
1306
1239
1261
1239
1316
1336
1280
1331
1332
1336
1336
1230
1331
1230
1328
1328
1228
1227
1279
1279
1328
1228
1228
1315
1371
1225
1281
1229
1226
1325
1347
1347
1323
1324
1323
1362
1324
1323
1218
1219
1353
1303
1216
1347
1325
1321
1214
1347
1297
1333
1297
1321
1349
1279
1246
1213
1320
1210
1225
1315
1210
1315
1226
1363
1315
1317
1208
1207
1208
1321
1346
1346
1231
1204
1333
1346
1312
1311
1311
1302
1311
1344
1259
1260
1273
1344
1241
1241
1307
1308
1343
1308
1308
1298
1307
1197
1307
1305
1259
1310
1306
1344
1233
1305
1305
1316
1316
1240
1177
1709
1709
1322
1306
1305
1215
1388
1388
1388
1711
2133
1302
1300
1302
1706
2137
1200
2137
2134
2134
2136
2133
1705
1301
1299
1175
1301
1197
1197
1299
1303
1265
1169
1200
3774
2133
2136
1183
1290
1296
1358
1326
1254
1183
1164
1313
1294
1357
1288
1291
1293
1288
1293
1164
1248
1290
1158
1158
1326
1291
1166
1291
1355
1290
1290
1294
988
1166
1283
1296
1296
1284
1287
1287
1284
1287
1162
1171
1286
1286
1288
1303
1283
1283
1285
1285
1284
1148
1162
1162
1283
1160
1160
1282
1282
1245
1180
1281
1281
1282
1334
1180
1334
1256
1331
1280
1329
1138
2133
5504
2124
2128
5508
2128
2132
2132
1278
1711
1322
1322
2135
2131
2135
2134
2125
2134
2131
1712
2130
2127
2121
1712
1711
1711
1542
180
1530
1276
1276
1304
1237
1240
1276
1306
1179
1240
1134
1273
1273
1273
1304
175
180
1272
1271
1712
1272
1539
177
1271
174
1695
1270
1270
1194
1194
1270
1263
1298
1304
1298
1237
1343
1197
1243
1255
1190
1255
1299
1705
1707
1705
1541
1266
1266
1242
1263
1263
1264
1266
1264
1131
1119
1263
183
1372
183
1541
1523
178
178
1543
708
1707
1543
1262
1316
1262
1289
1289
1261
1238
1289
1319
1260
1260
1239
1261
1259
1115
1310
1310
1707
1691
1258
1258
1132
1115
1257
1257
1319
1542
180
1529
1529
177
1528
1542
1526
2127
1246
1246
1246
1282
1545
1541
1545
1545
1537
1637
1537
1540
1540
1533
1540
3236
1554
1543
1708
1519
1554
1541
1255
1131
976
1105
1254
1250
1252
1329
1252
1253
1140
1253
1250
1253
1533
1530
1601
176
1527
1704
1709
1707
1536
1527
1518
1539
1532
3343
3341
1534
2125
1249
1244
1253
1244
1248
1137
1248
1098
1247
1247
1254
1360
1247
1377
1102
1341
1341
1143
1245
1245
1091
1244
1142
1088
1087
176
176
176
175
1534
1516
1535
1531
1083
1309
1309
1081
1242
1224
1079
1108
1241
1309
1238
1076
1240
1304
1319
1239
1076
1135
1237
1238
1237
1173
1173
1075
1236
1129
1235
1138
1280
1157
1139
1074
1194
1195
1195
1071
1167
1068
1067
1235
1231
1167
1281
1167
1230
1330
1139
1229
1229
1071
1330
1228
1062
1330
1227
1227
1327
1226
1204
1229
1314
1225
1061
1144
1256
1256
1152
1231
1231
1210
1222
1064
1222
1222
1084
1190
1274
1224
1299
1148
1172
1213
1196
1317
1317
1219
1219
1218
1218
1219
1217
1303
1297
1297
1216
1045
1217
1176
1214
1277
1217
1214
1213
1213
1212
1212
1212
1211
1211
1205
1277
1211
1277
1314
1210
1314
1059
1207
1209
1207
1203
1031
1208
1209
1207
1208
1032
1206
861
1256
1104
1205
1031
1346
1152
1204
1204
1031
1203
1202
1202
1215
1025
1706
1025
1024
1202
1292
1200
1706
1685
1685
1199
1178
1178
1198
1198
1198
1198
1134
1023
1178
1022
5394
1021
1195
1199
1199
1136
170
1195
1190
1018
1241
1191
1267
1187
1194
1184
1017
1267
1181
1049
1016
1181
1190
1191
1184
1193
1175
1307
1014
1014
1267
1186
1187
1193
1193
1074
1021
1186
1021
1186
1017
1184
1243
1010
1016
1016
1017
1010
1010
1186
1049
1514
1220
1274
1181
1340
1101
1301
1233
1233
1179
1292
1179
1179
1512
1178
1698
1704
1680
1703
1704
1518
1177
1696
1177
1177
1527
1703
1709
1702
1702
1215
1215
1680
1706
1688
1700
1700
1681
1700
1535
3345
3345
3345
5502
3774
5501
5502
3336
2125
3345
5501
5504
5504
1300
2136
1200
2126
2126
2136
1699
1678
1705
1175
1698
1175
1676
1696
1677
1220
1512
1698
1340
1703
1703
1690
1149
1007
1007
1007
1677
1340
1172
1172
1000
1696
1696
1036
1149
1003
998
1169
997
1169
1176
1265
1169
1265
1168
1168
1168
1176
3774
2114
5508
5505
5503
5501
5503
5498
5468
5468
5468
5499
5499
2125
2116
2116
1223
1166
1164
1165
1183
1165
1183
1154
1106
988
1165
987
1254
1164
987
987
1163
1163
1150
1150
997
1291
1161
997
1161
1160
1166
1153
1154
983
983
1158
1223
1158
1147
1147
1039
983
1192
1107
1107
979
988
976
1086
975
1106
1154
1106
1141
973
1153
972
1028
1174
1146
1174
979
1192
1174
1174
1171
1171
1150
1150
1000
1000
1000
1234
966
966
1148
1148
1285
967
1147
965
1091
1091
781
1146
963
1146
1146
1155
1111
1099
1245
1180
1100
1100
1142
1092
1180
1111
962
964
1063
1102
1138
1330
1073
1071
1235
1157
1138
957
2128
2128
5508
2124
2124
5497
2123
5497
5467
5497
2129
2129
2110
2129
2127
2122
2122
2127
3342
3343
3341
1695
2130
2121
3343
1712
3342
3342
3329
2121
3329
1534
1525
1534
1521
1533
3238
1533
3231
3240
1536
1532
3228
1601
3238
1531
3215
3233
1528
1528
3255
1532
1530
3233
1530
3239
1520
1528
3238
3240
3300
3228
3238
3233
3230
1109
1276
1136
1085
1136
1135
954
954
1023
1134
954
1023
1133
1133
1135
1129
165
173
1136
179
1539
3228
1525
174
1695
1521
1539
174
1524
1509
1695
3231
1081
1242
1242
1130
1103
1124
1128
1124
949
1128
1128
1103
1126
1127
1127
946
1126
947
947
1125
1125
950
1120
1125
1124
1120
1131
1255
1692
1123
1670
1536
3237
3237
1692
1708
1536
1692
1522
3219
3236
1554
1519
1538
3235
3196
1537
1122
1124
1692
1066
1117
1066
1708
1119
1269
1269
1093
1093
1093
1173
1173
960
1523
1523
178
1523
1510
178
940
940
1538
1691
940
1257
1258
960
942
1042
1042
1115
1132
1258
1132
937
1257
1042
3196
1529
1529
1526
3234
3210
3210
1521
1521
3234
1526
1526
3233
2117
2119
2122
2117
1340
961
1109
1110
1110
964
1092
1155
1155
1637
3235
3208
3208
3235
3234
3232
3232
3236
3240
3236
3231
1511
1508
1519
1522
1511
1668
1519
1508
1109
1109
1108
1078
1108
1123
1123
1081
1107
1039
1107
1105
986
976
1105
1105
2107
1361
1039
2040
1102
1140
1087
957
1140
1140
1102
1098
926
1531
1516
1520
1527
1502
1667
1502
1517
1518
1515
1532
3222
3341
3333
3341
3207
3186
3228
2120
2120
3333
3339
3184
2119
2119
2112
2119
3339
1101
1101
1002
924
1100
921
1111
921
1099
1275
1275
1098
1098
1275
1275
1137
1097
1096
1247
1095
1088
1095
1095
1088
2039
2039
2040
1094
1156
1110
938
1156
1143
938
903
914
1143
1091
1188
1090
1147
1100
1116
1040
1040
1090
1088
926
1087
3189
1694
1516
1515
1516
1515
1531
3186
3330
3207
1370
1201
901
1094
1689
1673
1689
173
162
173
5467
5467
941
929
897
1318
1079
1084
1083
1083
1083
1082
1082
1070
1082
1122
1081
898
1122
898
1078
1224
1078
1079
1224
1078
1232
1232
890
890
1318
1232
1076
1085
1135
1127
1075
1075
1075
1074
1129
532
1130
1073
1062
948
1139
1072
1072
1235
1157
1071
161
1157
161
1074
882
882
1084
880
1070
1070
949
933
933
232
232
1069
961
1068
1068
872
1067
1067
872
1065
1189
1065
1064
879
1167
1065
931
1064
1064
868
1063
1063
1063
964
1062
1060
1062
866
1061
1327
1073
1144
865
1104
1203
1060
1060
1060
1058
1059
1059
1144
1058
1144
1057
1152
1152
858
1056
1058
861
858
876
1057
5464
5466
5457
1121
1054
1054
1054
933
870
1049
1181
1038
1185
956
1038
1052
1052
1683
1003
1050
1051
1196
1050
1053
1050
1209
1032
1032
851
1048
1048
995
1047
1047
1047
1045
1045
849
981
850
1044
1045
1044
1044
993
1268
1113
1043
1037
1113
1053
845
852
1205
1053
1041
1205
1041
1104
935
874
1094
847
980
1113
852
1170
1268
1170
1037
914
1036
956
1008
1035
1035
1035
914
1159
1159
1049
1033
861
1033
1033
1032
1034
1031
1034
1030
934
970
1206
1029
831
1029
1027
829
1027
1026
1027
834
1026
834
834
829
1025
1688
1025
1688
1687
1024
1024
1024
1292
848
3227
1544
1022
1664
1701
1693
1687
1693
1674
1663
1664
1544
3334
1701
3284
3225
1693
1685
1685
1701
5392
5392
5394
5395
3225
162
164
172
173
172
3223
1023
1022
848
172
1022
171
5394
5392
5394
5393
5391
877
877
169
1021
155
156
167
825
949
882
878
1008
1686
1514
1513
179
1514
1513
1513
1513
3174
3173
170
170
3226
170
304
169
304
1184
1187
1151
1018
1191
1015
1187
1017
1019
1354
1015
1665
1016
820
821
1185
1015
1151
1018
819
1686
1686
1683
1354
1009
1686
168
168
153
169
168
825
1012
155
169
1009
1012
1011
819
1011
819
820
1010
820
1683
1009
1009
1354
956
304
1114
1008
1514
1498
3172
3174
3284
3320
5507
3332
5395
5393
5388
5388
1007
1149
1699
812
1689
812
924
812
1678
1662
1678
5498
5500
5495
3335
1697
1681
1512
1702
1680
1681
1680
1702
3337
3344
1656
1684
1690
1566
3334
3331
3336
3337
3335
3335
3314
1700
3334
3334
1681
3344
3333
3333
5502
5501
5507
3344
2126
2116
2112
2129
2120
2115
5504
2114
2104
3335
2114
1678
1666
1677
1497
1676
1697
1676
1677
1710
1651
1650
3227
3227
3172
3338
1497
1656
836
998
1002
1004
1004
1004
1655
1653
1684
1149
1003
1036
1666
806
1002
1002
1666
995
995
1001
1201
1089
765
1089
992
1051
999
1710
1647
1036
1660
1003
1665
1660
998
998
1001
997
972
799
996
996
804
799
996
799
1048
1168
995
999
912
912
808
797
993
993
796
801
992
3331
3332
5389
3326
2102
3326
3317
3312
3312
3338
3338
2104
5495
5499
5493
5505
5505
5492
5503
5503
5496
5498
5459
5466
5464
5464
5464
5468
5499
1899
5459
2116
5492
5459
5463
979
1192
1165
988
1106
1086
987
909
1163
1163
986
1039
792
985
965
965
1153
984
1153
972
971
983
1141
978
971
984
985
900
904
985
793
984
909
1192
982
979
785
780
785
985
982
904
968
2107
789
2111
976
1295
975
975
975
1295
973
774
773
773
1141
973
1141
978
773
972
1028
1028
1028
971
781
781
781
963
963
767
771
805
805
967
977
967
912
765
1234
966
1348
967
1001
965
908
969
969
768
982
767
787
963
1111
1099
1040
962
932
1116
1116
932
962
962
892
868
964
953
1113
931
885
867
2036
2068
2017
2036
2118
2118
2111
2032
2100
948
865
232
149
958
1189
958
2068
2068
2024
2027
957
957
148
2068
2123
2123
5497
1898
5462
5462
5449
5467
2117
5449
3374
2110
2110
3330
3330
2122
2117
3324
3342
3324
3339
3195
3219
3219
3328
3310
3330
3328
3310
3329
3328
3329
3310
3325
3325
3218
1524
3231
3220
3220
3159
3219
3159
3190
3190
3154
3154
3214
3209
1645
3150
3203
1511
1511
1517
3215
3212
1505
1566
1495
3255
3212
3212
3215
3191
3211
3239
3211
3211
1520
3239
1520
3210
3185
3211
3230
3209
3209
3209
3189
3148
3214
3139
3139
3139
1505
3300
3218
3188
3138
3207
3205
3205
3159
3230
3221
3188
3185
3150
3135
3152
3325
3220
3193
3188
956
813
1069
881
754
751
167
1085
163
165
916
164
954
157
916
1133
164
1133
532
165
165
163
179
158
162
164
3193
1524
1509
1509
1509
1524
3180
3206
3234
747
945
960
941
1122
945
1117
951
918
951
746
950
950
1103
950
949
1128
1070
877
700
743
888
947
888
946
946
946
947
741
945
944
944
1120
1120
557
746
3161
3232
1123
1669
1670
1582
1522
3124
1643
1503
1582
748
1669
1669
3208
3197
1538
1522
1508
1508
1507
1507
1507
3195
1672
1504
3197
3196
3195
3197
3196
942
942
748
1117
941
1066
1643
940
1093
945
747
942
783
960
936
1507
1510
1644
1510
1668
1672
1668
1672
937
936
1042
937
937
936
936
1644
1644
1506
1506
3120
3202
3201
3192
3194
3206
3206
3193
3193
3119
3201
3192
3202
3192
3192
3191
3205
3212
1221
2033
3324
3373
3372
3369
2113
2109
2108
2099
2108
2113
935
935
935
961
915
1112
730
923
961
925
874
1251
1251
953
932
932
931
931
3208
3125
3232
3190
3190
3140
1503
1582
1503
1504
3204
1069
897
727
1370
929
1370
928
1694
723
1642
3204
3189
3189
802
1097
1097
2118
2107
2118
986
788
2106
720
792
899
2018
2018
2106
2029
926
2027
989
927
927
2025
926
922
921
3371
3182
3191
1495
1667
1502
3109
1502
1517
1515
3108
3222
3145
3222
3186
3130
3185
3187
2112
3339
2020
2012
3110
3184
2020
2013
2030
3374
3374
3371
3110
2013
1900
1899
2030
3110
3371
3542
925
929
929
924
1221
917
924
923
1112
917
1370
922
922
716
759
921
760
760
760
927
1189
913
784
913
2028
1096
2096
1096
1096
1097
899
2028
2028
899
2027
2027
2025
2039
2002
2026
2039
2028
2034
2025
874
925
915
915
980
980
915
718
1156
914
994
994
713
903
908
980
795
1156
911
968
712
903
805
1145
938
1145
713
911
994
1188
908
1090
922
900
763
905
905
759
759
1040
905
2025
2096
989
2096
709
2098
1694
3124
717
723
928
680
1662
1495
3102
3130
3182
3163
3323
3100
3187
3133
3100
917
711
968
907
907
901
901
901
704
795
908
763
854
1673
1673
1673
3147
717
854
158
162
5455
5455
5455
5460
5452
5452
5450
5450
703
898
897
1055
897
1055
1055
886
896
894
886
890
889
898
939
894
951
699
918
857
703
857
1077
883
891
891
875
889
1232
890
697
889
889
1055
742
916
888
916
749
1080
694
918
918
700
1072
161
139
948
755
948
166
159
1072
160
166
166
879
958
958
1065
139
161
690
825
816
882
692
884
884
880
880
823
894
745
687
894
870
870
886
685
878
896
895
895
877
895
895
684
687
933
875
875
159
232
159
151
1069
730
730
874
676
879
879
873
872
871
862
872
1013
871
137
871
1189
871
731
873
1013
1013
869
873
867
869
868
868
867
737
737
892
677
885
892
866
866
866
865
865
149
864
841
892
665
665
842
862
862
867
869
1057
861
876
862
876
661
1058
1056
864
739
663
858
736
858
659
664
1182
736
876
660
5466
5460
5458
5460
5466
5446
5457
5457
5444
856
856
856
856
870
855
884
821
1038
1038
1151
814
654
842
1652
1683
1639
1638
1050
852
1268
1053
843
851
844
851
851
807
652
981
850
850
849
849
849
981
850
1044
824
999
653
650
807
1268
847
679
679
840
1043
679
845
852
920
920
844
920
647
992
649
842
847
842
847
836
643
841
840
1170
644
840
992
853
853
839
801
837
838
838
1665
1665
1682
1682
814
838
837
1159
839
836
836
837
1114
1114
640
934
834
1030
843
664
970
970
970
637
831
831
831
636
829
736
636
636
829
828
828
647
843
843
828
844
632
662
1182
841
630
3322
1687
848
1664
1501
1544
3096
1664
3321
3321
1674
1501
1663
1663
1674
1663
3179
3179
3096
3225
3307
3307
3340
3307
3321
3284
3175
3094
3094
2035
3223
158
3097
3340
3340
5392
3305
5391
5393
5386
5393
3175
859
156
144
167
144
157
171
3175
2035
2022
3223
3223
2022
171
2022
1491
1491
3332
5391
3332
5391
5390
5390
3320
3322
692
825
156
155
155
156
167
692
1080
690
695
878
816
627
682
129
154
628
695
813
822
3173
3091
1497
1499
1499
1659
3226
2080
2080
3174
3174
3173
3226
3226
3173
3171
1499
1500
1498
1490
152
153
153
1019
1151
818
1015
1011
818
820
821
623
655
819
1659
1659
1658
818
127
153
127
817
817
152
152
893
893
893
817
835
835
816
835
835
627
1658
622
818
814
881
814
129
126
128
126
142
126
619
1114
813
813
3319
3172
3172
1498
3170
3169
3169
3170
3086
3084
3251
3169
3169
3170
3114
3114
5386
3340
5385
5388
5500
5500
5389
5389
3316
3319
3322
3322
3311
3316
3318
3317
3317
3317
5478
5478
5388
5384
5384
5386
5384
5385
3114
2030
812
1662
1221
1221
617
810
1645
3074
3167
1653
3167
3224
617
5493
5493
5495
5490
5490
5387
800
2102
3164
3299
1656
3337
3344
1656
3089
3337
3108
1566
3108
1655
1566
3089
3338
1655
3313
3314
3314
2102
3314
3299
1991
2020
2020
2104
5489
5489
2092
2102
2033
2115
2033
2115
1990
5496
5496
2104
1990
5489
1666
1496
1653
1655
1497
1652
1652
1660
1650
1651
1646
1650
1650
3166
3166
3251
3068
3164
3164
3164
1649
1649
839
613
1004
651
649
649
646
612
3163
1628
806
806
1660
806
613
1496
805
968
804
798
804
771
607
808
1118
808
797
616
839
801
801
641
803
803
800
1118
610
887
1647
1647
1671
1671
1627
613
795
605
603
799
600
798
791
798
798
606
797
912
808
797
796
800
796
600
3163
990
778
605
794
3313
3326
3326
2101
2092
3312
3312
3327
3316
3327
3299
3319
3064
5463
5450
5456
5456
5088
5442
5442
5496
5463
5492
5492
5440
5440
5454
5453
5453
5453
5439
5463
5451
5440
5448
5459
5439
5448
1900
5438
5465
2012
5480
2033
5438
5454
5450
5452
5454
1989
793
909
909
777
792
2100
2090
597
788
952
777
788
761
768
792
788
900
784
721
787
971
978
786
919
761
589
779
900
904
784
904
802
602
952
588
780
588
982
785
969
586
593
593
780
802
802
779
779
779
2087
778
2111
789
2089
789
776
597
776
776
582
974
974
774
774
774
772
773
952
786
579
772
581
791
771
590
590
590
787
786
418
418
919
977
768
767
768
767
771
607
906
832
906
1348
906
607
1348
616
990
795
572
763
571
969
832
585
573
608
761
569
570
756
760
713
716
705
759
716
758
953
885
758
567
758
758
756
756
885
669
2004
2018
1987
2017
2017
2017
2016
2016
2019
2018
2034
1985
1960
2019
2032
2015
2100
2015
2008
2100
2015
2086
2014
2008
3111
151
149
755
755
755
149
147
122
1492
139
143
148
150
148
1487
138
2024
2011
2024
2004
140
2024
1981
3054
2029
2031
2011
2011
2031
5089
5089
2109
1898
5462
5449
5462
5449
5129
5129
5455
3369
5129
5083
2109
3374
3373
3370
3370
3373
3315
3369
3324
3372
3161
3204
3161
3310
3315
3315
3180
3297
3297
3325
3133
3132
3131
3138
3180
3159
3155
3161
3158
3158
3217
1641
3165
1484
3154
3153
3049
3181
3049
3155
3155
3049
3154
3153
3282
3153
3282
3135
3135
3201
3152
3160
3203
3203
3137
3203
1645
3150
3150
3181
3148
3182
3116
3182
3217
3217
3148
3147
3147
3143
3188
3183
3146
3185
3145
3145
1495
3145
3115
3221
3035
3035
3036
3136
3033
3221
3033
3047
3160
3214
3098
3160
3039
3140
3140
3148
3124
3139
3103
3165
3031
3138
3146
3133
3137
3137
3152
3137
3033
3152
3135
3181
3030
3027
3026
3183
3133
3362
3323
3323
3359
3050
3132
3132
3043
3229
3132
754
764
753
959
752
656
564
751
754
754
654
563
693
130
749
163
145
749
1994
2010
2010
2010
146
145
144
158
131
145
3149
3131
3149
3131
3131
3180
3534
3119
3119
3129
3129
3129
3194
3021
747
738
748
748
1020
943
943
747
823
823
746
823
811
743
811
743
700
686
732
743
694
512
742
742
741
741
551
741
740
740
735
735
944
742
557
558
558
557
557
3123
3123
3127
3122
738
738
3127
3127
3120
3126
3126
3125
3021
3125
3125
3113
3019
3124
1641
1669
1493
555
1643
1631
1484
857
667
1631
3123
3127
1506
1493
1504
3204
3122
3113
1504
1481
3120
3113
667
1640
783
733
1020
1020
1020
555
738
783
734
734
734
1644
733
733
546
546
546
546
1624
1494
3122
3120
3126
3201
3106
3016
3025
3229
3119
3050
3016
3013
3106
3106
3117
3117
3117
3059
3116
3136
3115
3038
3115
617
3224
3147
854
854
5485
2012
3364
3372
3365
2099
2099
2099
3355
3596
3359
3544
3532
725
959
670
959
782
729
730
923
782
782
729
677
715
710
567
567
676
1985
756
1977
1976
676
3021
3048
3140
1493
3009
3113
3024
727
645
724
752
537
707
725
540
724
724
724
680
680
1634
723
928
723
696
1642
703
1641
3024
1480
721
721
1975
2008
2106
2059
720
2106
1975
1975
899
1987
1993
1983
1972
1987
1993
1986
3006
3008
1984
2009
2019
2098
989
2098
1971
3111
3111
3005
3028
3371
3110
3074
3035
3109
3109
3116
3167
3108
3130
3130
3142
3107
3535
3187
2999
3102
3102
3000
2013
2012
2013
2005
2998
3540
3541
3368
3596
3541
3540
3354
5076
3542
3142
2998
3540
2998
5479
5448
5448
3542
3542
5082
3368
3107
3366
3353
3353
5174
5174
5082
717
536
729
536
955
718
718
718
536
1634
717
784
709
716
1970
2094
1970
2009
2003
2003
2006
913
2097
2097
2095
2041
589
2095
2095
2002
2001
2001
2021
2001
2002
2002
2021
1992
2034
715
729
531
704
531
911
1145
994
713
902
704
712
712
715
710
530
711
1145
902
529
529
902
860
763
710
826
709
709
860
528
860
2021
2001
2041
2041
2097
1971
2094
2094
762
525
1621
2997
3103
2997
1634
541
1623
680
3200
2999
3102
3142
3116
2995
3537
2994
3100
3100
2994
3530
3535
1005
2000
955
706
711
118
118
907
907
1005
704
6
6
5
5
762
3099
2000
3165
3165
3099
3141
2000
1887
2105
146
146
131
5072
5086
5086
5086
5447
5445
5080
5070
5088
5447
5088
5445
5088
5447
939
703
702
702
702
701
886
745
698
701
699
701
883
547
699
699
883
827
857
518
1077
518
883
697
697
726
744
827
1622
696
624
701
551
684
859
859
859
135
694
512
690
694
693
688
744
827
686
547
688
522
423
139
140
3062
138
138
166
1492
1492
143
1487
1478
143
114
691
731
140
140
1985
1960
690
816
689
692
689
621
507
884
688
744
688
745
687
687
757
686
506
685
685
855
502
502
629
629
682
683
684
686
628
684
683
501
683
682
757
753
726
498
753
678
497
537
537
752
496
645
151
151
123
725
525
725
677
494
676
873
669
112
137
137
137
1013
674
503
673
503
691
691
503
731
150
691
666
509
1046
663
1046
669
509
737
486
509
671
737
545
545
666
671
671
666
136
123
136
136
134
136
147
111
645
822
665
665
670
666
661
673
991
663
663
485
110
664
664
634
480
634
660
661
661
660
739
739
134
739
134
659
736
485
480
559
660
479
5061
5061
5465
5446
5458
5447
5458
5445
5458
5071
5446
5065
5434
5089
5444
5061
5444
5077
5444
5443
499
620
855
656
855
750
656
1657
655
477
750
815
654
654
670
473
1639
1639
1488
1638
1638
1639
1638
1636
1682
1635
910
824
824
652
807
807
844
638
652
650
650
650
653
611
653
649
824
653
470
638
642
644
644
679
840
468
920
910
647
468
647
642
632
644
646
646
643
643
643
822
648
466
641
641
467
641
838
830
651
1614
640
651
1618
1618
1675
640
640
639
1635
1635
764
830
830
463
639
639
552
637
636
637
637
134
635
133
107
630
458
457
635
635
635
828
630
626
662
626
633
632
632
662
662
634
458
561
648
822
630
105
3097
1995
2990
3092
3114
3092
1501
3096
3096
3177
3305
3321
3305
3095
3095
3095
3179
3306
3307
3306
2989
3094
3094
3097
1999
3097
3293
2988
3304
3305
3294
3079
5386
2988
2987
3177
132
121
129
132
121
3092
131
131
2010
3157
1999
1999
1491
3157
1491
3543
3157
3318
3304
5390
3308
5390
3293
3079
3308
693
695
130
629
628
682
629
511
628
695
657
627
627
504
462
681
117
129
119
154
462
117
507
473
490
618
815
618
815
552
1995
3091
3091
3091
2990
1488
1661
1499
1498
1994
1490
1490
1490
3084
3084
3171
3171
3087
3087
3087
1489
1489
1475
1661
1635
1661
100
100
1477
1500
128
152
128
128
623
623
623
620
1636
127
127
622
621
657
621
622
621
622
657
620
620
1489
1636
477
477
564
1636
619
1657
119
142
126
1978
3543
119
100
100
142
142
1994
1477
1473
1978
1978
619
764
619
618
411
764
3064
3078
3072
3072
1488
3251
1488
3088
2986
3086
3251
3084
3086
3080
3080
3083
3078
3086
3082
3082
3082
3081
3081
3076
3081
3080
3078
2971
3082
3303
3079
5382
3076
3311
3311
3311
5385
5478
5478
5378
5387
5387
3298
3316
3303
3303
3066
3303
3301
5382
3301
5381
3301
5381
5383
5375
5380
5373
5383
5384
5381
5381
5380
5380
5370
3075
3078
3105
3077
3077
3077
3077
3076
3076
3075
3105
3075
5479
5082
5465
5079
794
617
1628
810
810
3074
3224
3224
3074
2962
3241
3073
3073
794
5
2000
1961
4
1887
4
6
118
609
5493
5486
5490
5490
5432
5486
5486
5488
5368
5375
5368
5387
800
615
615
2101
3299
3089
3089
1991
3000
2958
1991
3067
3067
3071
2958
2101
3071
2005
1956
1991
2005
5489
2092
5484
5378
5378
2101
1990
1990
5480
2091
5480
5441
2091
1633
1496
3070
3070
2979
3069
3069
1630
3069
3069
1646
1646
1627
1654
1646
1630
1630
1630
3213
3068
3068
3068
3213
3067
1654
651
613
1671
887
887
610
612
612
611
611
1605
443
444
443
610
1626
1625
3070
1628
1628
603
1627
616
616
609
600
595
442
608
578
607
778
778
606
441
610
605
887
615
604
604
770
1633
1671
1627
1626
1604
1626
1626
603
437
603
1607
791
595
791
769
576
601
601
599
600
576
435
435
3241
437
437
5080
5432
5081
5081
3066
2959
3327
2091
3298
3066
3298
3327
3071
5378
2959
5366
5366
5366
3072
3121
3071
3064
3064
3121
5436
5456
5441
5080
5442
5483
5435
5461
5440
5454
5439
5439
5071
5437
5451
5438
5438
5079
5433
5433
5477
5485
5480
5485
5461
5079
5437
5430
5051
5051
5436
5436
5436
5435
5441
1989
1989
1989
3057
3057
2090
777
952
2089
2076
2088
2090
2067
2089
2089
582
597
433
602
596
596
596
587
432
602
602
1973
450
728
593
728
728
450
2084
2082
2103
584
591
786
447
591
568
591
568
589
589
429
450
775
588
766
591
588
587
432
571
586
593
585
587
587
584
583
583
583
2014
2067
2087
2086
2087
2067
441
425
582
974
524
974
581
581
614
580
580
2088
772
579
579
579
577
578
614
614
614
577
447
442
576
769
769
590
575
419
575
574
544
418
574
426
573
608
573
578
578
416
572
572
572
728
571
523
571
706
570
573
609
124
609
569
570
570
608
568
569
569
568
442
5068
2038
705
705
567
705
594
566
566
565
707
565
565
565
625
1997
2004
3062
3061
3061
1987
2016
2946
2019
1986
1986
1964
2009
2031
2006
1985
1984
1984
1984
1979
1983
2015
2067
2086
2014
1982
2086
2014
3060
3162
3176
2943
3060
2943
3057
3060
122
123
123
109
147
122
122
1487
1486
138
1485
3007
3006
3006
1486
150
1981
150
1976
1483
1485
3062
2993
1981
115
2935
3002
2947
3056
1486
1486
3054
2933
2948
3054
3054
3053
2948
2931
2031
1976
1979
3053
2947
3062
5076
5089
5077
5083
5086
5129
5076
5076
5083
3365
5047
5083
3355
3596
3358
3358
3362
3363
3364
3362
3360
3361
3052
3112
3158
3085
3051
3010
3085
3019
3297
3539
3364
3367
3536
3351
3360
3536
3536
3539
3539
3539
3533
3050
3052
3112
3090
3049
3090
3019
3090
3048
3048
3012
1484
1484
3098
3047
3047
3047
2927
3046
3046
3048
3046
3018
2919
3018
3045
3282
3098
3282
2927
3050
3043
3026
3043
2927
3015
3029
3030
3160
3041
3042
3040
2992
3039
3039
3039
3038
3098
3038
3200
3143
3143
3031
3143
3183
3183
3036
3101
3036
3035
3036
2909
3136
3029
3136
2910
3033
2909
3029
2907
2921
2912
3045
3103
3031
3031
2921
3532
3026
3041
3030
3041
3030
3029
3134
3027
3134
3535
3544
3535
3037
3027
3027
2903
3037
3544
3530
3544
3356
3359
3359
3361
3367
3358
5192
3367
3360
3534
2913
3538
3025
3043
2902
3178
564
411
562
564
656
560
410
563
563
563
562
645
483
408
560
658
658
121
120
693
103
513
135
120
89
135
102
1978
2105
89
132
116
89
1955
116
3533
3533
3534
3534
3016
3022
2928
2928
2901
3059
3198
5166
3022
3509
3520
3022
5487
5487
5506
513
3129
3198
3112
3021
3010
549
558
549
1791
1791
550
740
521
1790
555
554
554
1797
1797
1788
598
598
547
547
732
404
548
505
668
543
732
512
551
551
556
740
556
550
550
556
550
549
558
1788
548
554
521
5506
5189
2928
3283
1494
1797
1796
1494
1624
1796
1783
5190
1783
3507
3357
3357
3128
3126
3511
3051
2899
3128
3085
3019
3051
1493
1631
3024
555
521
1640
667
1480
667
1648
1620
3128
3128
3017
1481
1481
3017
1481
3017
631
631
734
1624
1624
1796
3283
1494
3283
3106
3016
3178
3015
3052
2952
3198
2929
3013
5166
3520
5355
3059
3505
3505
3510
3533
3505
3521
3059
2911
3042
3042
3011
4
3073
3141
1957
1948
2892
5479
3772
3364
3363
3361
5194
5074
3355
3355
3596
3356
3532
3367
3538
494
483
483
494
525
535
710
535
535
707
707
1977
1977
1977
542
3058
1950
1976
1997
1997
3010
3112
3018
2918
3009
3009
3009
3012
541
541
540
537
594
540
399
399
719
539
539
1597
1634
1621
1623
538
1623
1623
1622
1620
1621
1480
1480
1982
1973
1966
1975
1974
1974
1974
1973
1973
1993
3008
1972
1993
1972
2944
3008
3216
3007
3162
3008
2944
1986
3006
3065
2006
2009
1971
1965
1971
1969
1970
1962
1969
3028
3060
2940
3028
3005
3005
3005
2880
2880
3003
3144
3003
3104
3104
3028
3002
3151
3151
719
719
495
295
3354
3107
2994
3040
2995
2995
3000
3101
3001
3101
2999
2999
3001
3772
3000
3772
2998
3540
3353
5095
5175
3354
3353
3531
3531
3531
5479
5175
5174
5175
5175
5082
5174
3366
3537
3366
3366
5095
5074
5087
5072
5062
5072
5087
5087
5100
5184
5085
955
536
2093
1597
535
531
534
534
534
534
2093
3296
2085
2093
860
2094
2084
533
533
527
1941
446
1970
446
1941
2038
2006
1941
1968
1968
1943
2083
2082
2083
2103
2095
1966
3065
1949
1949
1992
1966
1966
1965
1988
1964
2021
1964
1996
1992
1939
1964
529
531
533
530
527
530
390
527
530
529
389
389
762
528
826
527
528
528
397
592
389
2083
1996
2082
1937
1962
1965
1962
2084
1980
762
525
539
1621
2997
3103
2874
3296
3296
3296
541
1622
1622
3004
2961
3101
3001
2961
2873
2872
3040
2961
3497
3530
2994
3530
3501
3496
397
7
2992
1957
1957
1885
2085
523
124
118
390
7
5
6
472
523
523
3099
1961
1887
1933
2992
2992
3156
2869
2874
3004
1961
1885
1885
7
1998
116
1998
5070
5085
5072
5074
5071
5079
5065
5024
5204
5204
5443
5069
5069
5066
5024
5445
5018
5054
5016
5070
5070
5027
5066
5066
5015
5016
5063
5026
5063
5018
5064
5013
5024
5063
1790
1780
522
521
520
1620
624
846
516
698
744
510
846
510
519
827
519
520
538
497
497
846
538
381
380
515
624
624
514
514
514
514
1470
1470
538
543
513
135
549
512
511
377
120
452
511
513
515
668
510
505
522
1783
1788
5186
5193
5043
5193
1482
553
115
423
115
1472
1467
114
112
112
114
492
113
1478
113
1487
143
1478
1478
114
1454
674
674
674
115
3058
3058
508
1767
507
657
507
517
478
498
501
506
505
516
516
516
506
504
681
376
370
683
506
678
502
376
499
376
501
790
500
790
370
501
504
500
500
681
499
1006
499
498
410
517
658
366
365
497
496
496
496
658
495
492
113
112
109
361
495
495
594
494
509
566
493
493
493
553
492
991
487
553
359
503
360
542
359
487
542
360
1619
1592
1619
1619
484
488
448
488
488
487
357
486
486
353
486
671
353
561
545
448
357
111
111
111
109
482
483
561
482
482
448
108
672
481
481
672
481
481
353
110
110
110
87
559
634
480
108
109
265
133
479
457
480
479
108
479
265
5065
5062
5062
5013
5061
5011
5434
5443
5065
5434
5060
5022
5058
5060
5058
5058
5058
5059
5013
5443
1006
517
478
478
477
750
476
478
395
517
476
348
457
411
474
474
482
473
562
930
355
355
1661
1616
1618
1617
1617
1617
1616
1617
1587
1613
471
638
469
468
638
469
470
642
471
470
469
470
642
1625
1590
465
1586
466
466
467
467
1614
468
626
466
469
464
465
1614
465
461
464
633
464
464
471
463
463
449
449
648
648
461
460
460
1614
1613
1675
1613
460
639
1606
459
463
552
460
454
107
107
133
95
105
106
95
458
458
457
633
77
95
456
526
456
456
633
105
141
355
490
490
454
526
454
490
105
3087
3543
2990
2990
3092
3088
3177
2989
2989
2988
3304
2988
3293
2989
3294
2987
2987
3304
3293
3292
3292
2986
3079
