# Time 0.0005
# eta = 0.002
# length = 0.000509589
#--- 	  	 LEM Line data  --- 
#(1) wafer              (2) x             (3) dx              (4) m              (5) p            (6) rho              (7) m              (8) T              (9) Z             (10) C          (11) dCdt       (12) heatRel                  (13) Y_H2                  (14) Y_H                  (15) Y_O                  (16) Y_O2                  (17) Y_OH                  (18) Y_H2O                  (19) Y_HO2                  (20) Y_CH2                  (21) Y_CH2(S)                  (22) Y_CH3                  (23) Y_CH4                  (24) Y_CO                  (25) Y_CO2                  (26) Y_HCO                  (27) Y_CH2O                  (28) Y_CH2OH                  (29) Y_N2
0         1.2559e-05         2.5118e-05        2.83977e-05             101325            1.13057        2.83977e-05            300.286                  0                  0                  0       6.42285e-323        1.17927e-08        2.87684e-17        3.45129e-12           0.222574        9.46004e-13        1.36013e-05        1.36203e-08         6.0812e-18        3.14725e-19        1.21077e-07          0.0446358        3.58337e-07        1.60548e-05        4.17309e-18        4.94711e-08        6.84899e-22            0.73276
1        3.76769e-05         2.5118e-05        2.83839e-05             101325            1.13002        2.83839e-05            300.432                  0        0.000140559        7.52923e-08            1.27838        1.87028e-08        5.10289e-17        4.17747e-12           0.222562        1.41143e-12        2.05579e-05        2.01558e-08        1.34636e-17        6.97311e-19        1.84042e-07          0.0446327        5.73464e-07        2.42232e-05        9.27803e-18        7.72826e-08        1.52261e-21            0.73276
2        6.27949e-05         2.5118e-05        2.83595e-05             101325            1.12905        2.83595e-05             300.69                  0        0.000205463        1.10027e-07            2.52084        3.21403e-08        9.13216e-17        4.57342e-12            0.22254        2.22749e-12         3.2918e-05        3.12895e-08        3.46674e-17        1.79811e-18         2.9717e-07           0.044627         9.9868e-07        3.86779e-05        2.40491e-17        1.29882e-07        3.95011e-21            0.73276
3        8.79129e-05         2.5118e-05        2.83174e-05             101325            1.12737        2.83174e-05            301.138                  0        0.000329437        1.78173e-07            5.95124        5.74018e-08        1.58848e-16        4.64546e-12           0.222502        3.65528e-12        5.44048e-05        5.00491e-08        9.49563e-17        4.93596e-18        4.95644e-07          0.0446172         1.8105e-06        6.37075e-05        6.64607e-17        2.26262e-07         1.0952e-20            0.73276
4        0.000113031         2.5118e-05         2.8248e-05             101325            1.12461         2.8248e-05            301.877                  0        0.000543967        3.04236e-07             15.115        1.02981e-07        2.61235e-16        4.31731e-12            0.22244         6.0711e-12        8.99941e-05         8.0199e-08        2.62049e-16        1.36723e-17        8.27593e-07          0.0446008        3.30114e-06        0.000104967        1.85587e-16         3.9521e-07        3.08223e-20            0.73276
5        0.000138149         2.5118e-05        2.81379e-05             101325            1.12023        2.81379e-05            303.057                  0        0.000897966        5.37318e-07            39.0135        1.83188e-07        4.08268e-16        3.60631e-12            0.22234        1.00942e-11        0.000146997          1.271e-07        7.13055e-16        3.73899e-17        1.36486e-06          0.0445746        5.97611e-06        0.000170661        5.13041e-16        6.83056e-07        8.64085e-20            0.73276
6        0.000163267         2.5118e-05         2.7969e-05             101325             1.1135         2.7969e-05            304.887                  0         0.00146272        9.78495e-07            99.3844        3.21512e-07        6.36818e-16        2.65318e-12           0.222184        1.67537e-11        0.000235753        1.98182e-07        1.89634e-15        1.00227e-16        2.21077e-06          0.0445337        1.06888e-05        0.000272204        1.39337e-15        1.16214e-06        2.40546e-19            0.73276
7        0.000188385         2.5118e-05        2.77178e-05             101325            1.10351        2.77178e-05            307.647                  0         0.00233813        1.84457e-06            246.219        5.55478e-07        1.09203e-15        1.68447e-12           0.221948        2.78099e-11        0.000370316        3.03531e-07         4.9248e-15        2.63323e-16        3.50829e-06          0.0444717        1.88439e-05        0.000424779        3.72057e-15        1.94201e-06        6.68422e-19            0.73276
8        0.000213503         2.5118e-05        2.73571e-05             101325            1.08915        2.73571e-05              311.7                  0          0.0036584        3.61834e-06            588.667        9.43239e-07        2.23447e-15        9.08232e-13           0.221601        4.63915e-11        0.000568997        4.56661e-07        1.25205e-14        6.80538e-16        5.44712e-06          0.0443798        3.26869e-05          0.0006476        9.80983e-15        3.18298e-06        1.87262e-18            0.73276
9        0.000238621         2.5118e-05        2.68582e-05             101325            1.06928        2.68582e-05            317.485                  0         0.00559579        7.40872e-06            1352.45        1.57176e-06        5.35905e-15        4.10941e-13           0.221103        7.82732e-11        0.000854549        6.75626e-07        3.12932e-14        1.73954e-15        8.26729e-06          0.0442474        5.56849e-05        0.000963616        2.56993e-14        5.11079e-06        5.35461e-18            0.73276
10        0.000263739         2.5118e-05        2.61956e-05             101325             1.0429        2.61956e-05            325.507                  0         0.00836011        1.58276e-05            2979.39         2.5657e-06        1.40477e-14        1.56316e-13           0.220409        1.34572e-10          0.0012538        9.84717e-07        7.73062e-14        4.42585e-15        1.22567e-05          0.0440617        9.29736e-05         0.00139845        6.73804e-14        8.02937e-06        1.58259e-17            0.73276
11        0.000288857         2.5118e-05        2.53531e-05             101325            1.00936        2.53531e-05            336.309                  0          0.0121922        3.51908e-05            6289.54        4.09517e-06         3.8436e-14        5.17268e-14           0.219469        2.37174e-10         0.00179661        1.41708e-06        1.89614e-13        1.12624e-14        1.77405e-05          0.0438084        0.000151797         0.00197852        1.77845e-13        1.23273e-05         4.8784e-17            0.73276
12        0.000313975         2.5118e-05        2.43301e-05             101325           0.968631        2.43301e-05            350.428                  0          0.0173507        8.10608e-05            12733.4        6.37946e-06        1.07785e-13        1.95843e-14           0.218231        4.29534e-10         0.00251416        2.01851e-06        4.62579e-13        2.87007e-14        2.50619e-05          0.0434724        0.000241817         0.00272853        4.73611e-13        1.84729e-05        1.57124e-16            0.73276
13        0.000339093         2.5118e-05        2.31441e-05             101325           0.921417        2.31441e-05             368.35                  0          0.0240924         0.00019218            24776.2        9.68399e-06         3.0666e-13        2.40048e-14           0.216646        7.97077e-10         0.00343692        2.85252e-06        1.12007e-12          7.298e-14        3.45574e-05          0.0430385        0.000375136         0.00366896        1.26917e-12        2.69955e-05        5.24855e-16            0.73276
14         0.00036421         2.5118e-05        2.18304e-05             101325           0.869114        2.18304e-05            390.466                  0          0.0326519        0.000464605            46491.7         1.4309e-05        8.75447e-13        8.08681e-14           0.214671        1.50287e-09         0.00459266        4.00647e-06        2.67555e-12         1.8361e-13        4.65332e-05          0.0424929        0.000565937         0.00481412        3.39729e-12        3.84518e-05        1.79036e-15            0.73276
15        0.000389328         2.5118e-05        2.04353e-05             101325           0.813572        2.04353e-05            417.046                  0          0.0432228         0.00113141            84508.5        2.05712e-05         2.4802e-12        3.31345e-13            0.21227        2.84422e-09         0.00600508        5.59815e-06        6.25239e-12        4.51935e-13        6.12482e-05          0.0418234        0.000829741         0.00617145        8.99321e-12        5.33859e-05        6.11933e-15            0.73276
16        0.000414446         2.5118e-05        1.90087e-05             101325           0.756775        1.90087e-05            448.238                  0          0.0559491         0.00273662             149567        2.87823e-05        6.93164e-12        1.42186e-12           0.209415        5.33078e-09         0.00769322        7.78239e-06        1.41727e-11        1.07597e-12        7.89104e-05          0.0410198         0.00118243         0.00774222        2.33146e-11        7.22906e-05        2.06157e-14            0.73276
17        0.000439564         2.5118e-05         1.7596e-05             101325           0.700533         1.7596e-05            484.075                  0           0.070925         0.00648238             259121        3.92301e-05         1.9159e-11        6.20837e-12           0.206086        9.77912e-09         0.00967178         1.0757e-05        3.09784e-11        2.45678e-12        9.96859e-05          0.0400744          0.0016393         0.00952316        5.88083e-11        9.55787e-05        6.79136e-14            0.73276
18        0.000464682         2.5118e-05        1.62333e-05             101325           0.646283        1.62333e-05            524.507                  0          0.0882048          0.0148571             441675        5.21654e-05        5.30366e-11        2.71442e-11            0.20227        1.74286e-08           0.011952         1.4768e-05        6.52664e-11        5.36524e-12        0.000123719          0.0389807         0.00221427          0.0115086        1.44216e-10        0.000123568        2.19752e-13            0.73276
19          0.0004898         2.5118e-05        1.49457e-05             101325           0.595021        1.49457e-05            569.426                  0           0.107817          0.0326891             744315         6.7796e-05        1.49435e-10        1.17381e-10           0.197956        3.01594e-08          0.0145428        2.01129e-05        1.33699e-10        1.12765e-11        0.000151157          0.0377338         0.00291947          0.0136926        3.46126e-10        0.000156477        7.09998e-13            0.73276
20        0.000514918         2.5118e-05        1.37477e-05             101325           0.547325        1.37477e-05              618.7                  0           0.129777          0.0689649        1.24734e+06        8.62878e-05        4.32709e-10        4.96492e-10           0.193134         5.1166e-08          0.0174517        2.71421e-05        2.72374e-10        2.32532e-11        0.000182176          0.0363294          0.0037651            0.01607        8.24794e-10         0.00019443        2.33683e-12            0.73276
21        0.000540036         2.5118e-05        1.26455e-05             101325           0.503443        1.26455e-05            672.187                  0           0.154102           0.140788        2.09844e+06        0.000107769        1.28248e-09        2.03085e-09           0.187795        8.72666e-08          0.0206857        3.62533e-05        5.73871e-10        4.87444e-11        0.000217008          0.0347637         0.00475949          0.0186378        1.99025e-09         0.00023746         7.9091e-12            0.73276
22        0.000565154         2.5118e-05        1.16392e-05             101325           0.463381        1.16392e-05             729.75                  0           0.180815           0.285146        3.60443e+06        0.000132337        3.82946e-09        7.94049e-09            0.18193        1.56389e-07          0.0242515        4.78755e-05         1.3093e-09        1.08709e-10         0.00025597          0.0330328         0.00590927          0.0213948        4.95217e-09        0.000285513        2.72648e-11            0.73276
23        0.000590272         2.5118e-05        1.07252e-05             101325           0.426991        1.07252e-05            791.263                  0           0.209949           0.599239        6.48814e+06        0.000160062        1.12971e-08        2.93646e-08           0.175529        3.09994e-07          0.0281557        6.24256e-05        3.31047e-09        2.65962e-10        0.000299498          0.0311331         0.00721944           0.024342        1.27929e-08        0.000338449        9.36037e-11            0.73276
24         0.00061539         2.5118e-05        9.89747e-06             101325            0.39404        9.89747e-06            856.608                  0           0.241541            1.37654         1.2588e+07        0.000190994        3.24023e-08        1.01895e-07           0.168584        6.95132e-07          0.0324037        8.02195e-05         9.0813e-09        7.06846e-10        0.000348215          0.0290616         0.00869344          0.0274813        3.39774e-08        0.000396036        3.12693e-10            0.73276
25        0.000640508         2.5118e-05        9.14927e-06             101325           0.364252        9.14927e-06             925.67                  0           0.275633            3.53113        2.66581e+07         0.00022516        8.94991e-08        3.30366e-07           0.161089        1.71318e-06          0.0369987          0.0001013        2.57687e-08        1.95736e-09        0.000402983          0.0268157          0.0103327          0.0308146        9.07826e-08        0.000457927        9.99281e-10            0.73276
26        0.000665626         2.5118e-05        8.47351e-06             101325           0.337349        8.47351e-06            998.317                  0           0.312251            9.79684           6.07e+07        0.000262552        2.37187e-07        1.00034e-06           0.153045        4.39552e-06          0.0419388         0.00012514        7.24097e-08        5.40502e-09         0.00046487          0.0243952           0.012136          0.0343425        2.38154e-07        0.000523596        3.02319e-09            0.73276
27        0.000690744         2.5118e-05        7.86359e-06             101325           0.313066        7.86359e-06            1074.37                  0            0.35139            27.7676        1.43644e+08        0.000303102         6.0271e-07        2.83547e-06           0.144467        1.12242e-05          0.0472136        0.000150177        1.95878e-07        1.44367e-08        0.000534705          0.0218036          0.0140977          0.0380623        6.01109e-07        0.000592172        8.60474e-09            0.73276
28        0.000715862         2.5118e-05        7.31367e-06             101325           0.291173        7.31367e-06            1153.54                  0           0.392984            76.7097        3.41006e+08        0.000346649        1.46757e-06        7.55289e-06           0.135377        2.77778e-05           0.052803        0.000173282        5.01895e-07        3.66342e-08        0.000611689          0.0190494          0.0162079          0.0419705        1.43854e-06        0.000662111        2.29437e-08           0.732759
29         0.00074098         2.5118e-05        6.81911e-06             101325           0.271483        6.81911e-06            1235.33                  0           0.436916            200.579        7.89446e+08        0.000392784        3.41253e-06        1.89677e-05           0.125813        6.56573e-05          0.0586702        0.000189551        1.20387e-06        8.72083e-08        0.000690217          0.0161514          0.0184481          0.0460636        3.22492e-06         0.00073034        5.70002e-08           0.732758
30        0.000766098         2.5118e-05          6.377e-06             101325           0.253882          6.377e-06            1318.81                  0           0.482984            486.611        1.74064e+09        0.000440396        7.51634e-06        4.49309e-05           0.115849        0.000146644          0.0647377        0.000193413        2.66226e-06        1.91746e-07        0.000754789          0.0131539          0.0207789          0.0503353        6.67091e-06        0.000790284        1.30413e-07           0.732758
31        0.000791216         2.5118e-05        5.98721e-06             101325           0.238364        5.98721e-06            1402.21                  0           0.530744             1073.5        3.56359e+09        0.000486726        1.54657e-05        0.000100068           0.105648        0.000305907          0.0708493         0.00018153        5.28087e-06        3.79022e-07        0.000776547          0.0101498          0.0231125          0.0547713        1.24282e-05        0.000828326        2.67949e-07           0.732757
32        0.000816334         2.5118e-05        5.65329e-06             101325           0.225069        5.65329e-06            1482.38                  0           0.579285            2097.74        6.55495e+09         0.00052589        2.91298e-05         0.00020786          0.0955317        0.000587076          0.0767234        0.000155254        8.94485e-06        6.42185e-07        0.000722061          0.0073039          0.0252657          0.0593424        2.00606e-05        0.000820404        4.71004e-07           0.732756
33        0.000841452         2.5118e-05        5.38174e-06             101325           0.214259        5.38174e-06            1554.61                  0           0.626955             3510.6        1.03608e+10        0.000548416        4.90217e-05        0.000396896          0.0860383         0.00101822          0.0819504        0.000120558        1.20697e-05        8.72343e-07        0.000584098         0.00484103          0.0269266          0.0639924         2.6663e-05        0.000739454        6.60467e-07           0.732756
34         0.00086657         2.5118e-05        5.17685e-06             101325           0.206102        5.17685e-06            1614.12                  0           0.671349             4871.4        1.33797e+10        0.000546167        7.24986e-05        0.000681484          0.0778021         0.00157324          0.0861249         8.5841e-05        1.23877e-05        9.08165e-07        0.000406684         0.00295516          0.0277432          0.0686259        2.81025e-05        0.000586081        7.05039e-07           0.732756
35        0.000891688         2.5118e-05        5.03331e-06             101325           0.200387        5.03331e-06            1659.05                  0           0.710104             5553.3        1.37605e+10        0.000521915        9.48665e-05         0.00103129          0.0712385         0.00216301           0.089076        5.78014e-05        9.97612e-06        7.45123e-07        0.000250793         0.00168788          0.0275702          0.0731093        2.37747e-05        0.000407485        5.89737e-07           0.732756
36        0.000916806         2.5118e-05        4.93643e-06             101325            0.19653        4.93643e-06            1691.41                  0           0.742155            5351.27        1.16244e+10        0.000488589        0.000112832         0.00137865          0.0663431          0.0026909          0.0909461        3.85635e-05        6.80938e-06        5.18279e-07        0.000143406        0.000923134          0.0265887          0.0773077        1.70607e-05        0.000256202        4.16222e-07           0.732757
37        0.000941924         2.5118e-05        4.86998e-06             101325           0.193884        4.86998e-06            1714.96                  0           0.768018            4607.18        8.61659e+09         0.00045781         0.00012561         0.00166744          0.0628098         0.00310905          0.0920387        2.66829e-05        4.23342e-06        3.27576e-07        7.88781e-05        0.000492941          0.0251359          0.0811316        1.10422e-05        0.000151343        2.65924e-07           0.732758
38        0.000967042         2.5118e-05         4.8218e-06             101325           0.191966         4.8218e-06            1732.97                  0           0.788928            3745.65        5.99227e+09        0.000434245        0.000133805         0.00187767          0.0602615         0.00341749           0.092645        1.97264e-05        2.50776e-06        1.96717e-07        4.26105e-05        0.000260161          0.0235033          0.0845495        6.73975e-06        8.63695e-05        1.60987e-07           0.732758
39         0.00099216         2.5118e-05        4.78437e-06             101325           0.190476        4.78437e-06            1747.61                  0           0.806103            2989.71        4.13061e+09        0.000417678        0.000138362         0.00201505          0.0583838           0.003637          0.0929752        1.57159e-05        1.44944e-06        1.14982e-07        2.28499e-05        0.000136654           0.021873          0.0875714        3.98296e-06        4.84032e-05        9.46859e-08           0.732759
40         0.00101728         2.5118e-05        4.75344e-06             101325           0.189245        4.75344e-06            1760.15                  0           0.820483            2394.52        2.93751e+09        0.000406171        0.000140153         0.00209458          0.0569545         0.00379043          0.0931607        1.33755e-05        8.27561e-07        6.62585e-08        1.22325e-05        7.17204e-05          0.0203381          0.0902285        2.31375e-06        2.68825e-05        5.48343e-08           0.732759
41          0.0010424         2.5118e-05        4.72668e-06             101325           0.188179        4.72668e-06            1771.31                  0            0.83274            1943.04        2.20498e+09        0.000397735        0.000139885         0.00213151          0.0558274         0.00389628          0.0932775        1.19603e-05         4.6989e-07        3.79084e-08        6.55842e-06        3.76982e-05          0.0189371          0.0925601        1.33362e-06        1.48737e-05        3.14997e-08           0.732759
42         0.00106751         2.5118e-05        4.70282e-06             101325           0.187229        4.70282e-06            1781.48                  0           0.843343            1601.34        1.75621e+09         0.00039087        0.000138103         0.00213824          0.0549092         0.00396791          0.0933671        1.10542e-05        2.66342e-07        2.16203e-08        3.52823e-06        1.98739e-05          0.0176786          0.0946066        7.67802e-07        8.22368e-06        1.80258e-08            0.73276
43         0.00109263         2.5118e-05        4.68111e-06             101325           0.186365        4.68111e-06             1790.9                  0           0.852626            1338.93        1.47269e+09        0.000384597        0.000135225         0.00212395          0.0541402         0.00401461          0.0934508        1.04302e-05        1.51039e-07        1.23214e-08        1.90678e-06        1.05182e-05          0.0165566          0.0964062        4.44106e-07         4.5524e-06        1.03019e-08            0.73276
44         0.00111775         2.5118e-05        4.66112e-06             101325           0.185569        4.66112e-06            1799.69                  0           0.860834            1133.21        1.28313e+09        0.000378345        0.000131567          0.0020952          0.0534819         0.00404277          0.0935388         9.9649e-06        8.58056e-08        7.02663e-09        1.03598e-06        5.59208e-06          0.0155589          0.0979934        2.59654e-07        2.52612e-06        5.88889e-09            0.73276
45         0.00114287         2.5118e-05        4.64258e-06             101325           0.184831        4.64258e-06            1807.95                  0           0.868152            968.526        1.14697e+09         0.00037182        0.000127369         0.00205656          0.0529082         0.00405679          0.0936348        9.59155e-06        4.88704e-08        4.01329e-09        5.66123e-07        2.98793e-06          0.0146711          0.0993987        1.54566e-07        1.40615e-06        3.37014e-09            0.73276
46         0.00116799         2.5118e-05        4.62528e-06             101325           0.184142        4.62528e-06            1815.74                  0           0.874726            834.271        1.04181e+09        0.000364903        0.000122815         0.00201123          0.0524015         0.00405981            0.09374        9.27353e-06        2.79166e-08         2.2969e-09        3.11235e-07        1.60497e-06          0.0138791           0.100649        9.45007e-08        7.85536e-07        1.93198e-09            0.73276
47          0.0011931         2.5118e-05        4.60908e-06             101325           0.183497        4.60908e-06             1823.1                  0           0.880671            723.213        9.55474e+08        0.000357575        0.000118045         0.00196148          0.0519488         0.00405408          0.0938535        8.99056e-06        1.59975e-08        1.31764e-09        1.72162e-07        8.66881e-07          0.0131698           0.101766        5.99332e-08        4.40529e-07        1.10978e-09            0.73276
48         0.00121822         2.5118e-05        4.59385e-06             101325           0.182891        4.59385e-06            1830.09                  0           0.886082            630.306        8.81333e+08        0.000349873        0.000113164         0.00190887          0.0515408         0.00404125          0.0939741        8.73113e-06        9.19698e-09        7.57761e-10        9.58223e-08        4.70876e-07          0.0125314           0.102771        3.98131e-08        2.48036e-07        6.38894e-10            0.73276
49         0.00124334         2.5118e-05        4.57952e-06             101325            0.18232        4.57952e-06            1836.72                  0           0.891038            551.915         8.1573e+08        0.000341857        0.000108253         0.00185457          0.0511702         0.00402262          0.0941003        8.48856e-06         5.3044e-09        4.36892e-10        5.36599e-08        2.57244e-07          0.0119537            0.10368        2.78996e-08         1.4022e-07        3.68651e-10            0.73276
50         0.00126846         2.5118e-05        4.56598e-06             101325           0.181781        4.56598e-06            1843.03                  0           0.895602            485.333        7.56591e+08        0.000333596        0.000103372         0.00179939          0.0508312         0.00399917          0.0942307        8.25876e-06          3.069e-09        2.52539e-10        3.02297e-08        1.41349e-07          0.0114281           0.104506        2.06701e-08        7.95901e-08        2.13211e-10            0.73276
51         0.00129358         2.5118e-05        4.55316e-06             101325           0.181271        4.55316e-06            1849.05                  0           0.899829             428.48        7.02672e+08        0.000325159        9.85657e-05         0.00174394          0.0505192         0.00397168           0.094364        8.03915e-06         1.7811e-09        1.46348e-10        1.71298e-08        7.81171e-08          0.0109469           0.105262        1.61335e-08        4.53573e-08        1.23598e-10            0.73276
52         0.00131869         2.5118e-05        4.54101e-06             101325           0.180787        4.54101e-06             1854.8                  0           0.903766            379.715        6.53178e+08        0.000316607        9.38653e-05         0.00168867          0.0502305         0.00394079          0.0944991        7.82801e-06        1.03674e-09        8.50239e-11        9.76169e-09          4.342e-08          0.0105039           0.105959        1.31623e-08        2.59512e-08        7.18147e-11            0.73276
53         0.00134381         2.5118e-05        4.52946e-06             101325           0.180328        4.52946e-06             1860.3                  0           0.907451            337.717        6.07553e+08        0.000307995        8.92943e-05          0.0016339          0.0499621         0.00390702          0.0946351        7.62412e-06        6.05207e-10        4.95195e-11        5.59326e-09        2.42716e-08          0.0100936           0.106603        1.11155e-08        1.49067e-08        4.18226e-11            0.73276
54         0.00136893         2.5118e-05        4.51846e-06             101325            0.17989        4.51846e-06            1865.58                  0           0.910916            301.405        5.65379e+08        0.000299368        8.48681e-05         0.00157986          0.0497112         0.00387079          0.0947711        7.42656e-06        3.54285e-10        2.89123e-11         3.2217e-09        1.36439e-08         0.00971158           0.107204        9.62681e-09        8.59652e-09        2.44118e-11            0.73276
55         0.00139405         2.5118e-05        4.50797e-06             101325           0.179472        4.50797e-06            1870.63                  0           0.914189             269.89        5.26317e+08        0.000290767        8.05967e-05         0.00152673          0.0494758         0.00383247          0.0949067        7.23464e-06        2.07964e-10        1.69222e-11         1.8651e-09        7.71203e-09         0.00935389           0.107766        8.48515e-09        4.97756e-09        1.42817e-11            0.73276
56         0.00141916         2.5118e-05        4.49794e-06             101325           0.179073        4.49794e-06             1875.5                  0           0.917293            242.431        4.90083e+08         0.00028222        7.64857e-05         0.00147464           0.049254         0.00379234          0.0950412        7.04778e-06        1.22403e-10        9.92878e-12        1.08502e-09        4.38276e-09         0.00901729           0.108295        7.56781e-09        2.89428e-09        8.37449e-12            0.73276
57         0.00144428         2.5118e-05        4.48835e-06             101325           0.178691        4.48835e-06            1880.18                  0           0.920248             218.41        4.56428e+08        0.000273754        7.25375e-05         0.00142366          0.0490442         0.00375067          0.0951744        6.86554e-06        7.22357e-11        5.83997e-12        6.34185e-10        2.50399e-09         0.00869906           0.108795        6.80229e-09        1.69061e-09        4.92205e-12            0.73276
58          0.0014694         2.5118e-05        4.47915e-06             101325           0.178325        4.47915e-06            1884.68                  0           0.923072            197.311        4.25131e+08        0.000265388         6.8752e-05         0.00137385          0.0488452         0.00370765           0.095306        6.68751e-06        4.27431e-11         3.4436e-12        3.72375e-10        1.43807e-09         0.00839688           0.109269        6.14493e-09        9.92597e-10        2.89977e-12            0.73276
59         0.00149452         2.5118e-05        4.47032e-06             101325           0.177973        4.47032e-06            1889.04                  0           0.925779            178.702        3.95997e+08        0.000257137        6.51276e-05         0.00132526          0.0486557         0.00366346          0.0954357        6.51338e-06        2.53595e-11        2.03574e-12        2.19622e-10        8.30142e-10         0.00810879           0.109722         5.5687e-09        5.86317e-10        1.71253e-12            0.73276
60         0.00151964         2.5118e-05        4.46183e-06             101325           0.177635        4.46183e-06            1893.24                  0           0.928381             162.22        3.68849e+08        0.000249014        6.16611e-05         0.00127789          0.0484749         0.00361826          0.0955634        6.34285e-06        1.50865e-11        1.20661e-12        1.30096e-10        4.81631e-10         0.00783315           0.110155         5.0563e-09        3.48936e-10        1.01392e-12            0.73276
61         0.00154475         2.5118e-05        4.45366e-06             101325            0.17731        4.45366e-06             1897.3                  0           0.930888            147.562        3.43529e+08        0.000241027        5.83485e-05         0.00123175          0.0483019         0.00357217          0.0956889        6.17569e-06        8.99978e-12        7.17097e-13        7.73945e-11        2.80826e-10         0.00756855           0.110571        4.59621e-09        2.09676e-10        6.01868e-13            0.73276
62         0.00156987         2.5118e-05        4.44579e-06             101325           0.176997        4.44579e-06            1901.23                  0            0.93331            134.471        3.19895e+08        0.000233183        5.51854e-05         0.00118684          0.0481359         0.00352531          0.0958123         6.0117e-06        5.38389e-12        4.27356e-13        4.62376e-11        1.64548e-10         0.00731383           0.110971        4.18036e-09        1.27616e-10        3.58244e-13            0.73276
63         0.00159499         2.5118e-05         4.4382e-06             101325           0.176694         4.4382e-06            1905.04                  0           0.935654            122.734        2.97816e+08        0.000225486        5.21668e-05         0.00114314          0.0479765         0.00347775          0.0959333        5.85069e-06        3.23009e-12        2.55414e-13        2.77401e-11        9.68872e-11           0.007068           0.111358        3.80284e-09        7.90156e-11        2.13843e-13            0.73276
64         0.00162011         2.5118e-05        4.43088e-06             101325           0.176403        4.43088e-06            1908.74                  0           0.937927             112.17        2.77179e+08         0.00021794        4.92876e-05         0.00110065          0.0478231          0.0034296          0.0960522        5.69253e-06        1.94368e-12        1.53104e-13        1.67126e-11        5.73248e-11         0.00683023           0.111731        3.45913e-09        5.00579e-11        1.28031e-13            0.73276
65         0.00164523         2.5118e-05         4.4238e-06             101325           0.176121         4.4238e-06            1912.32                  0           0.940133            102.628        2.57878e+08        0.000210547        4.65427e-05         0.00105934          0.0476752         0.00338091          0.0961687        5.53709e-06        1.17318e-12        9.20577e-14        1.01113e-11        3.40811e-11          0.0065998           0.112093        3.14558e-09        3.26734e-11        7.68972e-14            0.73276
66         0.00167034         2.5118e-05        4.41695e-06             101325           0.175848        4.41695e-06            1915.79                  0           0.942279            93.9794        2.39819e+08        0.000203309         4.3927e-05          0.0010192          0.0475325         0.00333175          0.0962829        5.38427e-06        7.10367e-13        5.55286e-14        6.14344e-12        2.03601e-11         0.00637615           0.112445        2.85922e-09        2.21347e-11         4.6342e-14            0.73276
67         0.00169546         2.5118e-05        4.41033e-06             101325           0.175585        4.41033e-06            1919.17                  0           0.944367            86.1165        2.22916e+08        0.000196225        4.14353e-05        0.000980195          0.0473947         0.00328217          0.0963949        5.23399e-06        4.31541e-13        3.36053e-14        3.74863e-12         1.2222e-11         0.00615878           0.112786        2.59748e-09         1.5663e-11        2.80291e-14            0.73276
68         0.00172058         2.5118e-05        4.40393e-06             101325            0.17533        4.40393e-06            1922.45                  0           0.946401             78.948        2.07092e+08        0.000189298         3.9063e-05        0.000942315          0.0472615         0.00323224          0.0965045        5.08619e-06        2.63045e-13        2.04071e-14        2.29726e-12        7.37246e-12         0.00594728           0.113118        2.35817e-09        1.16193e-11        1.70192e-14            0.73276
69          0.0017457         2.5118e-05        4.39772e-06             101325           0.175083        4.39772e-06            1925.64                  0           0.948384            72.3964        1.92276e+08        0.000182527        3.68051e-05        0.000905536          0.0471326         0.00318198           0.096612        4.94083e-06        1.60901e-13        1.24364e-14        1.41401e-12        4.46888e-12         0.00574132           0.113442        2.13935e-09        9.03371e-12        1.03781e-14            0.73276
70         0.00177082         2.5118e-05        4.39171e-06             101325           0.174844        4.39171e-06            1928.73                  0           0.950318            66.3957        1.78404e+08        0.000175912        3.46572e-05        0.000869836          0.0470079         0.00313146          0.0967171        4.79788e-06        9.87766e-14         7.6067e-15         8.7424e-13        2.72219e-12         0.00554062           0.113757        1.93929e-09         7.3301e-12        6.35818e-15            0.73276
71         0.00179593         2.5118e-05        4.38589e-06             101325           0.174612        4.38589e-06            1931.75                  0           0.952205            60.8898        1.65416e+08        0.000169452        3.26149e-05        0.000835196          0.0468872         0.00308071          0.0968201        4.65733e-06        6.08651e-14        4.67025e-15        5.42966e-13        1.66644e-12         0.00534496           0.114065        1.75644e-09        6.16498e-12        3.91573e-15            0.73276
72         0.00182105         2.5118e-05        4.38025e-06             101325           0.174387        4.38025e-06            1934.67                  0           0.954046            55.8303        1.53261e+08        0.000163148         3.0674e-05        0.000801596          0.0467704         0.00302977          0.0969209        4.51918e-06        3.76487e-14        2.87858e-15        3.38777e-13        1.02527e-12         0.00515415           0.114365         1.5894e-09        5.33268e-12        2.42577e-15            0.73276
73         0.00184617         2.5118e-05        4.37479e-06             101325            0.17417        4.37479e-06            1937.52                  0           0.955844            51.1754        1.41886e+08           0.000157        2.88305e-05        0.000769019          0.0466573         0.00297868          0.0970194        4.38344e-06        2.33802e-14         1.7814e-15        2.12368e-13        6.33989e-13         0.00496806           0.114657         1.4369e-09         4.7095e-12        1.51288e-15            0.73276
74         0.00187129         2.5118e-05        4.36949e-06             101325           0.173959        4.36949e-06            1940.28                  0           0.957598            46.8893        1.31248e+08        0.000151006        2.70806e-05        0.000737446          0.0465479         0.00292749          0.0971158        4.25015e-06        1.45785e-14        1.10698e-15        1.33762e-13        3.94048e-13         0.00478656           0.114942        1.29776e-09         4.2206e-12        9.50873e-16            0.73276
75         0.00189641         2.5118e-05        4.36436e-06             101325           0.173754        4.36436e-06            1942.97                  0            0.95931            42.9403        1.21302e+08        0.000145168        2.54206e-05        0.000706862          0.0464421         0.00287623          0.0972101        4.11933e-06        9.12828e-15        6.90812e-16        8.46613e-14        2.46189e-13         0.00460958            0.11522        1.17093e-09        3.82045e-12        6.03048e-16            0.73276
76         0.00192152         2.5118e-05        4.35939e-06             101325           0.173556        4.35939e-06            1945.58                  0           0.960981            39.3008        1.12011e+08        0.000139484         2.3847e-05         0.00067725          0.0463397         0.00282494          0.0973022        3.99103e-06        5.74017e-15        4.32985e-16        5.38491e-14         1.5462e-13         0.00443704           0.115491        1.05541e-09         3.4811e-12        3.86496e-16            0.73276
77         0.00194664         2.5118e-05        4.35457e-06             101325           0.173365        4.35457e-06            1948.12                  0            0.96261            35.9465        1.03336e+08        0.000133955        2.23564e-05        0.000648596          0.0462408         0.00277368          0.0973921         3.8653e-06        3.62547e-15        2.72598e-16         3.4423e-14        9.76273e-14          0.0042689           0.115755        9.50317e-10         3.1852e-12         2.5076e-16            0.73276
78         0.00197176         2.5118e-05        4.34991e-06             101325           0.173179        4.34991e-06            1950.58                  0           0.964199            32.8554         9.5243e+07         0.00012858        2.09455e-05        0.000620886          0.0461453         0.00272248            0.09748         3.7422e-06        2.30013e-15        1.72407e-16        2.21174e-14        6.19746e-14         0.00410513           0.116013        8.54801e-10        2.92187e-12        1.65019e-16            0.73276
79         0.00199688         2.5118e-05        4.34539e-06             101325           0.172999        4.34539e-06            1952.97                  0           0.965746            30.0082        8.76997e+07        0.000123359        1.96112e-05        0.000594105          0.0460531         0.00267138          0.0975657         3.6218e-06        1.46599e-15         1.0955e-16        1.42845e-14        3.95569e-14         0.00394571           0.116263        7.68092e-10        2.68411e-12        1.10372e-16            0.73276
80           0.002022         2.5118e-05        4.34103e-06             101325           0.172826        4.34103e-06            1955.29                  0           0.967254            27.3871        8.06752e+07        0.000118293        1.83503e-05        0.000568241          0.0459642         0.00262043          0.0976493        3.50415e-06        9.38736e-16        6.99418e-17        9.27418e-15        2.53878e-14         0.00379062           0.116507        6.89473e-10        2.46736e-12        7.51775e-17            0.73276
81         0.00204711         2.5118e-05        4.33681e-06             101325           0.172658        4.33681e-06            1957.54                  0           0.968721             24.976        7.41404e+07         0.00011338          1.716e-05        0.000543279          0.0458785         0.00256968          0.0977307        3.38934e-06        6.03986e-16        4.48712e-17         6.0534e-15        1.63853e-14         0.00363986           0.116744        6.18277e-10         2.2685e-12        5.22365e-17            0.73276
82         0.00207223         2.5118e-05        4.33273e-06             101325           0.172495        4.33273e-06            1959.71                  0           0.970148            22.7601        6.80677e+07         0.00010862        1.60374e-05        0.000519208          0.0457961         0.00251917          0.0978101        3.27743e-06        3.90501e-16        2.89297e-17        3.97252e-15        1.06349e-14         0.00349341           0.116974        5.53889e-10        2.08535e-12        3.70729e-17            0.73276
83         0.00209735         2.5118e-05        4.32879e-06             101325           0.172338        4.32879e-06            1961.82                  0           0.971534            20.7258        6.24309e+07        0.000104014        1.49797e-05        0.000496015          0.0457169         0.00246895          0.0978874         3.1685e-06        2.53726e-16        1.87458e-17        2.62123e-15        6.94213e-15         0.00335129           0.117197        4.95735e-10        1.91629e-12        2.68897e-17            0.73276
84         0.00212247         2.5118e-05        4.32498e-06             101325           0.172187        4.32498e-06            1963.86                  0            0.97288            18.8604         5.7205e+07        9.95596e-05        1.39841e-05        0.000473686          0.0456408         0.00241908          0.0979625        3.06261e-06        1.65689e-16        1.22091e-17        1.73917e-15        4.55783e-15          0.0032135           0.117414        4.43283e-10        1.76009e-12        1.99287e-17            0.73276
85         0.00214759         2.5118e-05        4.32131e-06             101325           0.172041        4.32131e-06            1965.83                  0           0.974187            17.1522         5.2366e+07        9.52572e-05         1.3048e-05        0.000452208          0.0455678         0.00236959          0.0980356        2.95983e-06        1.08753e-16        7.99309e-18        1.16039e-15        3.00991e-15         0.00308002           0.117623        3.96038e-10        1.61571e-12        1.50772e-17            0.73276
86          0.0021727         2.5118e-05        4.31777e-06             101325             0.1719        4.31777e-06            1967.73                  0           0.975452            15.5899        4.78912e+07        9.11058e-05        1.21687e-05        0.000431568          0.0454979         0.00232055          0.0981066        2.86024e-06        7.17538e-17        5.26057e-18        7.78601e-16        1.99942e-15         0.00295086           0.117826        3.53544e-10        1.48232e-12        1.16259e-17            0.73276
87         0.00219782         2.5118e-05        4.31437e-06             101325           0.171764        4.31437e-06            1969.57                  0           0.976678            14.1631        4.37586e+07        8.71044e-05        1.13438e-05        0.000411753          0.0454311         0.00227201          0.0981754        2.76389e-06        4.75923e-17        3.48073e-18        5.25407e-16        1.33607e-15         0.00282601           0.118022        3.15375e-10        1.35914e-12        9.11821e-18            0.73276
88         0.00222294         2.5118e-05        4.31109e-06             101325           0.171634        4.31109e-06            1971.34                  0           0.977864            12.8621        3.99474e+07         8.3252e-05        1.05707e-05        0.000392748          0.0453672         0.00222401          0.0982422        2.67083e-06        3.17358e-17        2.31556e-18        3.56589e-16        8.98159e-16         0.00270546           0.118212        2.81139e-10        1.24549e-12        7.25785e-18            0.73276
89         0.00224806         2.5118e-05        4.30793e-06             101325           0.171508        4.30793e-06            1973.04                  0            0.97901            11.6776        3.64376e+07        7.95471e-05        9.84695e-06         0.00037454          0.0453062          0.0021766          0.0983069        2.58111e-06        2.12773e-17         1.5489e-18        2.43415e-16        6.07424e-16         0.00258919           0.118394        2.50474e-10        1.14075e-12        5.84995e-18            0.73276
90         0.00227318         2.5118e-05         4.3049e-06             101325           0.171387         4.3049e-06            1974.69                  0           0.980116            10.6007        3.32099e+07        7.59884e-05        9.17026e-06        0.000357113          0.0452482         0.00212985          0.0983696        2.49478e-06        1.43439e-17        1.04184e-18        1.67129e-16        4.13296e-16         0.00247718            0.11857        2.23043e-10        1.04434e-12        4.76471e-18            0.73276
91         0.00229829         2.5118e-05        4.30199e-06             101325           0.171272        4.30199e-06            1976.27                  0           0.981182            9.62319        3.02459e+07        7.25741e-05        8.53825e-06        0.000340452          0.0451929          0.0020838          0.0984301        2.41186e-06        9.72384e-18        7.04714e-19        1.15423e-16        2.82928e-16          0.0023694            0.11874        1.98539e-10        9.55691e-13        3.91437e-18            0.73276
92         0.00232341         2.5118e-05         4.2992e-06             101325           0.171161         4.2992e-06            1977.78                  0           0.982209            8.73718        2.75281e+07        6.93024e-05        7.94868e-06        0.000324541          0.0451404         0.00203849          0.0984887        2.33237e-06        6.62913e-18        4.79393e-19        8.01837e-17        1.94872e-16         0.00226582           0.118902        1.76677e-10        8.74288e-13        3.23857e-18            0.73276
93         0.00234853         2.5118e-05        4.29653e-06             101325           0.171054        4.29653e-06            1979.24                  0           0.983198            7.93528        2.50396e+07        6.61712e-05        7.39931e-06        0.000309363          0.0450906         0.00199399          0.0985451        2.25633e-06        4.54524e-18        3.27992e-19        5.60322e-17        1.35048e-16         0.00216639           0.119059        1.57197e-10        7.99632e-13          2.695e-18            0.73276
94         0.00237365         2.5118e-05        4.29397e-06             101325           0.170952        4.29397e-06            1980.63                  0           0.984147            7.21047        2.27644e+07        6.31781e-05        6.88801e-06        0.000294902          0.0450434         0.00195034          0.0985996        2.18373e-06        3.13451e-18        2.25712e-19        3.93873e-17        9.41666e-17         0.00207107           0.119208         1.3986e-10        7.31252e-13        2.25344e-18            0.73276
95         0.00239877         2.5118e-05        4.29153e-06             101325           0.170855        4.29153e-06            1981.97                  0           0.985058            6.55619        2.06871e+07        6.03208e-05        6.41268e-06        0.000281139          0.0449988         0.00190758           0.098652        2.11457e-06        2.17435e-18         1.5624e-19        2.78514e-17        6.60668e-17          0.0019798           0.119352        1.24448e-10        6.68698e-13        1.89182e-18            0.73276
96         0.00242388         2.5118e-05        4.28919e-06             101325           0.170762        4.28919e-06            1983.24                  0           0.985932            5.96623        1.87931e+07        5.75966e-05        5.97128e-06        0.000268058          0.0449567         0.00186576          0.0987025        2.04883e-06        1.51729e-18        1.08793e-19        1.98113e-17        4.66386e-17         0.00189253           0.119489        1.10761e-10        6.11544e-13        1.59375e-18            0.73276
97           0.002449         2.5118e-05        4.28696e-06             101325           0.170673        4.28696e-06            1984.46                  0           0.986768            5.43479        1.70685e+07        5.50025e-05        5.56186e-06        0.000255638           0.044917         0.00182492          0.0987509        1.98646e-06        1.06518e-18        7.62101e-20        1.41762e-17         3.3127e-17         0.00180918            0.11962        9.86197e-11        5.59386e-13        1.34678e-18            0.73276
98         0.00247412         2.5118e-05        4.28484e-06             101325           0.170589        4.28484e-06            1985.63                  0           0.987568            4.95645        1.55002e+07        5.25356e-05        5.18251e-06        0.000243862          0.0448796         0.00178511          0.0987975        1.92744e-06        7.52358e-19        5.37092e-20        1.02042e-17        2.36748e-17         0.00172968           0.119745        8.78582e-11        5.11843e-13         1.1413e-18            0.73276
99         0.00249924         2.5118e-05        4.28282e-06             101325           0.170508        4.28282e-06            1986.74                  0           0.988332            4.52615        1.40756e+07        5.01927e-05        4.83139e-06        0.000232708          0.0448444         0.00174635          0.0988421        1.87169e-06        5.34707e-19        3.80836e-20        7.38884e-18        1.70235e-17         0.00165394           0.119864         7.8328e-11        4.68553e-13        9.69757e-19            0.73276
100         0.00252436         2.5118e-05        4.28089e-06             101325           0.170431        4.28089e-06            1987.79                  0           0.989061            4.13919         1.2783e+07        4.79704e-05        4.50676e-06        0.000222158          0.0448114         0.00170868          0.0988848        1.81916e-06        3.82414e-19        2.71712e-20        5.38201e-18        1.23157e-17         0.00158189           0.119977        6.98944e-11        4.29178e-13        8.26162e-19            0.73276
101         0.00254947         2.5118e-05        4.27906e-06             101325           0.170359        4.27906e-06             1988.8                  0           0.989755            3.79122        1.16112e+07        4.58653e-05         4.2069e-06        0.000212191          0.0447804         0.00167214          0.0989256        1.76978e-06        2.75247e-19         1.9507e-20        3.94347e-18        8.96403e-18         0.00151344           0.120084        6.24361e-11        3.93399e-13        7.05688e-19            0.73276
102         0.00257459         2.5118e-05        4.27733e-06             101325            0.17029        4.27733e-06            1989.75                  0           0.990415            3.47821        1.05499e+07        4.38739e-05         3.9302e-06        0.000202787          0.0447515         0.00163675          0.0989647        1.72345e-06          1.994e-19        1.40934e-20        2.90652e-18        6.56385e-18         0.00144848           0.120186        5.58438e-11        3.60916e-13        6.04413e-19            0.73276
103         0.00259971         2.5118e-05        4.27569e-06             101325           0.170224        4.27569e-06            1990.66                  0           0.991043            3.19649        9.58924e+06        4.19924e-05        3.67512e-06        0.000193924          0.0447244         0.00160253          0.0990019        1.68009e-06        1.45408e-19        1.02473e-20        2.15487e-18        4.83511e-18         0.00138692           0.120283        5.00195e-11        3.31453e-13         5.1913e-19            0.73276
104         0.00262483         2.5118e-05        4.27413e-06             101325           0.170162        4.27413e-06            1991.52                  0           0.991638            2.94267        8.72019e+06         4.0217e-05        3.44017e-06        0.000185582          0.0446991          0.0015695          0.0990373        1.63959e-06        1.06749e-19         7.4992e-21          1.607e-18        3.58279e-18         0.00132866           0.120374        4.48754e-11        3.04748e-13          4.472e-19            0.73276
105         0.00264995         2.5118e-05        4.27266e-06             101325           0.170104        4.27266e-06            1992.33                  0           0.992203            2.71367        7.93427e+06         3.8544e-05        3.22395e-06         0.00017774          0.0446755         0.00153768          0.0990711        1.60185e-06        7.89065e-20        5.52413e-21        1.20545e-18        2.67039e-18         0.00127359           0.120461        4.03332e-11        2.80561e-13        3.86437e-19            0.73276
106         0.00267506         2.5118e-05        4.27127e-06             101325           0.170048        4.27127e-06            1993.09                  0           0.992737            2.50671        7.22362e+06        3.69694e-05        3.02513e-06        0.000170377          0.0446536         0.00150707          0.0991031        1.56676e-06        5.87341e-20        4.09635e-21         9.0953e-19        2.00189e-18         0.00122161           0.120543        3.63227e-11        2.58668e-13         3.3503e-19            0.73276
107         0.00270018         2.5118e-05        4.26996e-06             101325           0.169996        4.26996e-06            1993.82                  0           0.993242            2.31925        6.58101e+06        3.54895e-05        2.84245e-06        0.000163471          0.0446332         0.00147769          0.0991335         1.5342e-06        4.40316e-20        3.05816e-21        6.90259e-19        1.50932e-18          0.0011726            0.12062        3.27819e-11        2.38863e-13         2.9147e-19            0.73276
108          0.0027253         2.5118e-05        4.26873e-06             101325           0.169947        4.26873e-06             1994.5                  0           0.993719            2.14904        5.99978e+06        3.41001e-05        2.67472e-06        0.000157003          0.0446143         0.00144954          0.0991624        1.50405e-06        3.32512e-20        2.29881e-21        5.26905e-19        1.14437e-18         0.00112646           0.120692        2.96553e-11        2.20955e-13        2.54502e-19            0.73276
109         0.00275042         2.5118e-05        4.26756e-06             101325           0.169901        4.26756e-06            1995.14                  0           0.994168            1.99406        5.47383e+06        3.27975e-05        2.52083e-06        0.000150951          0.0445967         0.00142261          0.0991896        1.47619e-06        2.52987e-20        1.74012e-21        4.04555e-19        8.72491e-19         0.00108307            0.12076        2.68939e-11         2.0477e-13        2.23076e-19            0.73276
110         0.00277553         2.5118e-05        4.26647e-06             101325           0.169857        4.26647e-06            1995.75                  0           0.994592             1.8525        4.99761e+06        3.15777e-05        2.37973e-06        0.000145296          0.0445804          0.0013969          0.0992154         1.4505e-06        1.93965e-20        1.32662e-21         3.1243e-19        6.68846e-19         0.00104232           0.120824        2.44543e-11        1.90147e-13        1.96314e-19            0.73276
111         0.00280065         2.5118e-05        4.26545e-06             101325           0.169817        4.26545e-06            1996.31                  0            0.99499            1.72278        4.56604e+06        3.04369e-05        2.25042e-06        0.000140017          0.0445654          0.0013724          0.0992397        1.42685e-06         1.4989e-20        1.01878e-21        2.42697e-19        5.15497e-19          0.0010041           0.120884        2.22981e-11        1.76939e-13        1.73483e-19            0.73276
112         0.00282577         2.5118e-05        4.26449e-06             101325           0.169778        4.26449e-06            1996.85                  0           0.995364            1.60349        4.17457e+06        2.93713e-05          2.132e-06        0.000135095          0.0445515          0.0013491          0.0992627        1.40512e-06        1.16775e-20        7.88222e-22        1.89639e-19        3.99416e-19        0.000968292           0.120941        2.03915e-11        1.65011e-13        1.53968e-19            0.73276
113         0.00285089         2.5118e-05        4.26359e-06             101325           0.169743        4.26359e-06            1997.35                  0           0.995714            1.49343        3.81904e+06        2.83771e-05         2.0236e-06        0.000130511          0.0445386         0.00132697          0.0992842        1.38518e-06        9.17396e-21        6.14525e-22        1.49062e-19        3.11092e-19        0.000934795           0.120993        1.87046e-11        1.54241e-13        1.37255e-19            0.73276
114         0.00287601         2.5118e-05        4.26275e-06             101325           0.169709        4.26275e-06            1997.81                  0           0.996043            1.39153        3.49577e+06        2.74507e-05        1.92442e-06        0.000126246          0.0445268           0.001306          0.0993045        1.36693e-06        7.26955e-21        4.82884e-22        1.17872e-19        2.43547e-19        0.000903494           0.121042         1.7211e-11        1.44519e-13        1.22911e-19            0.73276
115         0.00290112         2.5118e-05        4.26196e-06             101325           0.169678        4.26196e-06            1998.25                  0            0.99635            1.29688        3.20142e+06        2.65884e-05        1.83373e-06        0.000122283          0.0445159         0.00128616          0.0993235        1.35025e-06        5.81187e-21        3.82525e-22        9.37769e-20        1.91636e-19        0.000874283           0.121088        1.58878e-11        1.35742e-13        1.10575e-19            0.73276
116         0.00292624         2.5118e-05        4.26123e-06             101325           0.169649        4.26123e-06            1998.65                  0           0.996638            1.20871        2.93303e+06        2.57868e-05        1.75083e-06        0.000118604          0.0445058         0.00126743          0.0993413        1.33502e-06        4.68917e-21        3.05559e-22        7.50717e-20        1.51548e-19        0.000847057           0.121131        1.47145e-11        1.27819e-13        9.99432e-20            0.73276
117         0.00295136         2.5118e-05        4.26055e-06             101325           0.169621        4.26055e-06            1999.03                  0           0.996906            1.12633        2.68796e+06        2.50425e-05        1.67508e-06        0.000115192          0.0444966         0.00124978           0.099358        1.32114e-06         3.8191e-21        2.46185e-22          6.048e-20        1.20441e-19        0.000821712           0.121171        1.36733e-11        1.20666e-13        9.07591e-20            0.73276
118         0.00297648         2.5118e-05        4.25991e-06             101325           0.169596        4.25991e-06            1999.39                  0           0.997155            1.04919        2.46386e+06        2.43521e-05         1.6059e-06        0.000112032          0.0444881         0.00123317          0.0993736         1.3085e-06        3.14063e-21        2.00112e-22        4.90429e-20        9.61933e-20        0.000798147           0.121208        1.27486e-11        1.14209e-13        8.28083e-20            0.73276
119          0.0030016         2.5118e-05        4.25932e-06             101325           0.169573        4.25932e-06            1999.72                  0           0.997388           0.976818        2.25867e+06        2.37126e-05        1.54275e-06        0.000109107          0.0444803         0.00121757          0.0993881        1.29701e-06        2.60831e-21        1.64151e-22        4.00362e-20         7.7206e-20        0.000776264           0.121242        1.19266e-11        1.08379e-13        7.59097e-20            0.73276
120         0.00302671         2.5118e-05        4.25877e-06             101325           0.169551        4.25877e-06            2000.02                  0           0.997604           0.908799        2.07055e+06        2.31207e-05        1.48511e-06        0.000106404          0.0444732         0.00120294          0.0994017        1.28658e-06        2.18808e-21        1.35919e-22        3.29109e-20        6.22726e-20        0.000755968           0.121274        1.11953e-11        1.03116e-13        6.99108e-20            0.73276
121         0.00305183         2.5118e-05        4.25826e-06             101325           0.169531        4.25826e-06             2000.3                  0           0.997804           0.844802        1.89787e+06        2.25737e-05        1.43254e-06        0.000103907          0.0444667         0.00118926          0.0994143        1.27711e-06        1.85433e-21        1.13628e-22        2.72483e-20        5.04775e-20        0.000737167           0.121304         1.0544e-11        9.83626e-14        6.46828e-20            0.73276
122         0.00307695         2.5118e-05        4.25779e-06             101325           0.169512        4.25779e-06            2000.56                  0            0.99799           0.784544        1.73919e+06        2.20686e-05        1.38459e-06        0.000101604          0.0444607         0.00117647           0.099426        1.26854e-06        1.58766e-21         9.5927e-23        2.27282e-20        4.11224e-20        0.000719772           0.121331         9.9636e-12        9.40705e-14        6.01168e-20            0.73276
123         0.00310207         2.5118e-05        4.25736e-06             101325           0.169495        4.25736e-06            2000.81                  0           0.998163           0.727785        1.59327e+06        2.16028e-05        1.34089e-06        9.94812e-05          0.0444552         0.00116455          0.0994368        1.26077e-06        1.37333e-21        8.17917e-23        1.91043e-20        3.36725e-20        0.000703698           0.121356        9.44585e-12        9.01942e-14        5.61205e-20            0.73276
124         0.00312719         2.5118e-05        4.25696e-06             101325           0.169479        4.25696e-06            2001.03                  0           0.998322           0.674324        1.45896e+06        2.11738e-05        1.30107e-06        9.75268e-05          0.0444502         0.00115345          0.0994469        1.25374e-06        1.20006e-21        7.04411e-23        1.61867e-20        2.77167e-20        0.000688862           0.121379        8.98362e-12        8.66933e-14        5.26159e-20            0.73276
125          0.0031523         2.5118e-05        4.25659e-06             101325           0.169464        4.25659e-06            2001.23                  0           0.998469           0.623987        1.33529e+06        2.07789e-05        1.26481e-06        9.57293e-05          0.0444457         0.00114313          0.0994562        1.24738e-06        1.05919e-21        6.12768e-23        1.38277e-20         2.2937e-20        0.000675186           0.121401        8.57064e-12        8.35312e-14        4.95364e-20            0.73276
126         0.00317742         2.5118e-05        4.25625e-06             101325            0.16945        4.25625e-06            2001.42                  0           0.998605           0.576624        1.22137e+06         2.0416e-05        1.23179e-06        9.40778e-05          0.0444415         0.00113356          0.0994648        1.24164e-06        9.43999e-22         5.3838e-23        1.19127e-20        1.90872e-20        0.000662594           0.121421         8.2014e-12        8.06751e-14        4.68254e-20            0.73276
127         0.00320254         2.5118e-05        4.25593e-06             101325           0.169438        4.25593e-06             2001.6                  0            0.99873           0.532101        1.11641e+06        2.00828e-05        1.20175e-06         9.2562e-05          0.0444377         0.00112469          0.0994728        1.23646e-06        8.49307e-22         4.7768e-23        1.03517e-20         1.5975e-20        0.000651014           0.121439        7.87103e-12        7.80955e-14        4.44347e-20            0.73276
128         0.00322766         2.5118e-05        4.25565e-06             101325           0.169426        4.25565e-06            2001.76                  0           0.998845           0.490298        1.01971e+06        1.97772e-05        1.17443e-06        9.11721e-05          0.0444343         0.00111649          0.0994801        1.23178e-06        7.71049e-22        4.27895e-23        9.07441e-21        1.34504e-20        0.000640379           0.121456        7.57528e-12        7.57657e-14        4.23229e-20            0.73276
129         0.00325278         2.5118e-05        4.25538e-06             101325           0.169416        4.25538e-06            2001.91                  0           0.998951           0.451106             930634        1.94973e-05        1.14959e-06        8.98991e-05          0.0444311         0.00110891          0.0994868        1.22756e-06        7.06041e-22        3.86859e-23        8.02515e-21        1.13954e-20        0.000630623           0.121471        7.31037e-12        7.36619e-14        4.04547e-20            0.73276
130         0.00327789         2.5118e-05        4.25514e-06             101325           0.169406        4.25514e-06            2002.04                  0           0.999048           0.414419             848616        1.92412e-05        1.12702e-06        8.87343e-05          0.0444283         0.00110194           0.099493        1.22376e-06        6.51773e-22        3.52869e-23        7.15997e-21        9.71706e-21        0.000621684           0.121485        7.07298e-12        7.17623e-14        3.87998e-20            0.73276
131         0.00330301         2.5118e-05        4.25492e-06             101325           0.169397        4.25492e-06            2002.17                  0           0.999136           0.380138             773137        1.90071e-05        1.10654e-06        8.76699e-05          0.0444257         0.00109551          0.0994987        1.22033e-06        6.06255e-22        3.24583e-23        6.44392e-21        8.34184e-21        0.000613505           0.121498        6.86018e-12        7.00476e-14        3.73319e-20            0.73276
132         0.00332813         2.5118e-05        4.25472e-06             101325           0.169389        4.25472e-06            2002.28                  0           0.999218           0.348168             703725        1.87935e-05        1.08795e-06        8.66981e-05          0.0444233         0.00108961          0.0995039        1.21724e-06        5.67904e-22        3.00937e-23        5.84916e-21        7.21139e-21        0.000606031            0.12151        6.66937e-12        6.85002e-14        3.60286e-20            0.73276
133         0.00335325         2.5118e-05        4.25453e-06             101325           0.169382        4.25453e-06            2002.38                  0           0.999292           0.318413             639950        1.85987e-05         1.0711e-06        8.58121e-05          0.0444212          0.0010842          0.0995086        1.21447e-06        5.35452e-22        2.81084e-23        5.35338e-21         6.2792e-21         0.00059921            0.12152        6.49827e-12        6.71044e-14        3.48703e-20            0.73276
134         0.00337837         2.5118e-05        4.25436e-06             101325           0.169375        4.25436e-06            2002.48                  0            0.99936           0.290779             581414        1.84213e-05        1.05583e-06        8.50053e-05          0.0444193         0.00107924           0.099513        1.21197e-06        5.07883e-22        2.64347e-23         4.9387e-21        5.50812e-21        0.000592993            0.12153        6.34482e-12        6.58459e-14        3.38402e-20            0.73276
135         0.00340348         2.5118e-05        4.25421e-06             101325           0.169369        4.25421e-06            2002.56                  0           0.999422           0.265175             527754          1.826e-05        1.04202e-06        8.42716e-05          0.0444175         0.00107471          0.0995169        1.20972e-06        4.84372e-22        2.50181e-23        4.59069e-21        4.86836e-21        0.000587336           0.121539        6.20725e-12         6.4712e-14        3.29235e-20            0.73276
136          0.0034286         2.5118e-05        4.25407e-06             101325           0.169364        4.25407e-06            2002.64                  0           0.999479           0.241509             478633        1.81136e-05        1.02953e-06        8.36054e-05          0.0444159         0.00107058          0.0995205        1.20771e-06        4.64255e-22        2.38148e-23        4.29769e-21        4.33597e-21        0.000582196           0.121547        6.08393e-12         6.3691e-14        3.21075e-20            0.73276
137         0.00345372         2.5118e-05        4.25394e-06             101325           0.169359        4.25394e-06            2002.71                  0            0.99953           0.219691             433739        1.79809e-05        1.01825e-06        8.30014e-05          0.0444145         0.00106682          0.0995238         1.2059e-06        4.46987e-22        2.27893e-23        4.05027e-21        3.89167e-21        0.000577534           0.121554        5.97347e-12        6.27726e-14        3.13812e-20            0.73276
138         0.00347884         2.5118e-05        4.25383e-06             101325           0.169354        4.25383e-06            2002.77                  0           0.999576           0.199632             392785        1.78609e-05        1.00809e-06        8.24548e-05          0.0444132          0.0010634          0.0995268        1.20428e-06        4.32126e-22        2.19127e-23        3.84075e-21        3.51985e-21        0.000573314           0.121561        5.87459e-12        6.19474e-14        3.07348e-20            0.73276
139         0.00350396         2.5118e-05        4.25373e-06             101325            0.16935        4.25373e-06            2002.83                  0           0.999618           0.181245             355504        1.77525e-05         9.9894e-07        8.19611e-05          0.0444121         0.00106031          0.0995295        1.20282e-06        4.19308e-22        2.11614e-23        3.66288e-21        3.20791e-21        0.000569502           0.121567        5.78619e-12        6.12072e-14        3.01598e-20            0.73276
140         0.00352907         2.5118e-05        4.25363e-06             101325           0.169346        4.25363e-06            2002.88                  0           0.999656           0.164445             321651        1.76549e-05        9.90724e-07        8.15165e-05          0.0444111         0.00105751          0.0995319        1.20153e-06        4.08232e-22        2.05163e-23        3.51156e-21         2.9456e-21        0.000566067           0.121572        5.70727e-12        6.05444e-14        2.96491e-20            0.73276
141         0.00355419         2.5118e-05        4.25355e-06             101325           0.169343        4.25355e-06            2002.93                  0            0.99969           0.149153             291002        1.75673e-05        9.83367e-07        8.11171e-05          0.0444101         0.00105499          0.0995341        1.20037e-06        3.98654e-22        1.99616e-23        3.38261e-21        2.72462e-21        0.000562981           0.121577        5.63698e-12        5.99524e-14         2.9196e-20            0.73276
142         0.00357931         2.5118e-05        4.25347e-06             101325            0.16934        4.25347e-06            2002.97                  0           0.999721           0.135293             263350        1.74889e-05        9.76799e-07        8.07596e-05          0.0444093         0.00105273           0.099536        1.19934e-06         3.9037e-22        1.94843e-23        3.27265e-21        2.53823e-21        0.000560219           0.121581        5.57454e-12        5.94252e-14        2.87951e-20            0.73276
143         0.00360443         2.5118e-05        4.25341e-06             101325           0.169337        4.25341e-06            2003.01                  0           0.999749           0.122792             238511         1.7419e-05        9.70962e-07        8.04412e-05          0.0444086         0.00105071          0.0995378        1.19844e-06        3.83212e-22         1.9074e-23        3.17888e-21        2.38095e-21        0.000557759           0.121585        5.51929e-12        5.89577e-14        2.84416e-20            0.73276
144         0.00362955         2.5118e-05        4.25335e-06             101325           0.169335        4.25335e-06            2003.04                  0           0.999773           0.111586             216320        1.73572e-05        9.65804e-07        8.01592e-05          0.0444079         0.00104891          0.0995393        1.19764e-06        3.77043e-22        1.87219e-23        3.09905e-21        2.24837e-21         0.00055558           0.121589        5.47066e-12        5.85454e-14        2.81314e-20            0.73276
145         0.00365466         2.5118e-05         4.2533e-06             101325           0.169333         4.2533e-06            2003.07                  0           0.999795           0.101615             196629        1.73029e-05         9.6128e-07        7.99115e-05          0.0444074         0.00104734          0.0995407        1.19694e-06        3.71749e-22         1.8421e-23        3.03131e-21         2.1369e-21        0.000553665           0.121592        5.42815e-12        5.81844e-14        2.78609e-20            0.73276
146         0.00367978         2.5118e-05        4.25325e-06             101325           0.169331        4.25325e-06             2003.1                  0           0.999814          0.0928273             179315        1.72557e-05        9.57353e-07         7.9696e-05          0.0444069         0.00104596          0.0995419        1.19633e-06        3.67241e-22        1.81656e-23        2.97419e-21         2.0437e-21           0.000552           0.121594        5.39136e-12        5.78715e-14        2.76275e-20            0.73276
147          0.0037049         2.5118e-05        4.25321e-06             101325            0.16933        4.25321e-06            2003.12                  0            0.99983          0.0851809             164274        1.72152e-05        9.53993e-07        7.95114e-05          0.0444065         0.00104478          0.0995429        1.19581e-06        3.63447e-22        1.79513e-23        2.92653e-21        1.96651e-21        0.000550574           0.121597        5.35997e-12        5.76041e-14        2.74286e-20            0.73276
148         0.00373002         2.5118e-05        4.25318e-06             101325           0.169328        4.25318e-06            2003.14                  0           0.999844          0.0786418             151427        1.71813e-05        9.51177e-07        7.93566e-05          0.0444061         0.00104379          0.0995437        1.19538e-06        3.60311e-22        1.77747e-23        2.88744e-21         1.9036e-21        0.000549377           0.121599        5.33372e-12        5.73803e-14        2.72627e-20            0.73276
149         0.00375514         2.5118e-05        4.25315e-06             101325           0.169327        4.25315e-06            2003.15                  0           0.999856          0.0731862             140717        1.71537e-05        9.48891e-07        7.92307e-05          0.0444058         0.00104299          0.0995444        1.19503e-06        3.57794e-22        1.76332e-23        2.85626e-21         1.8537e-21        0.000548405             0.1216        5.31245e-12        5.71988e-14        2.71284e-20            0.73276
150         0.00378025         2.5118e-05        4.25313e-06             101325           0.169326        4.25313e-06            2003.16                  0           0.999865          0.0688016             132113        1.71325e-05        9.47128e-07        7.91336e-05          0.0444056         0.00104236           0.099545        1.19476e-06        3.55869e-22        1.75252e-23        2.83254e-21        1.81591e-21        0.000547654           0.121601        5.29607e-12        5.70589e-14        2.70251e-20            0.73276
151         0.00380537         2.5118e-05        4.25312e-06             101325           0.169326        4.25312e-06            2003.17                  0           0.999872          0.0654868             125610        1.71175e-05        9.45889e-07        7.90653e-05          0.0444054         0.00104192          0.0995453        1.19457e-06        3.54525e-22        1.74499e-23        2.81604e-21        1.78969e-21        0.000547126           0.121602        5.28457e-12        5.69606e-14        2.69526e-20            0.73276
152         0.00383049         2.5118e-05        4.25311e-06             101325           0.169325        4.25311e-06            2003.18                  0           0.999877          0.0632543             121230        1.71089e-05         9.4518e-07        7.90262e-05          0.0444054         0.00104167          0.0995455        1.19446e-06         3.5376e-22        1.74071e-23        2.80666e-21        1.77484e-21        0.000546824           0.121603          5.278e-12        5.69045e-14        2.69112e-20            0.73276
