# Time 0.000505
# eta = 0.002
# length = 0.000503016
#--- 	  	 LEM Line data  --- 
#(1) wafer              (2) x             (3) dx              (4) m              (5) p            (6) rho              (7) m              (8) T              (9) Z             (10) C          (11) dCdt       (12) heatRel                  (13) Y_H2                  (14) Y_H                  (15) Y_O                  (16) Y_O2                  (17) Y_OH                  (18) Y_H2O                  (19) Y_HO2                  (20) Y_CH2                  (21) Y_CH2(S)                  (22) Y_CH3                  (23) Y_CH4                  (24) Y_CO                  (25) Y_CO2                  (26) Y_HCO                  (27) Y_CH2O                  (28) Y_CH2OH                  (29) Y_N2
0         1.2559e-05         2.5118e-05        2.83966e-05             101325            1.13053        2.83966e-05            300.297                  0                  0                  0                  0        1.24317e-08        2.93828e-17        3.38165e-12           0.222573        9.67483e-13        1.41393e-05        1.40762e-08        6.47344e-18        3.35058e-19        1.26067e-07          0.0446356         3.7879e-07        1.66814e-05        4.44717e-18         5.1917e-08        7.29311e-22            0.73276
1         3.7677e-05         2.5118e-05        2.83824e-05             101325            1.12997        2.83824e-05            300.448                  0        0.000146089        7.70882e-08            1.36224        1.96693e-08         5.1883e-17        4.08483e-12           0.222561        1.44319e-12         2.1315e-05        2.07816e-08        1.42865e-17        7.39988e-19         1.9112e-07          0.0446323        6.04872e-07        2.51013e-05        9.85704e-18        8.08913e-08         1.6163e-21            0.73276
2        6.27949e-05         2.5118e-05        2.83574e-05             101325            1.12897        2.83574e-05            300.712                  0        0.000212951        1.12664e-07             2.6787        3.36864e-08        9.21874e-17        4.45399e-12           0.222538        2.27602e-12        3.39965e-05         3.2145e-08        3.66099e-17        1.89907e-18        3.07388e-07          0.0446265        1.05011e-06        3.99197e-05        2.54318e-17        1.35434e-07        4.17371e-21            0.73276
3        8.79129e-05         2.5118e-05        2.83143e-05             101325            1.12725        2.83143e-05             301.17                  0        0.000340082        1.82419e-07            6.29172        5.99621e-08        1.59133e-16        4.49931e-12             0.2225        3.73112e-12        5.59635e-05         5.1228e-08        9.97717e-17        5.18703e-18         5.1065e-07          0.0446164        1.89792e-06        6.54845e-05        6.99424e-17        2.35051e-07        1.15162e-20            0.73276
4        0.000113031         2.5118e-05        2.82437e-05             101325            1.12444        2.82437e-05            301.923                  0        0.000559282        3.11419e-07            15.8869        1.07241e-07        2.60026e-16        4.15412e-12           0.222436        6.18903e-12        9.22306e-05        8.18104e-08        2.73952e-16        1.42965e-17        8.49501e-07          0.0445998        3.45069e-06        0.000107484        1.94369e-16         4.0914e-07         3.2257e-20            0.73276
5        0.000138149         2.5118e-05         2.8132e-05             101325               1.12         2.8132e-05            303.121                  0        0.000919788         5.4985e-07            40.7662        1.90216e-07         4.0518e-16        3.44487e-12           0.222334        1.02745e-11        0.000150141        1.29262e-07        7.41758e-16        3.89053e-17        1.39624e-06          0.0445732        6.23003e-06         0.00017414        5.34786e-16        7.04865e-07        9.00172e-20            0.73276
6        0.000163267         2.5118e-05         2.7961e-05             101325            1.11319         2.7961e-05            304.973                  0         0.00149312        1.00092e-06            103.262        3.32926e-07        6.34199e-16        2.51514e-12           0.222176        1.70237e-11         0.00024005        2.01015e-07          1.963e-15        1.03786e-16         2.2545e-06          0.0445317        1.11138e-05        0.000276852        1.44565e-15        1.19565e-06         2.4948e-19            0.73276
7        0.000188385         2.5118e-05        2.77077e-05             101325             1.1031        2.77077e-05             307.76                  0         0.00237915        1.88562e-06             254.45        5.73665e-07        1.09853e-15         1.5847e-12           0.221938        2.82059e-11        0.000375995        3.07145e-07        5.07341e-15        2.71384e-16        3.56727e-06           0.044469        1.95426e-05        0.000430735         3.8425e-15        1.99234e-06        6.90267e-19            0.73276
8        0.000213503         2.5118e-05        2.73448e-05             101325            1.08865        2.73448e-05            311.841                  0         0.00371172        3.69495e-06            605.273        9.71593e-07        2.26997e-15        8.48261e-13           0.221589        4.69629e-11        0.000576226        4.61152e-07        1.28384e-14        6.98169e-16        5.52377e-06          0.0443764        3.38115e-05        0.000654861        1.00864e-14         3.2567e-06        1.92579e-18            0.73276
9        0.000238621         2.5118e-05         2.6844e-05             101325            1.06872         2.6844e-05            317.653                  0         0.00566212        7.55374e-06            1384.12        1.61489e-06        5.46365e-15        3.81331e-13           0.221088        7.90897e-11        0.000863385        6.81078e-07        3.19472e-14        1.77689e-15        8.36284e-06          0.0442432         5.7452e-05        0.000971952        2.63127e-14        5.21585e-06        5.48456e-18            0.73276
10        0.000263739         2.5118e-05        2.61802e-05             101325            1.04229        2.61802e-05            325.698                  0         0.00843861        1.61046e-05            3036.27        2.62956e-06        1.43036e-14        1.44299e-13           0.220392        1.35733e-10         0.00126414        9.91214e-07        7.86024e-14        4.50266e-15        1.23704e-05          0.0440567        9.56765e-05         0.00140733        6.87171e-14        8.17474e-06        1.61468e-17            0.73276
11        0.000288857         2.5118e-05        2.53377e-05             101325            1.00875        2.53377e-05            336.513                  0          0.0122799        3.57211e-05            6385.71        4.18697e-06        3.90166e-14        4.76692e-14            0.21945        2.38809e-10         0.00180815        1.42472e-06        1.92081e-13        1.14151e-14        1.78688e-05          0.0438028        0.000155811         0.00198706        1.80707e-13        1.25223e-05        4.95818e-17            0.73276
12        0.000313975         2.5118e-05        2.43159e-05             101325           0.968068        2.43159e-05            350.631                  0          0.0174421        8.20691e-05            12886.4        6.50736e-06        1.09045e-13        1.84111e-14           0.218212        4.31774e-10         0.00252643        2.02743e-06        4.67027e-13        2.89897e-14         2.5198e-05          0.0434662        0.000247593         0.00273554        4.79584e-13        1.87261e-05        1.59082e-16            0.73276
13        0.000339093         2.5118e-05        2.31324e-05             101325            0.92095        2.31324e-05            368.535                  0          0.0241798        0.000194052            25005.9        9.85652e-06        3.09243e-13        2.36717e-14           0.216628         7.9992e-10         0.00344931        2.86291e-06        1.12741e-12        7.34819e-14        3.46916e-05          0.0430321        0.000383179           0.003673        1.28109e-12        2.73135e-05        5.29403e-16            0.73276
14        0.000364211         2.5118e-05        2.18218e-05             101325           0.868774        2.18218e-05            390.616                  0          0.0327258        0.000467894            46817.2        1.45342e-05        8.80253e-13        8.06434e-14           0.214655        1.50583e-09         0.00460453        4.01856e-06        2.68584e-12        1.84345e-13         4.6653e-05          0.0424865        0.000576771         0.00481367         3.4192e-12         3.8838e-05        1.79947e-15            0.73276
15        0.000389329         2.5118e-05        2.04302e-05             101325           0.813372        2.04302e-05            417.145                  0          0.0432734         0.00113656            84942.6        2.08559e-05        2.48773e-12        3.30708e-13           0.212256        2.84561e-09         0.00601584         5.6122e-06        6.26174e-12        4.52613e-13        6.13399e-05          0.0418173        0.000843864         0.00616508        9.02783e-12          5.384e-05        6.13099e-15            0.73276
16        0.000414447         2.5118e-05        1.90069e-05             101325           0.756706        1.90069e-05            448.274                  0           0.055967         0.00274281             150107        2.91313e-05        6.93908e-12         1.4194e-12           0.209406        5.32651e-09          0.0077024        7.79869e-06        1.41662e-11        1.07534e-12        7.89599e-05          0.0410142         0.00120027         0.00772876        2.33531e-11         7.2808e-05        2.06007e-14            0.73276
17        0.000439565         2.5118e-05         1.7597e-05             101325           0.700574         1.7597e-05            484.041                  0          0.0709027         0.00648433             259724        3.96456e-05        1.91549e-11        6.19882e-12           0.206082         9.7613e-09         0.00967909        1.07759e-05        3.09167e-11        2.45137e-12        9.96804e-05          0.0400693         0.00166118         0.00950178        5.88022e-11        9.61507e-05        6.77301e-14            0.73276
18        0.000464683         2.5118e-05        1.62364e-05             101325           0.646405        1.62364e-05              524.4                  0          0.0881374          0.0148384             442224        5.26467e-05         5.2987e-11        2.71068e-11           0.202272        1.73843e-08          0.0119573        1.47896e-05        6.50634e-11        5.34718e-12        0.000123648          0.0389763         0.00224038          0.0114789        1.44011e-10        0.000124182         2.1888e-13            0.73276
19          0.0004898         2.5118e-05        1.49501e-05             101325           0.595195        1.49501e-05            569.249                  0           0.107702          0.0326111             744558        6.83397e-05        1.49239e-10        1.17233e-10           0.197963        3.00701e-08          0.0145462        2.01376e-05        1.33188e-10        1.12303e-11        0.000151011          0.0377301         0.00294986          0.0136545        3.45324e-10        0.000157118        7.06774e-13            0.73276
20        0.000514918         2.5118e-05        1.37528e-05             101325           0.547527        1.37528e-05             618.46                  0           0.129615          0.0687518         1.2468e+06        8.68878e-05        4.32091e-10        4.95913e-10           0.193145         5.1008e-08          0.0174533        2.71699e-05        2.71241e-10        2.31506e-11         0.00018195          0.0363263         0.00379966          0.0160239        8.22465e-10        0.000195082        2.32627e-12            0.73276
21        0.000540036         2.5118e-05        1.26507e-05             101325           0.503653        1.26507e-05            671.892                  0           0.153896            0.14031        2.09629e+06        0.000108417        1.28078e-09        2.02875e-09           0.187811        8.70107e-08          0.0206858        3.62845e-05        5.71514e-10         4.8533e-11          0.0002167          0.0347611         0.00479797          0.0185843        1.98434e-09        0.000238104        7.87666e-12            0.73276
22        0.000565154         2.5118e-05        1.16443e-05             101325           0.463585        1.16443e-05            729.411                  0            0.18057             0.2842        3.59934e+06        0.000133022        3.82536e-09        7.93385e-09            0.18195        1.55996e-07          0.0242505        4.79101e-05        1.30444e-09        1.08284e-10        0.000255577          0.0330306         0.00595129          0.0213349        4.93841e-09        0.000286132        2.71688e-11            0.73276
23        0.000590272         2.5118e-05        1.07299e-05             101325           0.427181        1.07299e-05            790.891                  0           0.209669           0.597502        6.47805e+06        0.000160773        1.12893e-08        2.93483e-08           0.175552         3.0941e-07          0.0281539        6.24635e-05        3.30025e-09        2.65097e-10        0.000299024          0.0311313         0.00726455          0.0242766         1.2763e-08        0.000339027         9.3329e-11            0.73276
24         0.00061539         2.5118e-05        9.90174e-06             101325           0.394209        9.90174e-06            856.215                  0           0.241234            1.37347        1.25701e+07        0.000191719        3.23938e-08        1.01873e-07           0.168609        6.94298e-07          0.0324015        8.02604e-05        9.05918e-09         7.0504e-10        0.000347662            0.02906         0.00874106          0.0274116        3.39176e-08        0.000396556        3.11938e-10            0.73276
25        0.000640508         2.5118e-05          9.153e-06             101325             0.3644          9.153e-06            925.266                  0           0.275305            3.52591        2.66297e+07        0.000225884        8.95136e-08        3.30416e-07           0.161115        1.71213e-06          0.0369963        0.000101343        2.57206e-08        1.95354e-09        0.000402356          0.0268142          0.0103823           0.030742        9.06773e-08        0.000458377        9.97318e-10            0.73276
26        0.000665626         2.5118e-05        8.47669e-06             101325           0.337475        8.47669e-06            997.913                  0           0.311911            9.78872        6.06637e+07        0.000263263        2.37315e-07        1.00084e-06           0.153072         4.3948e-06          0.0419368        0.000125184        7.23078e-08        5.39707e-09        0.000464176          0.0243937          0.0121868          0.0342682        2.38009e-07        0.000523964        3.01841e-09            0.73276
27        0.000690744         2.5118e-05        7.86625e-06             101325           0.313172        7.86625e-06            1073.97                  0           0.351046            27.7587        1.43623e+08        0.000303788        6.03218e-07        2.83776e-06           0.144494         1.1226e-05          0.0472121        0.000150218        1.95674e-07        1.44209e-08        0.000533954          0.0218021          0.0141491          0.0379876        6.01018e-07         0.00059245        8.59391e-09            0.73276
28        0.000715862         2.5118e-05        7.31586e-06             101325            0.29126        7.31586e-06            1153.16                  0           0.392642            76.7147        3.41081e+08        0.000347297        1.46914e-06        7.56088e-06           0.135402        2.77887e-05          0.0528024        0.000173316         5.0151e-07        3.66043e-08        0.000610895          0.0190477          0.0162592          0.0418966        1.43884e-06        0.000662297        2.29209e-08           0.732759
29         0.00074098         2.5118e-05        6.82087e-06             101325           0.271553        6.82087e-06            1234.98                  0           0.436585             200.65        7.89835e+08        0.000393383        3.41673e-06        1.89914e-05           0.125835        6.56932e-05          0.0586706        0.000189572        1.20319e-06        8.71545e-08        0.000689396          0.0161495          0.0184986          0.0459918        3.22639e-06        0.000730434        5.69554e-08           0.732758
30        0.000766098         2.5118e-05         6.3784e-06             101325           0.253938         6.3784e-06            1318.48                  0           0.482669            486.884        1.74182e+09        0.000440937         7.5264e-06        4.49935e-05           0.115869        0.000146738          0.0647392        0.000193417        2.66105e-06         1.9165e-07        0.000753958          0.0131517           0.020828          0.0502666        6.67492e-06        0.000790291        1.30329e-07           0.732758
31        0.000791216         2.5118e-05        5.98832e-06             101325           0.238408        5.98832e-06            1401.92                  0            0.53045            1074.24        3.56635e+09          0.0004872        1.54873e-05        0.000100216           0.105665        0.000306116          0.0708517        0.000181516        5.27857e-06        3.78842e-07        0.000775714          0.0101474          0.0231595          0.0547066        1.24362e-05        0.000828247        2.67795e-07           0.732757
32        0.000816334         2.5118e-05        5.65419e-06             101325           0.225105        5.65419e-06            1482.11                  0           0.579015            2099.32        6.56005e+09        0.000526288        2.91705e-05        0.000208179          0.0955468         0.00058747          0.0767264        0.000155224        8.93994e-06        6.41815e-07        0.000721244         0.00730142          0.0253098          0.0592825        2.00717e-05        0.000820226        4.70705e-07           0.732756
33        0.000841452         2.5118e-05        5.38251e-06             101325           0.214289        5.38251e-06            1554.36                  0            0.62671            3513.16        1.03678e+10        0.000548731        4.90885e-05        0.000397506          0.0860514         0.00101884          0.0819534         0.00012052        1.20598e-05        8.71625e-07        0.000583348         0.00483876          0.0269671          0.0639376        2.66719e-05        0.000739162         6.5991e-07           0.732756
34         0.00086657         2.5118e-05        5.17755e-06             101325           0.206129        5.17755e-06            1613.87                  0           0.671127            4874.49        1.33859e+10        0.000546404        7.25946e-05        0.000682493          0.0778141         0.00157404          0.0861269        8.58028e-05        1.23732e-05        9.07117e-07        0.000406082         0.00295334          0.0277795          0.0685763        2.81031e-05        0.000585709        7.04229e-07           0.732756
35        0.000891688         2.5118e-05        5.03398e-06             101325           0.200414        5.03398e-06            1658.79                  0           0.709899            5556.15        1.37633e+10        0.000522099        9.49912e-05         0.00103271          0.0712502         0.00216387          0.0890767        5.77716e-05        9.96099e-06        7.44029e-07        0.000250374         0.00168659          0.0276021          0.0730645        2.37674e-05        0.000407121         5.8888e-07           0.732756
36        0.000916806         2.5118e-05         4.9371e-06             101325           0.196556         4.9371e-06            1691.15                  0           0.741965            5353.57        1.16244e+10        0.000488759        0.000112984         0.00138042          0.0663548         0.00269172          0.0909454        3.85452e-05        6.79714e-06        5.17383e-07        0.000143143        0.000922297          0.0266167          0.0772671        1.70505e-05        0.000255912         4.1551e-07           0.732757
37        0.000941924         2.5118e-05        4.87065e-06             101325           0.193911        4.87065e-06             1714.7                  0           0.767838            4609.16        8.61588e+09        0.000457996        0.000125789         0.00166947          0.0628217         0.00310979          0.0920366        2.66745e-05        4.22484e-06         3.2694e-07        7.87225e-05        0.000492428          0.0251608          0.0810946         1.1033e-05        0.000151139        2.65412e-07           0.732758
38        0.000967042         2.5118e-05        4.82246e-06             101325           0.191992        4.82246e-06             1732.7                  0           0.788757             3747.6        5.99218e+09        0.000434465        0.000134008         0.00187991          0.0602734          0.0034182          0.0926418        1.97251e-05        2.50218e-06        1.96298e-07        4.25206e-05        0.000259856          0.0235258          0.0845155        6.73277e-06        8.62368e-05        1.60646e-07           0.732758
39         0.00099216         2.5118e-05        4.78503e-06             101325           0.190502        4.78503e-06            1747.34                  0           0.805939            2991.73        4.13149e+09        0.000417939        0.000138586         0.00201747          0.0583957         0.00363772           0.092971        1.57192e-05        1.44594e-06        1.14716e-07        2.27985e-05        0.000136475          0.0218936          0.0875397        3.97812e-06        4.83197e-05        9.44678e-08           0.732759
40         0.00101728         2.5118e-05         4.7541e-06             101325           0.189271         4.7541e-06            1759.88                  0           0.820325             2396.6        2.93925e+09        0.000406474        0.000140397         0.00209717          0.0569663         0.00379122          0.0931556        1.33818e-05        8.25403e-07        6.60933e-08        1.22033e-05        7.16167e-05          0.0203574          0.0901987        2.31056e-06         2.6831e-05        5.46978e-08           0.732759
41          0.0010424         2.5118e-05        4.72735e-06             101325           0.188206        4.72735e-06            1771.03                  0           0.832586            1945.15        2.20734e+09         0.00039808        0.000140146         0.00213426          0.0558391         0.00389717          0.0932717        1.19683e-05        4.68572e-07        3.78067e-08        6.54168e-06         3.7638e-05          0.0189553          0.0925317        1.33159e-06        1.48422e-05        3.14152e-08           0.732759
42         0.00106751         2.5118e-05        4.70348e-06             101325           0.187256        4.70348e-06             1781.2                  0           0.843191            1603.43        1.75897e+09        0.000391256        0.000138381         0.00214115          0.0549209         0.00396894          0.0933607        1.10634e-05        2.65538e-07         2.1558e-08        3.51861e-06        1.98389e-05          0.0176961          0.0945793        7.66546e-07        8.20457e-06        1.79738e-08            0.73276
43         0.00109263         2.5118e-05        4.68178e-06             101325           0.186392        4.68178e-06            1790.61                  0           0.852475            1340.99        1.47571e+09        0.000385021        0.000135518         0.00212703           0.054152          0.0040158          0.0934438        1.04402e-05        1.50549e-07        1.22832e-08        1.90121e-06        1.04978e-05          0.0165736          0.0963795        4.43348e-07         4.5408e-06        1.02699e-08            0.73276
44         0.00111775         2.5118e-05         4.6618e-06             101325           0.185596         4.6618e-06            1799.39                  0           0.860683            1135.21         1.2863e+09        0.000378806        0.000131873         0.00209844          0.0534937         0.00404414          0.0935312        9.97552e-06        8.55062e-08         7.0032e-09        1.03273e-06        5.58015e-06          0.0155757           0.097967        2.59213e-07        2.51909e-06        5.86924e-09            0.73276
45         0.00114287         2.5118e-05        4.64327e-06             101325           0.184859        4.64327e-06            1807.64                  0           0.867999            970.457        1.15024e+09        0.000372318        0.000127688         0.00205997          0.0529202         0.00405836          0.0936267        9.60269e-06         4.8687e-08        3.99891e-09        5.64212e-07        2.98092e-06          0.0146879          0.0993723        1.54322e-07        1.40187e-06        3.35805e-09            0.73276
46         0.00116799         2.5118e-05        4.62599e-06             101325            0.18417        4.62599e-06            1815.42                  0            0.87457            836.138        1.04514e+09        0.000365438        0.000123146         0.00201482          0.0524137         0.00406159          0.0937313        9.28516e-06        2.78039e-08        2.28805e-09        3.10101e-07        1.60083e-06          0.0138961           0.100622        9.43787e-08         7.8293e-07        1.92453e-09            0.73276
47          0.0011931         2.5118e-05         4.6098e-06             101325           0.183526         4.6098e-06            1822.78                  0           0.880511            725.022         9.5885e+08        0.000358147        0.000118387         0.00196523          0.0519613         0.00405608          0.0938442        9.00268e-06        1.59281e-08        1.31219e-09        1.71485e-07        8.64419e-07          0.0131871           0.101739        5.98862e-08        4.38938e-07        1.10519e-09            0.73276
48         0.00121822         2.5118e-05         4.5946e-06             101325           0.182921         4.5946e-06            1829.75                  0           0.885917            632.062        8.84739e+08        0.000350481        0.000113517         0.00191281          0.0515537          0.0040435          0.0939643        8.74378e-06        9.15408e-09        7.54389e-10        9.54145e-08        4.69406e-07          0.0125491           0.102743        3.98117e-08        2.47062e-07        6.36055e-10            0.73276
49         0.00124334         2.5118e-05        4.58028e-06             101325           0.182351        4.58028e-06            1836.37                  0           0.890866            553.626         8.1916e+08        0.000342502        0.000108616         0.00185869          0.0511834         0.00402512          0.0940899        8.50175e-06        5.27781e-09        4.34803e-10        5.34126e-08        2.56362e-07          0.0119721           0.103651        2.79257e-08        1.39622e-07        3.66893e-10            0.73276
50         0.00126846         2.5118e-05        4.56676e-06             101325           0.181812        4.56676e-06            1842.67                  0           0.895423            487.007         7.6004e+08        0.000334279        0.000103745         0.00180369          0.0508449         0.00400193          0.0942198        8.27254e-06        3.05248e-09        2.51242e-10        3.00788e-08        1.40816e-07          0.0114471           0.104476        2.07124e-08        7.92221e-08         2.1212e-10            0.73276
51         0.00129358         2.5118e-05        4.55397e-06             101325           0.181303        4.55397e-06            1848.68                  0           0.899643            430.123        7.06137e+08        0.000325879        9.89476e-05         0.00174843          0.0505334         0.00397472          0.0943525        8.05356e-06        1.77081e-09        1.45542e-10        1.70372e-08        7.77939e-08          0.0109668           0.105231        1.61853e-08        4.51302e-08         1.2292e-10            0.73276
52         0.00131869         2.5118e-05        4.54184e-06             101325            0.18082        4.54184e-06            1854.41                  0           0.903571            381.333        6.56657e+08        0.000317365        9.42563e-05         0.00169335          0.0502453         0.00394413           0.094487        7.84309e-06        1.03031e-09        8.45214e-11        9.70448e-09        4.32231e-08          0.0105246           0.105926        1.32195e-08        2.58108e-08        7.13929e-11            0.73276
53         0.00134381         2.5118e-05        4.53031e-06             101325           0.180361        4.53031e-06             1859.9                  0           0.907247            339.315        6.11044e+08        0.000308792        8.96939e-05         0.00163876          0.0499775         0.00391068          0.0946224        7.63989e-06        6.01184e-10        4.92057e-11        5.55776e-09        2.41511e-08          0.0101153           0.106569        1.11754e-08        1.48196e-08        4.15596e-11            0.73276
54         0.00136893         2.5118e-05        4.51934e-06             101325           0.179924        4.51934e-06            1865.16                  0           0.910702            302.988         5.6888e+08        0.000300205         8.5276e-05         0.00158492          0.0497272         0.00387478          0.0947578        7.44308e-06        3.51761e-10         2.8716e-11        3.19958e-09        1.35698e-08         0.00973431           0.107168        9.68788e-09        8.54241e-09        2.42476e-11            0.73276
55         0.00139405         2.5118e-05        4.50887e-06             101325           0.179508        4.50887e-06             1870.2                  0           0.913964             271.46        5.29826e+08        0.000291643        8.10123e-05         0.00153198          0.0494925          0.0038368          0.0948928        7.25193e-06        2.06378e-10        1.67991e-11        1.85125e-09        7.66627e-09          0.0093777           0.107728        8.54646e-09        4.94386e-09         1.4179e-11            0.73276
56         0.00141917         2.5118e-05        4.49887e-06             101325            0.17911        4.49887e-06            1875.05                  0           0.917058             243.99        4.93596e+08        0.000283137        7.69086e-05         0.00148008          0.0492713         0.00379704          0.0950267        7.06589e-06        1.21404e-10        9.85154e-12        1.07631e-09        4.35439e-09         0.00904224           0.108255        7.62876e-09        2.87326e-09        8.31009e-12            0.73276
57         0.00144428         2.5118e-05         4.4893e-06             101325           0.178729         4.4893e-06            1879.71                  0           0.920003            219.961        4.59942e+08        0.000274711        7.29673e-05         0.00142929          0.0490622         0.00375574          0.0951593        6.88448e-06        7.16058e-11        5.79138e-12        6.28693e-10        2.48634e-09         0.00872519           0.108754        6.86251e-09        1.67748e-09        4.88162e-12            0.73276
58          0.0014694         2.5118e-05        4.48013e-06             101325           0.178364        4.48013e-06             1884.2                  0           0.922816            198.854        4.28643e+08        0.000266385        6.91881e-05         0.00137968          0.0488638         0.00371312          0.0952902        6.70732e-06        4.23449e-11        3.41298e-12        3.68898e-10        1.42705e-09         0.00842422           0.109227        6.20417e-09        9.84391e-10        2.87435e-12            0.73276
59         0.00149452         2.5118e-05        4.47133e-06             101325           0.178013        4.47133e-06            1888.54                  0           0.925511            180.237        3.99503e+08        0.000258175        6.55693e-05         0.00133127          0.0486751         0.00366934          0.0954193        6.53407e-06        2.51073e-11        2.01641e-12        2.17414e-10        8.23235e-10         0.00813736           0.109677         5.6268e-09        5.81188e-10        1.69651e-12            0.73276
60         0.00151964         2.5118e-05        4.46287e-06             101325           0.177676        4.46287e-06            1892.72                  0           0.928101            163.747        3.72345e+08        0.000250092        6.21079e-05         0.00128409          0.0484949         0.00362456          0.0955463        6.36444e-06        1.49264e-11        1.19438e-12        1.28688e-10        4.77287e-10         0.00786297           0.110108        5.11315e-09        3.45734e-10        1.00381e-12            0.73276
61         0.00154476         2.5118e-05        4.45473e-06             101325           0.177352        4.45473e-06            1896.77                  0           0.930597             149.08         3.4701e+08        0.000242144        5.87997e-05         0.00123813          0.0483226         0.00357891          0.0956713         6.1982e-06        8.89798e-12        7.09339e-13        7.64946e-11        2.78083e-10         0.00759963           0.110522         4.6517e-09        2.07684e-10        5.95473e-13            0.73276
62         0.00156987         2.5118e-05        4.44688e-06             101325            0.17704        4.44688e-06            1900.69                  0           0.933007            135.978        3.23355e+08        0.000234339        5.56402e-05         0.00119339          0.0481573          0.0035325           0.095794        6.03514e-06        5.31901e-12        4.22426e-13        4.56605e-11        1.62811e-10         0.00734618            0.11092        4.23441e-09        1.26386e-10        3.54192e-13            0.73276
63         0.00159499         2.5118e-05        4.43932e-06             101325           0.176739        4.43932e-06            1904.48                  0           0.935339            124.229        3.01252e+08         0.00022668        5.26245e-05         0.00114987          0.0479986         0.00348541          0.0959145        5.87507e-06        3.18865e-12        2.52274e-13        2.73688e-11        9.57833e-11          0.0071016           0.111305         3.8554e-09        7.82663e-11        2.11269e-13            0.73276
64         0.00162011         2.5118e-05        4.43202e-06             101325           0.176448        4.43202e-06            1908.16                  0             0.9376            113.651        2.80585e+08        0.000219172        4.97474e-05         0.00110754          0.0478458         0.00343773          0.0960327        5.71784e-06        1.91715e-12          1.511e-13         1.6473e-11        5.66208e-11         0.00686506           0.111676        3.51012e-09        4.96121e-11        1.26393e-13            0.73276
65         0.00164523         2.5118e-05        4.42496e-06             101325           0.176167        4.42496e-06            1911.73                  0           0.939795            104.093        2.61249e+08        0.000211815        4.70038e-05         0.00106638          0.0476985         0.00338952          0.0961486        5.56333e-06        1.15616e-12        9.07753e-14        9.95624e-12        3.36307e-11         0.00663586           0.112037        3.19497e-09        3.24198e-11        7.58527e-14            0.73276
66         0.00167035         2.5118e-05        4.41814e-06             101325           0.175896        4.41814e-06            1915.19                  0           0.941929            95.4255        2.43149e+08        0.000204611        4.43885e-05         0.00102638          0.0475564         0.00334085          0.0962623        5.41144e-06        6.99414e-13        5.47059e-14        6.04273e-12        2.00708e-11         0.00641339           0.112386        2.90694e-09        2.20029e-11        4.56745e-14            0.73276
67         0.00169546         2.5118e-05        4.41154e-06             101325           0.175633        4.41154e-06            1918.55                  0           0.944006            87.5416          2.262e+08        0.000197561        4.18965e-05        0.000987515          0.0474191         0.00329178          0.0963737        5.26207e-06        4.24476e-13        3.30761e-14        3.68301e-12        1.20356e-11         0.00619717           0.112726        2.64351e-09        1.56083e-11        2.76017e-14            0.73276
68         0.00172058         2.5118e-05        4.40516e-06             101325           0.175379        4.40516e-06            1921.82                  0            0.94603            80.3497        2.10325e+08        0.000190665        3.95229e-05        0.000949761          0.0472864         0.00324234          0.0964828        5.11516e-06        2.58476e-13        2.00658e-14        2.25437e-12         7.2519e-12         0.00598678           0.113056        2.40247e-09        1.16135e-11         1.6745e-14            0.73276
69          0.0017457         2.5118e-05        4.39897e-06             101325           0.175132        4.39897e-06               1925                  0           0.948002            73.7721        1.95453e+08        0.000183924        3.72629e-05        0.000913095           0.047158          0.0031926          0.0965897        4.97066e-06        1.57937e-13        1.22156e-14        1.38588e-12        4.39063e-12         0.00578187           0.113378        2.18188e-09        9.05867e-12        1.02019e-14            0.73276
70         0.00177082         2.5118e-05        4.39298e-06             101325           0.174894        4.39298e-06            1928.08                  0           0.949927            67.7432         1.8152e+08        0.000177336         3.5112e-05        0.000877497          0.0470337         0.00314258          0.0966944        4.82855e-06        9.68491e-14        7.46344e-15        8.55727e-13        2.67122e-12         0.00558218           0.113692        1.98004e-09        7.37425e-12        6.24482e-15            0.73276
71         0.00179594         2.5118e-05        4.38717e-06             101325           0.174663        4.38717e-06            1931.08                  0           0.951804            62.2065        1.68467e+08        0.000170901        3.30659e-05        0.000842947          0.0469134         0.00309234          0.0967969         4.6888e-06        5.96075e-14        4.57701e-15         5.3074e-13        1.63311e-12         0.00538745           0.113998        1.79539e-09        6.22088e-12        3.84276e-15            0.73276
72         0.00182105         2.5118e-05        4.38155e-06             101325           0.174439        4.38155e-06               1934                  0           0.953637             57.114        1.56241e+08         0.00016462        3.11203e-05        0.000809424          0.0467969         0.00304191          0.0968972        4.55141e-06        3.68257e-14         2.8177e-15        3.30673e-13        1.00339e-12         0.00519751           0.114296        1.62654e-09        5.39551e-12         2.3788e-15            0.73276
73         0.00184617         2.5118e-05        4.37609e-06             101325           0.174222        4.37609e-06            1936.84                  0           0.955427             52.424        1.44793e+08        0.000158492        2.92714e-05         0.00077691          0.0466841         0.00299133          0.0969954        4.41638e-06        2.28399e-14        1.74152e-15        2.06977e-13         6.1957e-13         0.00501221           0.114588        1.47223e-09        4.77611e-12        1.48269e-15            0.73276
74         0.00187129         2.5118e-05        4.37081e-06             101325           0.174011        4.37081e-06             1939.6                  0           0.957174            48.1007        1.34076e+08        0.000152516        2.75152e-05        0.000745387          0.0465749         0.00294063          0.0970915        4.28375e-06        1.42225e-14        1.08077e-15        1.30163e-13        3.84509e-13         0.00483143           0.114872        1.33129e-09        4.28893e-12        9.31533e-16            0.73276
75         0.00189641         2.5118e-05        4.36568e-06             101325           0.173807        4.36568e-06            1942.28                  0            0.95888            44.1128        1.24049e+08        0.000146693        2.58482e-05        0.000714838          0.0464692         0.00288987          0.0971854        4.15353e-06        8.89298e-15        6.73524e-16        8.22484e-14        2.39852e-13         0.00465508           0.115149        1.20267e-09        3.88914e-12        5.90729e-16            0.73276
76         0.00192153         2.5118e-05        4.36072e-06             101325           0.173609        4.36072e-06            1944.88                  0           0.960545            40.4329        1.14673e+08        0.000141021        2.42668e-05        0.000685248          0.0463669         0.00283907          0.0972772        4.02578e-06        5.58408e-15         4.2154e-16        5.22253e-14        1.50393e-13          0.0044831           0.115419         1.0854e-09        3.54922e-12        3.78723e-16            0.73276
77         0.00194664         2.5118e-05         4.3559e-06             101325           0.173418         4.3559e-06            1947.42                  0           0.962169            37.0366        1.05911e+08        0.000135501        2.27678e-05        0.000656601           0.046268         0.00278827          0.0973669        3.90052e-06        3.52155e-15        2.64994e-16        3.33259e-14        9.47958e-14         0.00431542           0.115682        9.78569e-10        3.25213e-12         2.4593e-16            0.73276
78         0.00197176         2.5118e-05        4.35124e-06             101325           0.173232        4.35124e-06            1949.88                  0           0.963753            33.9026        9.77281e+07        0.000130132        2.13478e-05        0.000628884          0.0461725         0.00273752          0.0974545        3.77783e-06        2.23069e-15        1.67335e-16         2.1373e-14        6.00697e-14         0.00415201           0.115939        8.81355e-10        2.98718e-12         1.6209e-16            0.73276
79         0.00199688         2.5118e-05        4.34673e-06             101325           0.173053        4.34673e-06            1952.27                  0           0.965298            31.0114        9.00931e+07        0.000124915        2.00039e-05        0.000602081          0.0460802         0.00268686            0.09754        3.65775e-06        1.41941e-15        1.06154e-16        1.37774e-14        3.82698e-14         0.00399286           0.116189         7.9299e-10        2.74751e-12        1.08667e-16            0.73276
80           0.002022         2.5118e-05        4.34236e-06             101325           0.172879        4.34236e-06            1954.58                  0           0.966803            28.3457        8.29755e+07        0.000119849        1.87329e-05        0.000576181          0.0459912         0.00263634          0.0976235        3.54036e-06        9.07365e-16        6.76592e-17        8.92724e-15        2.45143e-14         0.00383795           0.116432        7.12761e-10        2.52863e-12        7.42555e-17            0.73276
81         0.00204711         2.5118e-05        4.33813e-06             101325            0.17271        4.33813e-06            1956.83                  0           0.968268            25.8896        7.63464e+07        0.000114933         1.7532e-05         0.00055117          0.0459053         0.00258598          0.0977049        3.42572e-06        5.82776e-16        4.33306e-17          5.815e-15        1.57897e-14         0.00368727           0.116669        6.40007e-10         2.3275e-12        5.18096e-17            0.73276
82         0.00207223         2.5118e-05        4.33405e-06             101325           0.172548        4.33405e-06            1959.01                  0           0.969694            23.6285        7.01788e+07        0.000110168        1.63983e-05        0.000527036          0.0458227         0.00253585          0.0977842         3.3139e-06        3.76101e-16        2.78857e-17        3.80798e-15         1.0227e-14         0.00354081           0.116899        5.74117e-10        2.14199e-12        3.69536e-17            0.73276
83         0.00209735         2.5118e-05         4.3301e-06             101325            0.17239         4.3301e-06            1961.12                  0           0.971081            21.5491        6.44468e+07        0.000105553        1.53291e-05        0.000503766          0.0457431         0.00248599          0.0978614        3.20497e-06         2.4391e-16        1.80352e-17        2.50716e-15        6.66148e-15         0.00339858           0.117123        5.14519e-10        1.97051e-12        2.69561e-17            0.73276
84         0.00212247         2.5118e-05        4.32628e-06             101325           0.172238        4.32628e-06            1963.16                  0           0.972428            19.6389        5.91258e+07        0.000101087        1.43218e-05        0.000481347          0.0456667         0.00243645          0.0979366        3.09899e-06        1.58969e-16        1.17234e-17        1.65973e-15         4.3638e-15         0.00326058            0.11734        4.60685e-10        1.81184e-12        2.01019e-17            0.73276
85         0.00214759         2.5118e-05         4.3226e-06             101325           0.172092         4.3226e-06            1965.14                  0           0.973736            17.8863        5.41923e+07        9.67703e-05        1.33738e-05        0.000459767          0.0455933         0.00238727          0.0980098        2.99605e-06        1.04133e-16        7.65967e-18        1.10482e-15        2.87512e-15         0.00312681            0.11755        4.12124e-10        1.66499e-12        1.53065e-17            0.73276
86          0.0021727         2.5118e-05        4.31904e-06             101325            0.17195        4.31904e-06            1967.05                  0           0.975005            16.2805        4.96238e+07        9.26019e-05        1.24824e-05        0.000439013          0.0455229          0.0023385          0.0980809         2.8962e-06        6.85635e-17        5.03067e-18        7.39541e-16        1.90533e-15         0.00299726           0.117753        3.68378e-10        1.52912e-12        1.18789e-17            0.73276
87         0.00219782         2.5118e-05        4.31562e-06             101325           0.171814        4.31562e-06            1968.89                  0           0.976234            14.8111        4.53988e+07        8.85809e-05        1.16452e-05        0.000419073          0.0454555         0.00229019          0.0981499         2.7995e-06        4.53796e-17         3.3215e-18        4.97825e-16        1.27007e-15         0.00287194            0.11795        3.29025e-10        1.40348e-12        9.37495e-18            0.73276
88         0.00222294         2.5118e-05        4.31232e-06             101325           0.171683        4.31232e-06            1970.67                  0           0.977424            13.4685        4.14968e+07        8.47063e-05        1.08597e-05        0.000399933          0.0453911          0.0022424          0.0982169        2.70601e-06        3.01942e-17        2.20478e-18        3.37019e-16        8.51632e-16         0.00275083            0.11814        2.93672e-10        1.28742e-12        7.50623e-18            0.73276
89         0.00224806         2.5118e-05        4.30915e-06             101325           0.171556        4.30915e-06            1972.39                  0           0.978575            12.2436        3.78979e+07         8.0977e-05        1.01237e-05        0.000381578          0.0453295         0.00219517          0.0982818        2.61578e-06        2.01984e-17        1.47146e-18        2.29464e-16        5.74459e-16         0.00263393           0.118324        2.61956e-10         1.1803e-12        6.08307e-18            0.73276
90         0.00227318         2.5118e-05         4.3061e-06             101325           0.171435         4.3061e-06            1974.04                  0           0.979687            11.1278        3.45834e+07        7.73916e-05        9.43465e-06        0.000363996          0.0452708         0.00214856          0.0983447        2.52885e-06        1.35854e-17        9.87458e-19        1.57136e-16        3.89823e-16         0.00252121           0.118501        2.33541e-10        1.08157e-12        4.97905e-18            0.73276
91         0.00229829         2.5118e-05        4.30316e-06             101325           0.171318        4.30316e-06            1975.63                  0            0.98076            10.1128        3.15351e+07        7.39486e-05        8.79043e-06        0.000347172          0.0452149         0.00210261          0.0984056        2.44526e-06        9.18813e-18         6.6635e-19        1.08231e-16        2.66128e-16         0.00241265           0.118672        2.08118e-10         9.9066e-13        4.10857e-18            0.73276
92         0.00232341         2.5118e-05        4.30035e-06             101325           0.171206        4.30035e-06            1977.16                  0           0.981794             9.1909        2.87355e+07        7.06462e-05        8.18876e-06        0.000331089          0.0451617         0.00205737          0.0984645        2.36503e-06        6.24901e-18        4.52199e-19        7.49813e-17        1.82786e-16         0.00230822           0.118836        1.85401e-10        9.07067e-13        3.41261e-18            0.73276
93         0.00234853         2.5118e-05        4.29765e-06             101325           0.171099        4.29765e-06            1978.63                  0            0.98279            8.35478        2.61681e+07        6.74826e-05        7.62749e-06        0.000315734          0.0451112          0.0020129          0.0985213        2.28818e-06        4.27425e-18        3.08624e-19        5.22512e-17        1.26309e-16         0.00220789           0.118993        1.65127e-10        8.30298e-13        2.84968e-18            0.73276
94         0.00237365         2.5118e-05        4.29507e-06             101325           0.170996        4.29507e-06            1980.04                  0           0.983748            7.59751         2.3817e+07        6.44556e-05        7.10449e-06        0.000301089          0.0450634         0.00196923          0.0985762        2.21472e-06        2.94042e-18        2.11851e-19        3.66259e-17        8.78155e-17         0.00211161           0.119145        1.47056e-10        7.59886e-13        2.39002e-18            0.73276
95         0.00239877         2.5118e-05        4.29259e-06             101325           0.170897        4.29259e-06            1981.39                  0           0.984668            6.91251         2.1667e+07         6.1563e-05        6.61771e-06        0.000287137           0.045018         0.00192643          0.0986291        2.14463e-06        2.03468e-18        1.46273e-19        2.58249e-17         6.1427e-17         0.00201933            0.11929        1.30966e-10        6.95385e-13        2.01181e-18            0.73276
96         0.00242388         2.5118e-05        4.29023e-06             101325           0.170803        4.29023e-06            1982.68                  0           0.985551            6.29364        1.97035e+07        5.88022e-05        6.16515e-06        0.000273862          0.0449751         0.00188452            0.09868         2.0779e-06        1.41631e-18        1.01592e-19        1.83169e-17        4.32316e-17           0.001931           0.119428        1.16657e-10        6.36372e-13        1.69872e-18            0.73276
97           0.002449         2.5118e-05        4.28797e-06             101325           0.170713        4.28797e-06            1983.91                  0           0.986397            5.73509        1.79128e+07        5.61706e-05        5.74488e-06        0.000261246          0.0449346         0.00184356           0.098729        2.01452e-06        9.91828e-19        7.09818e-20        1.30687e-17        3.06122e-17         0.00184655           0.119561        1.03944e-10        5.82446e-13        1.43831e-18            0.73276
98         0.00247412         2.5118e-05        4.28581e-06             101325           0.170627        4.28581e-06            1985.09                  0           0.987207            5.23142        1.62817e+07        5.36653e-05        5.35502e-06         0.00024927          0.0448965         0.00180358           0.098776        1.95443e-06         6.9883e-19        4.98951e-20        9.37965e-18        2.18091e-17         0.00176592           0.119688        9.26598e-11        5.33224e-13        1.22088e-18            0.73276
99         0.00249924         2.5118e-05        4.28376e-06             101325           0.170546        4.28376e-06            1986.22                  0           0.987981            4.77755        1.47978e+07        5.12833e-05        4.99375e-06        0.000237916          0.0448606         0.00176463          0.0988212         1.8976e-06        4.95461e-19        3.52878e-20        6.77193e-18        1.56323e-17         0.00168903           0.119808        8.26528e-11        4.88348e-13        1.03881e-18            0.73276
100         0.00252436         2.5118e-05         4.2818e-06             101325           0.170468         4.2818e-06            1987.29                  0           0.988721            4.36875        1.34493e+07        4.90215e-05        4.65932e-06        0.000227164          0.0448268         0.00172673          0.0988645        1.84396e-06        3.53507e-19         2.5112e-20        4.91827e-18         1.1273e-17          0.0016158           0.119923        7.37852e-11        4.47477e-13        8.85974e-19            0.73276
101         0.00254947         2.5118e-05        4.27994e-06             101325           0.170394        4.27994e-06            1988.32                  0           0.989426            4.00061        1.22251e+07        4.68767e-05        4.35007e-06        0.000216995          0.0447951         0.00168992          0.0989059        1.79345e-06        2.53856e-19        1.79832e-20        3.59323e-18        8.17857e-18         0.00154615           0.120033        6.59328e-11        4.10291e-13        7.57425e-19            0.73276
102         0.00257459         2.5118e-05        4.27818e-06             101325           0.170323        4.27818e-06            1989.29                  0           0.990097            3.66906        1.11148e+07        4.48452e-05        4.06437e-06         0.00020739          0.0447654         0.00165423          0.0989455        1.74599e-06        1.83499e-19        1.29603e-20        2.64077e-18        5.96923e-18         0.00147999           0.120137        5.89835e-11         3.7649e-13        6.49123e-19            0.73276
103         0.00259971         2.5118e-05         4.2765e-06             101325           0.170257         4.2765e-06            1990.21                  0           0.990736            3.37035        1.01084e+07        4.29238e-05        3.80068e-06        0.000198327          0.0447376         0.00161968          0.0989833        1.70149e-06        1.33536e-19        9.40091e-21         1.9523e-18        4.38273e-18         0.00141722           0.120235        5.28364e-11        3.45793e-13        5.57741e-19            0.73276
104         0.00262483         2.5118e-05        4.27491e-06             101325           0.170193        4.27491e-06            1991.08                  0           0.991343            3.10103        9.19682e+06        4.11086e-05        3.55754e-06        0.000189787          0.0447116         0.00158629          0.0990194        1.65987e-06        9.78455e-20        6.86397e-21        1.45189e-18        3.23694e-18         0.00135775           0.120329         4.7401e-11        3.17937e-13         4.8053e-19            0.73276
105         0.00264995         2.5118e-05        4.27341e-06             101325           0.170134        4.27341e-06            1991.91                  0           0.991919            2.85793        8.37148e+06        3.93961e-05        3.33352e-06        0.000181749          0.0446873         0.00155408          0.0990538        1.62101e-06        7.21997e-20        5.04522e-21        1.08616e-18        2.40471e-18         0.00130147           0.120417        4.25963e-11        2.92679e-13        4.15206e-19            0.73276
106         0.00267506         2.5118e-05        4.27199e-06             101325           0.170077        4.27199e-06             1992.7                  0           0.992465            2.63818        7.62442e+06        3.77825e-05        3.12731e-06        0.000174193          0.0446647         0.00152306          0.0990865        1.58482e-06        5.36608e-20        3.73366e-21        8.17375e-19        1.79683e-18         0.00124828           0.120501        3.83498e-11        2.69792e-13        3.59866e-19            0.73276
107         0.00270018         2.5118e-05        4.27065e-06             101325           0.170024        4.27065e-06            1993.44                  0           0.992981            2.43918        6.94826e+06        3.62641e-05        2.93763e-06        0.000167099          0.0446437         0.00149325          0.0991175        1.55118e-06        4.01779e-20        2.78227e-21        6.18765e-19        1.35031e-18         0.00119808            0.12058         3.4597e-11        2.49065e-13        3.12919e-19            0.73276
108          0.0027253         2.5118e-05        4.26938e-06             101325           0.169973        4.26938e-06            1994.14                  0           0.993469            2.25856        6.33619e+06        3.48369e-05        2.76329e-06        0.000160446          0.0446241         0.00146464           0.099147        1.51998e-06         3.0312e-20        2.08802e-21        4.71206e-19         1.0205e-18         0.00115076           0.120654        3.12803e-11        2.30305e-13        2.73037e-19            0.73276
109         0.00275042         2.5118e-05        4.26819e-06             101325           0.169926        4.26819e-06             1994.8                  0            0.99393            2.09423        5.78198e+06        3.34973e-05        2.60317e-06        0.000154215          0.0446059         0.00143724          0.0991749        1.49109e-06        2.30481e-20        1.57839e-21        3.60982e-19        7.75565e-19         0.00110621           0.120724        2.83486e-11        2.13333e-13        2.39105e-19            0.73276
110         0.00277554         2.5118e-05        4.26707e-06             101325           0.169881        4.26707e-06            1995.42                  0           0.994364            1.94429        5.27989e+06        3.22413e-05         2.4562e-06        0.000148384          0.0445891         0.00141104          0.0992013        1.46441e-06        1.76665e-20        1.20202e-21        2.78206e-19         5.9267e-19         0.00106433            0.12079        2.57566e-11        1.97984e-13        2.10191e-19            0.73276
111         0.00280065         2.5118e-05        4.26601e-06             101325           0.169839        4.26601e-06               1996                  0           0.994773            1.80706        4.82472e+06        3.10652e-05        2.32139e-06        0.000142936          0.0445735         0.00138604          0.0992263        1.43981e-06        1.36544e-20        9.22381e-22         2.1571e-19        4.55372e-19         0.00102499           0.120851        2.34642e-11        1.84107e-13         1.8551e-19            0.73276
112         0.00282577         2.5118e-05        4.26502e-06             101325             0.1698        4.26502e-06            1996.55                  0           0.995158            1.68108        4.41173e+06        2.99654e-05         2.1978e-06        0.000137849          0.0445591         0.00136222          0.0992498        1.41717e-06        1.06441e-20        7.13354e-22        1.68278e-19        3.51759e-19          0.0009881           0.120909        2.14359e-11        1.71566e-13        1.64406e-19            0.73276
113         0.00285089         2.5118e-05         4.2641e-06             101325           0.169763         4.2641e-06            1997.06                  0           0.995519            1.56503        4.03662e+06         2.8938e-05        2.08457e-06        0.000133107          0.0445457         0.00133958           0.099272        1.39637e-06        8.37112e-21        5.56152e-22         1.3209e-19        2.73163e-19        0.000953544           0.120964        1.96402e-11        1.60232e-13        1.46326e-19            0.73276
114         0.00287601         2.5118e-05        4.26323e-06             101325           0.169728        4.26323e-06            1997.55                  0           0.995858            1.45778        3.69553e+06        2.79794e-05        1.98087e-06        0.000128689          0.0445334         0.00131808          0.0992929         1.3773e-06        6.64377e-21        4.37203e-22        1.04337e-19        2.13239e-19        0.000921215           0.121014        1.80496e-11        1.49992e-13        1.30808e-19            0.73276
115         0.00290113         2.5118e-05        4.26242e-06             101325           0.169696        4.26242e-06               1998                  0           0.996175            1.35835        3.38499e+06        2.70862e-05        1.88595e-06         0.00012458           0.044522         0.00129772          0.0993125        1.35983e-06        5.32258e-21        3.46646e-22         8.2946e-20        1.67323e-19        0.000891008           0.121062        1.66398e-11        1.40742e-13        1.17461e-19            0.73276
116         0.00292624         2.5118e-05        4.26166e-06             101325           0.169666        4.26166e-06            1998.42                  0           0.996472             1.2659        3.10188e+06        2.62548e-05        1.79911e-06         0.00012076          0.0445115         0.00127847          0.0993309        1.34386e-06        4.30547e-21         2.7728e-22        6.63739e-20        1.31969e-19        0.000862818           0.121106        1.53892e-11        1.32384e-13        1.05958e-19            0.73276
117         0.00295136         2.5118e-05        4.26095e-06             101325           0.169638        4.26095e-06            1998.81                  0           0.996749            1.17967        2.84343e+06        2.54818e-05         1.7197e-06        0.000117214          0.0445019         0.00126029          0.0993481        1.32929e-06        3.51737e-21        2.23821e-22        5.34715e-20        1.04615e-19        0.000836544           0.121147        1.42791e-11        1.24835e-13        9.60229e-20            0.73276
118         0.00297648         2.5118e-05        4.26029e-06             101325           0.169611        4.26029e-06            1999.18                  0           0.997008            1.09907        2.60718e+06         2.4764e-05         1.6471e-06        0.000113925           0.044493         0.00124316          0.0993642          1.316e-06        2.90273e-21        1.82368e-22        4.33767e-20        8.33536e-20        0.000812084           0.121186        1.32928e-11        1.18014e-13        8.74236e-20            0.73276
119          0.0030016         2.5118e-05        4.25968e-06             101325           0.169587        4.25968e-06            1999.52                  0           0.997249            1.02355        2.39091e+06        2.40982e-05        1.58077e-06        0.000110878          0.0444849         0.00122705          0.0993793         1.3039e-06        2.42028e-21        1.50027e-22        3.54402e-20        6.67512e-20        0.000789343           0.121222        1.24158e-11        1.11853e-13        7.99642e-20            0.73276
120         0.00302672         2.5118e-05        4.25911e-06             101325           0.169564        4.25911e-06            1999.83                  0           0.997474           0.952678        2.19268e+06        2.34814e-05        1.52019e-06        0.000108058          0.0444774         0.00121193          0.0993934         1.2929e-06        2.03913e-21        1.24643e-22        2.91709e-20        5.37292e-20        0.000768224           0.121255        1.16353e-11        1.06286e-13        7.34795e-20            0.73276
121         0.00305183         2.5118e-05        4.25858e-06             101325           0.169543        4.25858e-06            2000.13                  0           0.997682           0.886064        2.01078e+06        2.29105e-05        1.46487e-06         0.00010545          0.0444706         0.00119775          0.0994065        1.28291e-06        1.73608e-21        1.04599e-22        2.41951e-20        4.34712e-20        0.000748636           0.121286        1.09402e-11        1.01256e-13        6.78299e-20            0.73276
122         0.00307695         2.5118e-05        4.25809e-06             101325           0.169524        4.25809e-06             2000.4                  0           0.997876           0.823394        1.84367e+06        2.23828e-05        1.41438e-06        0.000103042          0.0444643         0.00118448          0.0994187        1.27384e-06        1.49361e-21        8.86755e-23        2.02278e-20        3.53563e-20         0.00073049           0.121314        1.03205e-11        9.67108e-14        6.28974e-20            0.73276
123         0.00310207         2.5118e-05        4.25764e-06             101325           0.169506        4.25764e-06            2000.65                  0           0.998056             0.7644        1.69001e+06        2.18955e-05        1.36832e-06         0.00010082          0.0444586         0.00117209            0.09943        1.26562e-06        1.29839e-21        7.59513e-23        1.70501e-20        2.89104e-20        0.000713701            0.12134        9.76754e-12        9.26034e-14         5.8582e-20            0.73276
124         0.00312719         2.5118e-05        4.25722e-06             101325           0.169489        4.25722e-06            2000.89                  0           0.998222           0.708853         1.5486e+06         2.1446e-05        1.32632e-06        9.87713e-05          0.0444533         0.00116054          0.0994405        1.25817e-06        1.14024e-21         6.5724e-23        1.44936e-20        2.37698e-20        0.000698185           0.121365        9.27381e-12        8.88914e-14        5.47987e-20            0.73276
125         0.00315231         2.5118e-05        4.25683e-06             101325           0.169473        4.25683e-06             2001.1                  0           0.998376           0.656557        1.41839e+06        2.10319e-05        1.28803e-06        9.68851e-05          0.0444485         0.00114978          0.0994502        1.25143e-06        1.01136e-21        5.74562e-23        1.24278e-20        1.96542e-20        0.000683863           0.121387        8.83257e-12        8.55366e-14        5.14755e-20            0.73276
126         0.00317742         2.5118e-05        4.25647e-06             101325           0.169459        4.25647e-06             2001.3                  0           0.998518           0.607346        1.29842e+06        2.06508e-05        1.25314e-06          9.515e-05          0.0444441         0.00113979          0.0994592        1.24534e-06        9.05709e-22        5.07348e-23        1.07513e-20        1.63468e-20         0.00067066           0.121408        8.43797e-12        8.25045e-14        4.85508e-20            0.73276
127         0.00320254         2.5118e-05        4.25614e-06             101325           0.169446        4.25614e-06            2001.49                  0           0.998649           0.561072        1.18788e+06        2.03004e-05        1.22136e-06        9.35555e-05          0.0444401         0.00113051          0.0994676        1.23983e-06        8.18607e-22        4.52403e-23        9.38504e-21        1.36792e-20        0.000658503           0.121427        8.08482e-12        7.97641e-14        4.59725e-20            0.73276
128         0.00322766         2.5118e-05        4.25584e-06             101325           0.169434        4.25584e-06            2001.65                  0            0.99877           0.517603          1.086e+06        1.99787e-05        1.19244e-06        9.20917e-05          0.0444365         0.00112193          0.0994752        1.23485e-06        7.46401e-22        4.07245e-23        8.26701e-21          1.152e-20        0.000647322           0.121445        7.76858e-12        7.72876e-14        4.36955e-20            0.73276
129         0.00325278         2.5118e-05        4.25556e-06             101325           0.169423        4.25556e-06            2001.81                  0           0.998881            0.47682             992114        1.96837e-05        1.16612e-06        9.07493e-05          0.0444332         0.00111398          0.0994823        1.23036e-06        6.86224e-22        3.69938e-23        7.34839e-21        9.76608e-21        0.000637052           0.121461        7.48523e-12        7.50496e-14        4.16817e-20            0.73276
130          0.0032779         2.5118e-05         4.2553e-06             101325           0.169413         4.2553e-06            2001.95                  0           0.998983           0.438612             905625        1.94133e-05        1.14219e-06        8.95197e-05          0.0444301         0.00110665          0.0994888         1.2263e-06        6.35817e-22        3.38959e-23        6.59065e-21        8.33665e-21        0.000627631           0.121476        7.23123e-12        7.30276e-14         3.9898e-20            0.73276
131         0.00330301         2.5118e-05        4.25507e-06             101325           0.169403        4.25507e-06            2002.08                  0           0.999077           0.402876             825984        1.91659e-05        1.12044e-06        8.83945e-05          0.0444274         0.00109989          0.0994948        1.22265e-06        5.93388e-22         3.1311e-23        5.96318e-21        7.16781e-21        0.000618998           0.121489        7.00345e-12         7.1201e-14        3.83161e-20            0.73276
132         0.00332813         2.5118e-05        4.25486e-06             101325           0.169395        4.25486e-06             2002.2                  0           0.999163           0.369511             752693        1.89399e-05        1.10069e-06        8.73661e-05          0.0444249         0.00109367          0.0995003        1.21935e-06         5.5751e-22         2.9144e-23        5.44164e-21        6.20895e-21          0.0006111           0.121502        6.79913e-12        6.95514e-14        3.69116e-20            0.73276
133         0.00335325         2.5118e-05        4.25466e-06             101325           0.169387        4.25466e-06            2002.31                  0           0.999242           0.338421             685302        1.87335e-05        1.08276e-06        8.64272e-05          0.0444226         0.00108796          0.0995053        1.21638e-06         5.2704e-22        2.73193e-23        5.00656e-21        5.41987e-21        0.000603882           0.121513        6.61582e-12        6.80623e-14        3.56634e-20            0.73276
134         0.00337837         2.5118e-05        4.25448e-06             101325            0.16938        4.25448e-06            2002.41                  0           0.999313           0.309512             623396        1.85453e-05        1.06651e-06        8.55712e-05          0.0444206         0.00108272          0.0995099        1.21371e-06        5.01058e-22        2.57763e-23        4.64232e-21        4.76849e-21        0.000597295           0.121523        6.45136e-12        6.67187e-14        3.45532e-20            0.73276
135         0.00340349         2.5118e-05        4.25432e-06             101325           0.169373        4.25432e-06             2002.5                  0           0.999379            0.28269             566592         1.8374e-05        1.05179e-06        8.47918e-05          0.0444187         0.00107793          0.0995141         1.2113e-06        4.78821e-22        2.44665e-23        4.33634e-21        4.22917e-21        0.000591293           0.121533        6.30383e-12         6.5507e-14        3.35652e-20            0.73276
136          0.0034286         2.5118e-05        4.25417e-06             101325           0.169368        4.25417e-06            2002.58                  0           0.999439           0.257863             514543        1.82183e-05        1.03846e-06        8.40832e-05           0.044417         0.00107355          0.0995179        1.20914e-06        4.59725e-22        2.33505e-23        4.07848e-21        3.78132e-21        0.000585833           0.121541        6.17152e-12        6.44152e-14        3.26855e-20            0.73276
137         0.00345372         2.5118e-05        4.25404e-06             101325           0.169362        4.25404e-06            2002.66                  0           0.999493           0.234942             466924         1.8077e-05        1.02642e-06          8.344e-05          0.0444155         0.00106956          0.0995214         1.2072e-06        4.43278e-22        2.23965e-23         3.8605e-21        3.40837e-21        0.000580874           0.121549        6.05293e-12        6.34322e-14        3.19024e-20            0.73276
138         0.00347884         2.5118e-05        4.25391e-06             101325           0.169357        4.25391e-06            2002.73                  0           0.999543           0.213839             423437         1.7949e-05        1.01555e-06        8.28572e-05          0.0444142         0.00106592          0.0995246        1.20546e-06        4.29074e-22        2.15786e-23        3.67572e-21        3.09697e-21        0.000576379           0.121556        5.94671e-12        6.25484e-14        3.12052e-20            0.73276
139         0.00350396         2.5118e-05         4.2538e-06             101325           0.169353         4.2538e-06            2002.79                  0           0.999587           0.194466             383807        1.78333e-05        1.00576e-06        8.23302e-05          0.0444129         0.00106263          0.0995274         1.2039e-06        4.16784e-22        2.08757e-23        3.51869e-21        2.83631e-21        0.000572314           0.121562        5.85169e-12        6.17548e-14        3.05849e-20            0.73276
140         0.00352908         2.5118e-05         4.2537e-06             101325           0.169349         4.2537e-06            2002.84                  0           0.999628           0.176741             347782         1.7729e-05        9.96963e-07         8.1855e-05          0.0444118         0.00105964            0.09953        1.20251e-06        4.06133e-22        2.02704e-23        3.38498e-21        2.61765e-21        0.000568646           0.121568        5.76681e-12        6.10436e-14        3.00336e-20            0.73276
141         0.00355419         2.5118e-05        4.25361e-06             101325           0.169345        4.25361e-06            2002.89                  0           0.999665           0.160585             315130        1.76352e-05        9.89073e-07        8.14276e-05          0.0444108         0.00105695          0.0995324        1.20126e-06        3.96896e-22        1.97487e-23        3.27095e-21        2.43389e-21        0.000565347           0.121573        5.69115e-12        6.04078e-14        2.95444e-20            0.73276
142         0.00357931         2.5118e-05        4.25353e-06             101325           0.169342        4.25353e-06            2002.94                  0           0.999697           0.145921             285639        1.75512e-05        9.82024e-07        8.10447e-05          0.0444099         0.00105453          0.0995345        1.20016e-06        3.88885e-22        1.92987e-23        3.17362e-21        2.27927e-21        0.000562392           0.121578         5.6239e-12        5.98412e-14        2.91114e-20            0.73276
143         0.00360443         2.5118e-05        4.25346e-06             101325           0.169339        4.25346e-06            2002.98                  0           0.999727           0.132678             259120        1.74763e-05        9.75754e-07        8.07033e-05          0.0444092         0.00105237          0.0995363        1.19918e-06        3.81947e-22         1.8911e-23        3.09057e-21        2.14914e-21        0.000559755           0.121582        5.56435e-12        5.93383e-14        2.87294e-20            0.73276
144         0.00362955         2.5118e-05         4.2534e-06             101325           0.169337         4.2534e-06            2003.01                  0           0.999753           0.120791             235401        1.74099e-05        9.70207e-07        8.04006e-05          0.0444085         0.00105045           0.099538        1.19832e-06        3.75953e-22        1.85776e-23        3.01982e-21        2.03971e-21        0.000557418           0.121586         5.5119e-12        5.88944e-14         2.8394e-20            0.73276
145         0.00365467         2.5118e-05        4.25334e-06             101325           0.169335        4.25334e-06            2003.05                  0           0.999776           0.110202             214336        1.73516e-05        9.65338e-07        8.01343e-05          0.0444079         0.00104876          0.0995394        1.19756e-06        3.70801e-22        1.82922e-23        2.95976e-21        1.94793e-21        0.000555363           0.121589        5.46603e-12        5.85055e-14        2.81015e-20            0.73276
146         0.00367978         2.5118e-05         4.2533e-06             101325           0.169333         4.2533e-06            2003.07                  0           0.999796           0.100861             195796        1.73008e-05        9.61108e-07        7.99026e-05          0.0444073         0.00104728          0.0995407        1.19691e-06        3.66406e-22        1.80497e-23         2.9091e-21        1.87138e-21        0.000553573           0.121592        5.42631e-12        5.81681e-14        2.78489e-20            0.73276
147          0.0037049         2.5118e-05        4.25325e-06             101325           0.169331        4.25325e-06             2003.1                  0           0.999814          0.0927247             179676        1.72572e-05        9.57486e-07        7.97039e-05          0.0444069         0.00104601          0.0995418        1.19635e-06        3.62701e-22        1.78458e-23        2.86682e-21        1.80812e-21        0.000552039           0.121594        5.39239e-12        5.78796e-14        2.76336e-20            0.73276
148         0.00373002         2.5118e-05        4.25322e-06             101325            0.16933        4.25322e-06            2003.12                  0           0.999829          0.0857607             165897        1.72207e-05        9.54449e-07        7.95371e-05          0.0444065         0.00104495          0.0995427        1.19588e-06        3.59635e-22        1.76776e-23        2.83213e-21        1.75667e-21        0.000550751           0.121596        5.36402e-12         5.7638e-14        2.74539e-20            0.73276
149         0.00375514         2.5118e-05        4.25319e-06             101325           0.169329        4.25319e-06            2003.13                  0           0.999842          0.0799466             154403         1.7191e-05        9.51982e-07        7.94014e-05          0.0444062         0.00104408          0.0995435         1.1955e-06        3.57171e-22        1.75428e-23        2.80446e-21        1.71592e-21        0.000549704           0.121598        5.34102e-12         5.7442e-14        2.73084e-20            0.73276
150         0.00378026         2.5118e-05        4.25317e-06             101325           0.169328        4.25317e-06            2003.14                  0           0.999852          0.0752711             145163         1.7168e-05        9.50079e-07        7.92966e-05           0.044406         0.00104341          0.0995441        1.19521e-06        3.55286e-22        1.74398e-23         2.7834e-21        1.68511e-21        0.000548895           0.121599         5.3233e-12        5.72909e-14        2.71965e-20            0.73276
151         0.00380537         2.5118e-05        4.25315e-06             101325           0.169327        4.25315e-06            2003.15                  0           0.999859          0.0717354             138178        1.71519e-05         9.4874e-07        7.92229e-05          0.0444058         0.00104294          0.0995445          1.195e-06        3.53968e-22        1.73679e-23        2.76875e-21        1.66377e-21        0.000548326             0.1216        5.31085e-12        5.71846e-14        2.71179e-20            0.73276
152         0.00383049         2.5118e-05        4.25315e-06             101325           0.169327        4.25315e-06            2003.16                  0           0.999864          0.0693529             133471        1.71426e-05        9.47974e-07        7.91807e-05          0.0444057         0.00104267          0.0995447        1.19489e-06        3.53218e-22         1.7327e-23        2.76043e-21        1.65168e-21           0.000548           0.121601        5.30374e-12        5.71239e-14         2.7073e-20            0.73276
