# Time 0.00052
# eta = 0.002
# length = 0.000483243
#--- 	  	 LEM Line data  --- 
#(1) wafer              (2) x             (3) dx              (4) m              (5) p            (6) rho              (7) m              (8) T              (9) Z             (10) C          (11) dCdt       (12) heatRel                  (13) Y_H2                  (14) Y_H                  (15) Y_O                  (16) Y_O2                  (17) Y_OH                  (18) Y_H2O                  (19) Y_HO2                  (20) Y_CH2                  (21) Y_CH2(S)                  (22) Y_CH3                  (23) Y_CH4                  (24) Y_CO                  (25) Y_CO2                  (26) Y_HCO                  (27) Y_CH2O                  (28) Y_CH2OH                  (29) Y_N2
0         1.2559e-05         2.5118e-05        2.83934e-05             101325             1.1304        2.83934e-05            300.332                  0                  0                  0       6.95319e-310         1.4498e-08        3.10528e-17        3.16833e-12            0.22257           1.04e-12        1.58098e-05         1.5473e-08        7.80931e-18        4.04329e-19        1.41626e-07          0.0446348        4.45525e-07        1.86224e-05        5.38268e-18        5.97135e-08        8.80691e-22            0.73276
1         3.7677e-05         2.5118e-05        2.83779e-05             101325            1.12978        2.83779e-05            300.496                  0        0.000163241        8.31538e-08            1.63853        2.27821e-08        5.41451e-17        3.80532e-12           0.222556        1.54901e-12        2.36554e-05        2.26922e-08        1.70617e-17        8.83945e-19        2.13093e-07          0.0446312        7.06975e-07        2.78091e-05        1.18149e-17        9.23436e-08        1.93254e-21            0.73276
2         6.2795e-05         2.5118e-05         2.8351e-05             101325            1.12871         2.8351e-05            300.781                  0        0.000236065        1.21456e-07            3.19513        3.86359e-08        9.43087e-17         4.1023e-12           0.222532         2.4349e-12        3.73062e-05         3.4741e-08        4.30679e-17         2.2347e-18        3.38877e-07           0.044625        1.21634e-06        4.37193e-05        3.00434e-17        1.52932e-07        4.91778e-21            0.73276
3         8.7913e-05         2.5118e-05        2.83052e-05             101325            1.12689        2.83052e-05            301.267                  0        0.000372693        1.96344e-07            7.39255        6.81059e-08         1.5941e-16        4.07982e-12           0.222491        3.97444e-12        6.07087e-05        5.47812e-08        1.15517e-16        6.00777e-18        5.56518e-07          0.0446142        2.17881e-06        7.08741e-05        8.13706e-17        2.62551e-07        1.33631e-20            0.73276
4        0.000113031         2.5118e-05        2.82308e-05             101325            1.12393        2.82308e-05            302.061                  0        0.000605799        3.34548e-07            18.3495        1.20709e-07        2.56127e-16        3.69707e-12           0.222424        6.56075e-12        9.89859e-05        8.66348e-08        3.12341e-16        1.63041e-17        9.15937e-07          0.0445967        3.92835e-06         0.00011505        2.22827e-16        4.52424e-07        3.68828e-20            0.73276
5        0.000138149         2.5118e-05        2.81143e-05             101325            1.11929        2.81143e-05            303.312                  0        0.000985523        5.89581e-07            46.2843        2.12294e-07        3.96826e-16         3.0026e-12           0.222318        1.08331e-11         0.00015957        1.35697e-07        8.32578e-16        4.37026e-17        1.49067e-06          0.0445688        7.03614e-06        0.000184511        6.03965e-16        7.72192e-07        1.01474e-19            0.73276
6        0.000163267         2.5118e-05        2.79376e-05             101325            1.11225        2.79376e-05            305.229                  0         0.00158395        1.07098e-06            115.318        3.68571e-07        6.29534e-16        2.14469e-12           0.222154        1.78476e-11         0.00025285          2.094e-07        2.17077e-15        1.14885e-16        2.38518e-06          0.0445258         1.2455e-05        0.000290595        1.60961e-15        1.29845e-06        2.77452e-19            0.73276
7        0.000188385         2.5118e-05        2.76778e-05             101325            1.10191        2.76778e-05            308.092                  0         0.00250085        2.01229e-06            279.735        6.30123e-07        1.12432e-15         1.3227e-12           0.221909        2.94008e-11        0.000392813        3.17794e-07        5.53044e-15        2.96194e-16        3.74237e-06          0.0444611        2.17335e-05        0.000448207        4.22016e-15        2.14584e-06        7.57827e-19            0.73276
8        0.000213503         2.5118e-05        2.73085e-05             101325            1.08721        2.73085e-05            312.255                  0          0.0038688        3.92902e-06            655.721        1.05907e-06        2.38446e-15         6.9328e-13           0.221552        4.86658e-11        0.000597527        4.74339e-07        1.38026e-14        7.51707e-16        5.74988e-06          0.0443663        3.73148e-05        0.000675993        1.09322e-14        3.48024e-06        2.08818e-18            0.73276
9        0.000238621         2.5118e-05        2.68024e-05             101325            1.06706        2.68024e-05            318.145                  0         0.00585631        7.99199e-06            1479.33        1.74713e-06        5.78448e-15        3.05907e-13           0.221045        8.15007e-11        0.000889305        6.97033e-07        3.39072e-14          1.889e-15        8.64299e-06          0.0442308        6.29197e-05        0.000996017         2.8168e-14        5.53265e-06        5.87721e-18            0.73276
10        0.000263739         2.5118e-05        2.61356e-05             101325            1.04051        2.61356e-05            326.252                  0         0.00866706        1.69339e-05            3205.74        2.82412e-06        1.50713e-14        1.14059e-13           0.220342        1.39134e-10         0.00129435        1.01016e-06        8.24465e-14        4.73074e-15        1.27017e-05          0.0440421        0.000103983         0.00143273        7.27213e-14        8.61077e-06        1.71066e-17            0.73276
11        0.000288857         2.5118e-05        2.52932e-05             101325            1.00698        2.52932e-05            337.102                  0          0.0125337        3.72955e-05             6669.8        4.46494e-06        4.07365e-14        3.75584e-14           0.219396         2.4357e-10         0.00184181        1.44692e-06        1.99324e-13         1.1864e-14        1.82405e-05          0.0437862        0.000168064         0.00201124        1.89204e-13         1.3104e-05         5.1944e-17            0.73276
12        0.000313975         2.5118e-05        2.42751e-05             101325           0.966444        2.42751e-05            351.216                  0          0.0177053        8.50387e-05            13335.1        6.89232e-06        1.12743e-13        1.55066e-14           0.218156        4.38252e-10         0.00256217        2.05324e-06        4.79956e-13        2.98307e-14          2.559e-05          0.0434483        0.000265108         0.00275502        4.97168e-13        1.94777e-05        1.64824e-16            0.73276
13        0.000339093         2.5118e-05        2.30987e-05             101325           0.919605        2.30987e-05            369.068                  0          0.0244301        0.000199521            25673.9        1.03727e-05         3.1678e-13        2.28379e-14           0.216574        8.08069e-10         0.00348543        2.89282e-06        1.14854e-12        7.49259e-14         3.5075e-05          0.0430135        0.000407413         0.00368367        1.31587e-12        2.82527e-05        5.42592e-16            0.73276
14        0.000364211         2.5118e-05        2.17973e-05             101325           0.867798        2.17973e-05            391.047                  0          0.0329364         0.00047742            47755.5        1.52044e-05        8.94148e-13        8.00265e-14           0.214606        1.51419e-09         0.00463921        4.05315e-06        2.71494e-12        1.86426e-13         4.6992e-05          0.0424679        0.000609214         0.00481122        3.48257e-12        3.99736e-05        1.82552e-15            0.73276
15        0.000389329         2.5118e-05        2.04158e-05             101325           0.812795        2.04158e-05             417.43                  0          0.0434159         0.00115132            86182.3        2.16986e-05        2.50949e-12        3.28855e-13           0.212218        2.84924e-09         0.00604737        5.65215e-06        6.28706e-12        4.54447e-13        6.15947e-05          0.0417993        0.000885916         0.00614549         9.1269e-12        5.51692e-05        6.16333e-15            0.73276
16        0.000414447         2.5118e-05        1.90019e-05             101325           0.756505        1.90019e-05            448.378                  0          0.0560152         0.00276025             151628        3.01589e-05        6.96144e-12        1.41203e-12            0.20938        5.31364e-09         0.00772946        7.84464e-06        1.41439e-11        1.07328e-12        7.90908e-05          0.0409976         0.00125312         0.00768872        2.34608e-11        7.43156e-05        2.05535e-14            0.73276
17        0.000439565         2.5118e-05        1.75998e-05             101325           0.700686        1.75998e-05            483.944                  0          0.0708357           0.006489             261393        4.08631e-05        1.91457e-11        6.16953e-12           0.206071        9.70918e-09         0.00970083        1.08284e-05        3.07324e-11        2.43529e-12        9.96506e-05          0.0400544         0.00172567         0.00943902        5.87755e-11        9.78101e-05        6.71918e-14            0.73276
18        0.000464683         2.5118e-05        1.62451e-05             101325            0.64675        1.62451e-05            524.095                  0          0.0879411          0.0147828             443688        5.40509e-05        5.28403e-11        2.69893e-11           0.202276        1.72556e-08          0.0119734        1.48494e-05        6.44684e-11        5.29436e-12        0.000123426          0.0389633         0.00231698          0.0113923        1.43401e-10        0.000125957        2.16343e-13            0.73276
19        0.000489801         2.5118e-05        1.49626e-05             101325           0.595691        1.49626e-05            568.744                  0            0.10737          0.0323836             745059         6.9919e-05        1.48652e-10        1.16755e-10           0.197982        2.98117e-08          0.0145567        2.02049e-05        1.31697e-10        1.10961e-11        0.000150575           0.037719         0.00303861           0.013544        3.42967e-10        0.000158964        6.97398e-13            0.73276
20        0.000514919         2.5118e-05        1.37673e-05             101325           0.548103        1.37673e-05            617.771                  0           0.129149           0.068134        1.24493e+06        8.86233e-05        4.30224e-10        4.94004e-10           0.193179        5.05506e-08          0.0174587         2.7245e-05        2.67947e-10        2.28527e-11        0.000181284          0.0363171         0.00390017          0.0158906        8.15631e-10        0.000196948         2.2954e-12            0.73276
21        0.000540037         2.5118e-05        1.26658e-05             101325           0.504254        1.26658e-05            671.046                  0           0.153303           0.138926        2.08961e+06        0.000110283        1.27547e-09        2.02157e-09           0.187857        8.62656e-08          0.0206869        3.63675e-05         5.6463e-10        4.79172e-11        0.000215794          0.0347535         0.00490947            0.01843        1.96695e-09        0.000239941        7.78084e-12            0.73276
22        0.000565155         2.5118e-05        1.16591e-05             101325           0.464171        1.16591e-05            728.436                  0           0.179862           0.281444        3.58384e+06        0.000134989        3.81202e-09        7.90994e-09           0.182007        1.54838e-07          0.0242481        4.80007e-05        1.29012e-09        1.07036e-10        0.000254431          0.0330244         0.00607265          0.0211621        4.89743e-09        0.000287888        2.68813e-11            0.73276
23        0.000590273         2.5118e-05        1.07436e-05             101325           0.427727        1.07436e-05            789.819                  0           0.208863           0.592377        6.44722e+06        0.000162807        1.12612e-08        2.92823e-08           0.175618        3.07637e-07          0.0281489        6.25611e-05        3.26957e-09        2.62516e-10        0.000297642          0.0311262         0.00739435          0.0240884        1.26722e-08        0.000340653         9.2492e-11            0.73276
24        0.000615391         2.5118e-05         9.9141e-06             101325           0.394701         9.9141e-06            855.079                  0           0.240349            1.36419        1.25141e+07        0.000193782        3.23516e-08        1.01741e-07           0.168681        6.91598e-07          0.0323948        8.03636e-05        8.99118e-09        6.99516e-10        0.000346052          0.0290557         0.00887769          0.0272113          3.373e-08         0.00039801        3.09595e-10            0.73276
25        0.000640509         2.5118e-05        9.16383e-06             101325           0.364831        9.16383e-06            924.096                  0           0.274362            3.50917        2.65362e+07        0.000227939        8.95026e-08        3.30325e-07           0.161192        1.70821e-06           0.036989         0.00010145        2.55681e-08         1.9415e-09        0.000400532          0.0268105          0.0105239          0.0305331        9.03268e-08         0.00045962        9.91085e-10            0.73276
26        0.000665627         2.5118e-05        8.48598e-06             101325           0.337845        8.48598e-06            996.738                  0            0.31093            9.75961        6.05271e+07        0.000265274        2.37536e-07        1.00157e-06            0.15315        4.39015e-06          0.0419297        0.000125288        7.19729e-08        5.37111e-09        0.000462157          0.0243903          0.0123316          0.0340546        2.37455e-07        0.000524966        3.00283e-09            0.73276
27        0.000690745         2.5118e-05        7.87406e-06             101325           0.313483        7.87406e-06            1072.82                  0           0.350049            27.7152        1.43478e+08        0.000305718        6.04297e-07        2.84234e-06           0.144571        1.12243e-05          0.0472062        0.000150314         1.9497e-07        1.43669e-08        0.000531768          0.0217986          0.0142952          0.0377729        6.00406e-07        0.000593192        8.55757e-09            0.73276
28        0.000715863         2.5118e-05        7.32231e-06             101325           0.291516        7.32231e-06            1152.05                  0           0.391651            76.6781        3.41089e+08        0.000349112        1.47272e-06        7.57853e-06           0.135477        2.78028e-05          0.0527984        0.000173393        5.00109e-07        3.64971e-08        0.000608583           0.019044          0.0164046          0.0416843        1.43885e-06         0.00066277        2.28418e-08           0.732759
29        0.000740981         2.5118e-05        6.82612e-06             101325           0.271762        6.82612e-06            1233.93                  0           0.435619            200.721        7.90468e+08        0.000395053        3.42668e-06        1.90465e-05           0.125905        6.57566e-05           0.058669        0.000189618        1.20054e-06        8.69513e-08        0.000687012          0.0161454          0.0186415          0.0457853         3.2288e-06        0.000730645        5.67945e-08           0.732758
30        0.000766099         2.5118e-05        6.38263e-06             101325           0.254106        6.38263e-06            1317.51                  0           0.481747             487.36        1.74416e+09        0.000442436        7.55077e-06        4.51432e-05           0.115933        0.000146924          0.0647403        0.000193426         2.6562e-06        1.91277e-07        0.000751558          0.0131471          0.0209665          0.0500688        6.68299e-06        0.000790261        1.30021e-07           0.732758
31        0.000791217         2.5118e-05        5.99172e-06             101325           0.238543        5.99172e-06            1401.02                  0           0.529585            1075.76        3.57231e+09        0.000488505        1.55404e-05         0.00010058           0.105722        0.000306551          0.0708553        0.000181485        5.26967e-06        3.78161e-07        0.000773352          0.0101423          0.0232917          0.0545202        1.24535e-05        0.000827994        2.67231e-07           0.732757
32        0.000816335         2.5118e-05        5.65695e-06             101325           0.225215        5.65695e-06            1481.28                  0           0.578219            2102.81        6.57163e+09        0.000527382        2.92727e-05        0.000208975          0.0955959        0.000588318          0.0767316         0.00015516        8.92315e-06        6.40554e-07        0.000718989         0.00729613          0.0254339          0.0591093        2.00969e-05        0.000819739        4.69695e-07           0.732756
33        0.000841453         2.5118e-05        5.38484e-06             101325           0.214382        5.38484e-06            1553.58                  0           0.625984            3519.16        1.03843e+10        0.000549603        4.92599e-05        0.000399048          0.0860946          0.0010202          0.0819586        0.000120435        1.20303e-05        8.69461e-07        0.000581343          0.0048338          0.0270811          0.0637791         2.6693e-05        0.000738412        6.58224e-07           0.732756
34        0.000866571         2.5118e-05        5.17965e-06             101325           0.206213        5.17965e-06            1613.12                  0           0.670467            4882.21        1.34013e+10        0.000547069         7.2846e-05        0.000685082          0.0778533         0.00157584          0.0861304        8.57171e-05        1.23328e-05        9.04198e-07        0.000404507         0.00294926           0.027882          0.0684325        2.81052e-05        0.000584779        7.01962e-07           0.732756
35        0.000891689         2.5118e-05        5.03597e-06             101325           0.200493        5.03597e-06            1658.04                  0           0.709294            5563.83        1.37714e+10        0.000522629        9.53248e-05         0.00103643          0.0712874         0.00216583          0.0890771        5.77048e-05        9.92056e-06        7.41094e-07         0.00024929         0.00168363          0.0276929          0.0729346        2.37509e-05        0.000406217        5.86579e-07           0.732756
36        0.000916807         2.5118e-05        4.93904e-06             101325           0.196633        4.93904e-06             1690.4                  0           0.741404             5360.3         1.1626e+10        0.000489252        0.000113398         0.00138512          0.0663912          0.0026936          0.0909423        3.85047e-05        6.76488e-06        5.15016e-07        0.000142465        0.000920345           0.026697          0.0771495        1.70266e-05         0.00025519        4.13628e-07           0.732757
37        0.000941925         2.5118e-05        4.87256e-06             101325           0.193987        4.87256e-06            1713.93                  0           0.767313            4615.27        8.61574e+09        0.000458531        0.000126278         0.00167496          0.0628575         0.00311154          0.0920303        2.66576e-05        4.20234e-06        3.25269e-07        7.83203e-05         0.00049121          0.0252324          0.0809874        1.10109e-05         0.00015063        2.64066e-07           0.732758
38        0.000967043         2.5118e-05        4.82436e-06             101325           0.192068        4.82436e-06            1731.93                  0           0.788261            3753.62        5.99341e+09        0.000435089        0.000134567         0.00188604          0.0603087         0.00341992          0.0926326        1.97254e-05        2.48753e-06        1.95198e-07        4.22879e-05        0.000259121          0.0235905           0.084417        6.71572e-06        8.59016e-05        1.59751e-07           0.732758
39        0.000992161         2.5118e-05        4.78691e-06             101325           0.190577        4.78691e-06            1746.56                  0           0.805466            2997.88          4.135e+09        0.000418672        0.000139209         0.00202414          0.0584305         0.00363953          0.0929592        1.57309e-05        1.43674e-06        1.14019e-07        2.26651e-05        0.000136039           0.021953          0.0874484        3.96614e-06        4.81072e-05        9.38951e-08           0.732759
40         0.00101728         2.5118e-05        4.75598e-06             101325           0.189346        4.75598e-06            1759.09                  0            0.81987            2402.84        2.94479e+09        0.000407322        0.000141077         0.00210434          0.0570005         0.00379325          0.0931416        1.34006e-05        8.19721e-07        6.56588e-08        1.21269e-05        7.13597e-05          0.0204126           0.090113        2.30259e-06         2.6699e-05        5.43387e-08           0.732759
41          0.0010424         2.5118e-05        4.72923e-06             101325           0.188281        4.72923e-06            1770.23                  0           0.832144            1951.38        2.21435e+09        0.000399043        0.000140878         0.00214191          0.0558729         0.00389952          0.0932557        1.19917e-05         4.6509e-07        3.75385e-08         6.4979e-06        3.74872e-05          0.0190075          0.0924503        1.32648e-06        1.47611e-05        3.11924e-08           0.732759
42         0.00106752         2.5118e-05        4.70538e-06             101325           0.187331        4.70538e-06            1780.38                  0           0.842758            1609.55        1.76696e+09         0.00039233        0.000139158         0.00214927          0.0549544         0.00397169          0.0933429        1.10897e-05         2.6341e-07        2.13931e-08        3.49336e-06        1.97505e-05          0.0177462          0.0945009        7.63358e-07        8.15497e-06        1.78363e-08            0.73276
43         0.00109263         2.5118e-05         4.6837e-06             101325           0.186468         4.6837e-06            1789.77                  0           0.852046            1346.93        1.48432e+09        0.000386204        0.000136337         0.00213561          0.0541854         0.00401902          0.0934243        1.04686e-05        1.49249e-07        1.21819e-08        1.88655e-06        1.04459e-05          0.0166223          0.0963032        4.41418e-07        4.51055e-06        1.01852e-08            0.73276
44         0.00111775         2.5118e-05        4.66374e-06             101325           0.185673        4.66374e-06            1798.54                  0           0.860253            1140.95         1.2953e+09        0.000380094         0.00013273          0.0021075          0.0535273         0.00404787            0.09351        1.00055e-05          8.471e-08          6.941e-09        1.02415e-06        5.54951e-06          0.0156237          0.0978917        2.58087e-07        2.50063e-06        5.81705e-09            0.73276
45         0.00114287         2.5118e-05        4.64524e-06             101325           0.184937        4.64524e-06            1806.77                  0           0.867566            975.993        1.15948e+09        0.000373709         0.00012858          0.0020695          0.0529541         0.00406264          0.0936039        9.63407e-06        4.81984e-08        3.96063e-09         5.5915e-07        2.96278e-06          0.0147357          0.0992973        1.53703e-07        1.39061e-06        3.32588e-09            0.73276
46         0.00116799         2.5118e-05        4.62799e-06             101325            0.18425        4.62799e-06            1814.52                  0           0.874129            841.473        1.05454e+09        0.000366931        0.000124072         0.00202483          0.0524482         0.00406647          0.0937069        9.31786e-06        2.75032e-08        2.26446e-09        3.07092e-07        1.59005e-06          0.0139442           0.100546        9.40754e-08        7.76044e-07        1.90468e-09            0.73276
47         0.00119311         2.5118e-05        4.61185e-06             101325           0.183607        4.61185e-06            1821.85                  0           0.880059            730.173        9.68357e+08        0.000359742        0.000119344         0.00197574          0.0519966         0.00406159          0.0938184        9.03673e-06        1.57425e-08        1.29761e-09        1.69682e-07        8.57978e-07           0.013236           0.101662        5.97774e-08         4.3472e-07        1.09292e-09            0.73276
48         0.00121822         2.5118e-05        4.59669e-06             101325           0.183004        4.59669e-06            1828.79                  0           0.885451            637.053        8.94324e+08        0.000352178        0.000114505         0.00192381          0.0515898         0.00404967          0.0939369        8.77924e-06         9.0392e-09        7.45367e-10        9.43267e-08        4.65541e-07          0.0125993           0.102664        3.98217e-08        2.44473e-07        6.28459e-10            0.73276
49         0.00124334         2.5118e-05        4.58243e-06             101325           0.182436        4.58243e-06            1835.38                  0           0.890384            558.481        8.28808e+08        0.000344302        0.000109633          0.0018702          0.0512207           0.004032           0.094061        8.53873e-06        5.20651e-09        4.29207e-10        5.27517e-08        2.54031e-07          0.0120238            0.10357        2.80075e-08        1.38029e-07        3.62183e-10            0.73276
50         0.00126846         2.5118e-05        4.56896e-06             101325             0.1819        4.56896e-06            1841.65                  0           0.894922            491.747        7.69741e+08        0.000336183         0.00010479         0.00181572          0.0508834         0.00400957          0.0941892        8.31114e-06        3.00812e-09        2.47764e-10        2.96749e-08        1.39405e-07          0.0115007           0.104392        2.08369e-08        7.82392e-08        2.09195e-10            0.73276
51         0.00129358         2.5118e-05        4.55623e-06             101325           0.181393        4.55623e-06            1847.62                  0            0.89912            434.771        7.15885e+08         0.00032789        0.000100019         0.00176099          0.0505734         0.00398315          0.0943203         8.0939e-06        1.74315e-09        1.43376e-10        1.67888e-08        7.69353e-08          0.0110225           0.105144        1.63345e-08        4.45226e-08          1.211e-10            0.73276
52          0.0013187         2.5118e-05        4.54417e-06             101325           0.180913        4.54417e-06            1853.32                  0           0.903025            385.907        6.66448e+08        0.000319484        9.53538e-05         0.00170644          0.0502868         0.00395339          0.0944532        7.88529e-06        1.01303e-09        8.31705e-11        9.55097e-09        4.26985e-08          0.0105828           0.105835        1.33825e-08        2.54344e-08        7.02591e-11            0.73276
53         0.00134381         2.5118e-05        4.53271e-06             101325           0.180457        4.53271e-06            1858.76                  0           0.906675            343.831        6.20874e+08         0.00031102        9.08164e-05         0.00165239          0.0500206         0.00392081          0.0945869        7.68406e-06        5.90357e-10        4.83616e-11        5.46242e-09        2.38292e-08          0.0101762           0.106474        1.13457e-08        1.45859e-08        4.08521e-11            0.73276
54         0.00136893         2.5118e-05        4.52181e-06             101325           0.180023        4.52181e-06            1863.98                  0           0.910103            307.459        5.78744e+08        0.000302545        8.64224e-05         0.00159909          0.0497721         0.00388584          0.0947206        7.48933e-06        3.44967e-10        2.81876e-11         3.1401e-09        1.33715e-08         0.00979801           0.107068        9.86124e-09        8.39706e-09        2.38054e-11            0.73276
55         0.00139405         2.5118e-05        4.51141e-06             101325           0.179609        4.51141e-06            1868.98                  0           0.913337            275.897        5.39719e+08        0.000294096        8.21816e-05          0.0015467          0.0495391         0.00384883          0.0948538        7.30036e-06        2.02107e-10        1.64678e-11        1.81399e-09        7.54369e-09         0.00944444           0.107623        8.72042e-09        4.85329e-09        1.39022e-11            0.73276
56         0.00141917         2.5118e-05        4.50149e-06             101325           0.179214        4.50149e-06            1873.78                  0           0.916401              248.4        5.03511e+08        0.000285703        7.80997e-05         0.00149535          0.0493199         0.00381009           0.094986         7.1166e-06        1.18714e-10        9.64342e-12        1.05289e-09        4.27832e-09         0.00911218           0.108145        7.80176e-09        2.81673e-09        8.13657e-12            0.73276
57         0.00144429         2.5118e-05          4.492e-06             101325           0.178836          4.492e-06             1878.4                  0           0.919314            224.348        4.69871e+08        0.000277392        7.41787e-05         0.00144512          0.0491127         0.00376985          0.0951168        6.93756e-06         6.9908e-11        5.66043e-12        6.13913e-10        2.43896e-09         0.00879845           0.108638        7.03358e-09        1.64216e-09        4.77266e-12            0.73276
58          0.0014694         2.5118e-05        4.48291e-06             101325           0.178474        4.48291e-06            1882.85                  0           0.922095            203.223        4.38577e+08        0.000269182        7.04186e-05         0.00139605          0.0489163         0.00372833           0.095246        6.76284e-06        4.12716e-11        3.33043e-12         3.5954e-10        1.39744e-09         0.00850091           0.109106        6.37267e-09        9.62307e-10        2.80581e-12            0.73276
59         0.00149452         2.5118e-05        4.47418e-06             101325           0.178126        4.47418e-06            1887.14                  0           0.924758            184.588        4.09432e+08        0.000261088        6.68174e-05         0.00134819          0.0487295         0.00368571          0.0953732        6.59211e-06        2.44275e-11        1.96428e-12         2.1147e-10        8.04667e-10         0.00821757           0.109551        5.79229e-09        5.67385e-10        1.65333e-12            0.73276
60         0.00151964         2.5118e-05         4.4658e-06             101325           0.177793         4.4658e-06            1891.28                  0           0.927314            168.081        3.82258e+08         0.00025312        6.33718e-05         0.00130154          0.0485513         0.00364212          0.0954985        6.42506e-06        1.44951e-11         1.1614e-12        1.24901e-10        4.65604e-10         0.00794675           0.109977         5.2753e-09        3.37122e-10         9.7655e-13            0.73276
61         0.00154476         2.5118e-05        4.45773e-06             101325           0.177472        4.45773e-06            1895.28                  0           0.929776            153.393        3.56895e+08        0.000245287        6.00777e-05         0.00125611          0.0483809         0.00359771          0.0956216        6.26145e-06         8.6237e-12        6.88432e-13        7.40746e-11        2.70709e-10         0.00768703           0.110385        4.81027e-09        2.02333e-10        5.78235e-13            0.73276
62         0.00156988         2.5118e-05        4.44997e-06             101325           0.177162        4.44997e-06            1899.15                  0           0.932152            140.269        3.33199e+08        0.000237595        5.69305e-05         0.00121189          0.0482176         0.00355257          0.0957425        6.10105e-06        5.14427e-12        4.09146e-13        4.41093e-11        1.58141e-10          0.0074372           0.110777         4.3892e-09        1.23088e-10        3.43271e-13            0.73276
63         0.00159499         2.5118e-05        4.44248e-06             101325           0.176864        4.44248e-06             1902.9                  0           0.934451            128.493        3.11042e+08        0.000230048        5.39249e-05         0.00116886          0.0480608         0.00350679          0.0958612        5.94367e-06        3.07709e-12         2.4382e-13        2.63715e-11        9.28161e-11         0.00719625           0.111156         4.0062e-09        7.62629e-11        2.04337e-13            0.73276
64         0.00162011         2.5118e-05        4.43525e-06             101325           0.176577        4.43525e-06            1906.53                  0           0.936678            117.882        2.90306e+08        0.000222648        5.10559e-05         0.00112701          0.0479099         0.00346045          0.0959777        5.78914e-06        1.84576e-12        1.45706e-13        1.58299e-11        5.47294e-11         0.00696331           0.111522        3.65678e-09        4.84269e-11        1.21983e-13            0.73276
65         0.00164523         2.5118e-05        4.42827e-06             101325           0.176299        4.42827e-06            1910.06                  0            0.93884            108.286        2.70887e+08        0.000215398        4.83182e-05         0.00108632          0.0477644         0.00341362          0.0960919        5.63733e-06        1.11038e-12        8.73258e-14        9.54032e-12         3.2421e-11         0.00673766           0.111877        3.33732e-09        3.17526e-11        7.30427e-14            0.73276
66         0.00167035         2.5118e-05        4.42152e-06             101325            0.17603        4.42152e-06            1913.48                  0           0.940941            99.5746         2.5269e+08        0.000208297        4.57065e-05         0.00104676           0.047624         0.00336635          0.0962039        5.48812e-06        6.69986e-13        5.24946e-14        5.77291e-12        1.92946e-11         0.00651868           0.112221        3.04485e-09        2.16639e-11        4.38802e-14            0.73276
67         0.00169547         2.5118e-05        4.41498e-06             101325            0.17577        4.41498e-06             1916.8                  0           0.942986              91.64        2.35629e+08        0.000201346        4.32158e-05         0.00100831          0.0474884          0.0033187          0.0963136        5.34141e-06        4.05512e-13        3.16548e-14        3.50743e-12        1.15359e-11         0.00630586           0.112555        2.77684e-09        1.54775e-11        2.64539e-14            0.73276
68         0.00172058         2.5118e-05        4.40866e-06             101325           0.175518        4.40866e-06            1920.03                  0           0.944978            84.3904        2.19627e+08        0.000194545         4.0841e-05        0.000970938          0.0473572         0.00327071          0.0964212        5.19712e-06        2.46224e-13        1.91499e-14        2.13975e-12        6.92906e-12         0.00609876            0.11288        2.53111e-09        1.16143e-11        1.60096e-14            0.73276
69          0.0017457         2.5118e-05        4.40253e-06             101325           0.175274        4.40253e-06            1923.17                  0            0.94692            77.7483        2.04614e+08        0.000187892        3.85775e-05        0.000934629          0.0472302         0.00322243          0.0965265        5.05518e-06            1.5e-13        1.16238e-14        1.31082e-12        4.18135e-12         0.00589701           0.113197        2.30574e-09         9.1425e-12        9.73011e-15            0.73276
70         0.00177082         2.5118e-05        4.39659e-06             101325           0.175038        4.39659e-06            1926.22                  0           0.948815            71.6477        1.90526e+08        0.000181388        3.64206e-05        0.000899356          0.0471073         0.00317388          0.0966298        4.91555e-06        9.16925e-14        7.07992e-15        8.06406e-13        2.53506e-12         0.00570033           0.113506        2.09903e-09         7.5099e-12        5.94185e-15            0.73276
71         0.00179594         2.5118e-05        4.39084e-06             101325           0.174808        4.39084e-06            1929.19                  0           0.950666            66.0325        1.77304e+08        0.000175032        3.43661e-05        0.000865097          0.0469882         0.00312511          0.0967309        4.77819e-06        5.62479e-14        4.32774e-15        4.98224e-13        1.54422e-12         0.00550846           0.113808        1.90946e-09        6.38827e-12        3.64818e-15            0.73276
72         0.00182106         2.5118e-05        4.38525e-06             101325           0.174586        4.38525e-06            1932.08                  0           0.952473            60.8547        1.64896e+08        0.000168823        3.24098e-05         0.00083183          0.0468727         0.00307615          0.0968299        4.64309e-06        3.46302e-14        2.65519e-15        3.09162e-13        9.45133e-13         0.00532119           0.114102        1.73564e-09        5.58166e-12        2.25395e-15            0.73276
73         0.00184617         2.5118e-05        4.37984e-06             101325           0.174371        4.37984e-06            1934.89                  0           0.954238            56.0731        1.53253e+08        0.000162759        3.05477e-05        0.000799535          0.0467608         0.00302704          0.0969268        4.51023e-06        2.14007e-14        1.63523e-15        1.92696e-13        5.81252e-13         0.00513836           0.114389        1.57634e-09        4.97255e-12        1.40277e-15            0.73276
74         0.00187129         2.5118e-05        4.37459e-06             101325           0.174161        4.37459e-06            1937.62                  0           0.955962            51.6522         1.4233e+08        0.000156841        2.87762e-05        0.000768194          0.0466523          0.0029778          0.0970217        4.37963e-06        1.32761e-14        1.01102e-15        1.20647e-13        3.59208e-13         0.00495985            0.11467        1.43041e-09        4.49008e-12        8.80607e-16            0.73276
75         0.00189641         2.5118e-05        4.36949e-06             101325           0.173959        4.36949e-06            1940.29                  0           0.957647             47.561        1.32086e+08        0.000151068        2.70915e-05        0.000737788          0.0465472         0.00292847          0.0971146         4.2513e-06        8.26855e-15        6.27607e-16        7.58846e-14        2.23081e-13         0.00478554           0.114944        1.29681e-09        4.09128e-12        5.58529e-16            0.73276
76         0.00192153         2.5118e-05        4.36455e-06             101325           0.173762        4.36455e-06            1942.87                  0           0.959294            43.7727        1.22483e+08        0.000145439        2.54904e-05        0.000708301          0.0464454         0.00287908          0.0972054        4.12526e-06        5.17068e-15        3.91204e-16        4.79532e-14        1.39232e-13         0.00461535           0.115211         1.1746e-09        3.74985e-12         3.5862e-16            0.73276
77         0.00194665         2.5118e-05        4.35975e-06             101325           0.173571        4.35975e-06            1945.39                  0           0.960901            40.2636        1.13485e+08        0.000139953        2.39696e-05        0.000679718          0.0463468         0.00282968          0.0972943        4.00155e-06        3.24691e-15         2.4488e-16        3.04469e-14         8.7338e-14         0.00444923           0.115472         1.0629e-09        3.44955e-12        2.33633e-16            0.73276
78         0.00197176         2.5118e-05         4.3551e-06             101325           0.173386         4.3551e-06            1947.84                  0           0.962472            37.0128        1.05059e+08        0.000134611         2.2526e-05        0.000652023          0.0462513         0.00278028          0.0973812        3.88021e-06        2.04757e-15        1.53951e-16        1.94251e-14        5.50657e-14         0.00428714           0.115727        9.60884e-10        3.18018e-12        1.54817e-16            0.73276
79         0.00199688         2.5118e-05         4.3506e-06             101325           0.173206         4.3506e-06            1950.22                  0           0.964004            34.0016        9.71734e+07        0.000129412        2.11566e-05        0.000625202           0.046159         0.00273093          0.0974661        3.76128e-06        1.29687e-15        9.72142e-17        1.24541e-14        3.48981e-14         0.00412903           0.115975        8.67813e-10        2.93526e-12         1.0461e-16            0.73276
80           0.002022         2.5118e-05        4.34623e-06             101325           0.173032        4.34623e-06            1952.53                  0             0.9655            31.2132        8.97999e+07        0.000124355        1.98586e-05        0.000599243          0.0460697         0.00268167           0.097549        3.64482e-06        8.25052e-16        6.16648e-17        8.02465e-15        2.22327e-14         0.00397489           0.116217         7.8299e-10        2.71054e-12        7.22405e-17            0.73276
81         0.00204712         2.5118e-05        4.34199e-06             101325           0.172864        4.34199e-06            1954.78                  0           0.966958            28.6325        8.29106e+07         0.00011944        1.86291e-05        0.000574134          0.0459835         0.00263253            0.09763        3.53089e-06        5.27272e-16        3.92956e-17        5.19676e-15         1.4239e-14         0.00382472           0.116453        7.05768e-10        2.50314e-12         5.1072e-17            0.73276
82         0.00207224         2.5118e-05        4.33789e-06             101325             0.1727        4.33789e-06            1956.96                  0            0.96838            26.2457        7.64794e+07        0.000114668        1.74655e-05        0.000549861          0.0459002         0.00258356          0.0977091        3.41955e-06        3.38527e-16        2.51587e-17         3.3827e-15        9.16839e-15          0.0036785           0.116683        6.35548e-10        2.31105e-12         3.6997e-17            0.73276
83         0.00209735         2.5118e-05        4.33392e-06             101325           0.172542        4.33392e-06            1959.08                  0           0.969764            24.0398        7.04818e+07        0.000110037        1.63652e-05        0.000526413          0.0458199         0.00253479          0.0977862        3.31086e-06        2.18372e-16        1.61848e-17        2.21335e-15         5.9355e-15         0.00353623           0.116906        5.71772e-10        2.13278e-12        2.74588e-17            0.73276
84         0.00212247         2.5118e-05        4.33008e-06             101325           0.172389        4.33008e-06            1961.13                  0           0.971112            22.0033        6.48942e+07        0.000105547        1.53258e-05        0.000503778          0.0457426         0.00248626          0.0978613        3.20488e-06         1.4154e-16        1.04626e-17        1.45586e-15        3.86367e-15         0.00339793           0.117124         5.1392e-10        1.96719e-12        2.08567e-17            0.73276
85         0.00214759         2.5118e-05        4.32636e-06             101325           0.172242        4.32636e-06            1963.12                  0           0.972422            20.1251        5.96942e+07        0.000101198        1.43447e-05        0.000481946          0.0456682         0.00243803          0.0979346        3.10169e-06        9.21894e-17        6.79694e-18         9.6272e-16        2.52898e-15         0.00326358           0.117335        4.61509e-10        1.81335e-12        1.61809e-17            0.73276
86         0.00217271         2.5118e-05        4.32277e-06             101325           0.172099        4.32277e-06            1965.04                  0           0.973696            18.3949        5.48604e+07        9.69892e-05        1.34196e-05        0.000460905          0.0455966         0.00239013          0.0980058        3.00134e-06        6.03443e-17        4.43782e-18        6.40054e-16        1.66463e-15          0.0031332            0.11754        4.14088e-10        1.67046e-12        1.27898e-17            0.73276
87         0.00219783         2.5118e-05        4.31931e-06             101325           0.171961        4.31931e-06            1966.91                  0           0.974933             16.803        5.03724e+07        9.29202e-05        1.25482e-05        0.000440643          0.0455279         0.00234261          0.0980752         2.9039e-06        3.96991e-17        2.91233e-18        4.27854e-16         1.1019e-15         0.00300679           0.117738         3.7124e-10        1.53783e-12        1.02713e-17            0.73276
88         0.00222294         2.5118e-05        4.31596e-06             101325           0.171827        4.31596e-06            1968.71                  0           0.976133            15.3404        4.62106e+07        8.89902e-05        1.17281e-05        0.000421149           0.045462         0.00229551          0.0981426        2.80942e-06        2.62514e-17        1.92115e-18         2.8758e-16        7.33563e-16         0.00288435           0.117931        3.32574e-10        1.41483e-12         8.3581e-18            0.73276
89         0.00224806         2.5118e-05        4.31274e-06             101325           0.171699        4.31274e-06            1970.45                  0           0.977296            13.9984        4.23561e+07        8.51983e-05        1.09572e-05         0.00040241          0.0453989         0.00224889          0.0982081        2.71796e-06        1.74498e-17        1.27398e-18         1.9437e-16        4.91163e-16         0.00276587           0.118117        2.97728e-10        1.30087e-12        6.87408e-18            0.73276
90         0.00227318         2.5118e-05        4.30963e-06             101325           0.171575        4.30963e-06            1972.13                  0           0.978422            12.7687         3.8791e+07        8.15436e-05        1.02333e-05        0.000384415          0.0453385         0.00220278          0.0982717        2.62956e-06        1.16608e-17        8.49338e-19        1.32108e-16         3.3077e-16         0.00265135           0.118297        2.66367e-10        1.19542e-12        5.70171e-18            0.73276
91          0.0022983         2.5118e-05        4.30663e-06             101325           0.171456        4.30663e-06            1973.75                  0           0.979512            11.6437        3.54978e+07        7.80249e-05        9.55427e-06        0.000367151          0.0452808         0.00215723          0.0983334        2.54427e-06        7.83449e-18        5.69311e-19        9.02974e-17        2.24055e-16         0.00254077            0.11847        2.38179e-10        1.09794e-12        4.76095e-18            0.73276
92         0.00232342         2.5118e-05        4.30375e-06             101325           0.171341        4.30375e-06            1975.31                  0           0.980564            10.6158        3.24599e+07         7.4641e-05        8.91799e-06        0.000350605          0.0452257          0.0021123          0.0983931        2.46213e-06        5.29271e-18        3.83711e-19         6.2071e-17        1.52661e-16         0.00243412           0.118638        2.12875e-10        1.00794e-12        3.99625e-18            0.73276
93         0.00234853         2.5118e-05        4.30098e-06             101325           0.171231        4.30098e-06            1976.82                  0           0.981581            9.67795        2.96613e+07        7.13903e-05        8.32244e-06        0.000334764          0.0451733         0.00206802           0.098451        2.38316e-06        3.59563e-18        2.60065e-19        4.29128e-17         1.0463e-16         0.00233138           0.118799        1.90191e-10         9.2497e-13        3.36817e-18            0.73276
94         0.00237365         2.5118e-05        4.29832e-06             101325           0.171125        4.29832e-06            1978.26                  0            0.98256            8.82353        2.70868e+07        6.82713e-05        7.76563e-06        0.000319614          0.0451234         0.00202445          0.0985069        2.30738e-06        2.45668e-18        1.77264e-19        2.98392e-17        7.21363e-17         0.00223252           0.118955        1.69879e-10        8.48562e-13        2.84806e-18            0.73276
95         0.00239877         2.5118e-05        4.29577e-06             101325           0.171024        4.29577e-06            1979.65                  0           0.983504            8.04613        2.47216e+07        6.52821e-05        7.24563e-06         0.00030514          0.0450759         0.00198162           0.098561         2.2348e-06        1.68831e-18        1.21524e-19        2.08691e-17        5.00298e-17          0.0021375           0.119104        1.51713e-10         7.7829e-13        2.41463e-18            0.73276
96         0.00242389         2.5118e-05        4.29333e-06             101325           0.170926        4.29333e-06            1980.99                  0           0.984412            7.33971        2.25515e+07        6.24207e-05        6.76052e-06        0.000291327           0.045031         0.00193959          0.0986132        2.16542e-06        1.16718e-18           8.38e-20        1.46809e-17         3.4905e-17         0.00204628           0.119247        1.35484e-10         7.1374e-13        2.05168e-18            0.73276
97         0.00244901         2.5118e-05        4.29099e-06             101325           0.170833        4.29099e-06            1982.27                  0           0.985285            6.69854        2.05632e+07         5.9685e-05        6.30846e-06        0.000278161          0.0449883          0.0018984          0.0986635        2.09924e-06        8.11843e-19        5.81323e-20        1.03885e-17        2.44983e-17         0.00195882           0.119385        1.21004e-10        6.54521e-13        1.74663e-18            0.73276
98         0.00247412         2.5118e-05        4.28874e-06             101325           0.170744        4.28874e-06            1983.49                  0           0.986123            6.11721        1.87438e+07        5.70727e-05        5.88767e-06        0.000265624           0.044948         0.00185807          0.0987119        2.03624e-06        5.68222e-19        4.05724e-20        7.39457e-18        1.72971e-17         0.00187506           0.119516        1.08095e-10        6.00256e-13        1.48955e-18            0.73276
99         0.00249924         2.5118e-05         4.2866e-06             101325           0.170659         4.2866e-06            1984.66                  0           0.986926            5.59064         1.7081e+07        5.45812e-05        5.49639e-06        0.000253702          0.0449099         0.00181867          0.0987586        1.97638e-06        4.00267e-19        2.84929e-20        5.29485e-18        1.22857e-17         0.00179494           0.119642        9.65992e-11        5.50589e-13        1.27243e-18            0.73276
100         0.00252436         2.5118e-05        4.28456e-06             101325           0.170577        4.28456e-06            1985.78                  0           0.987695            5.11402        1.55631e+07        5.22079e-05        5.13294e-06        0.000242376           0.044874         0.00178021          0.0988034        1.91963e-06        2.83823e-19         2.0137e-20        3.81408e-18        8.77845e-18         0.00171841           0.119762        8.63705e-11        5.05181e-13        1.08878e-18            0.73276
101         0.00254948         2.5118e-05        4.28261e-06             101325             0.1705        4.28261e-06            1986.85                  0           0.988431            4.68288        1.41791e+07        4.99501e-05        4.79569e-06         0.00023163          0.0448401         0.00174275          0.0988465        1.86594e-06        2.02628e-19        1.43241e-20          2.764e-18        6.30981e-18         0.00164539           0.119877        7.72769e-11        4.63711e-13        9.33247e-19            0.73276
102          0.0025746         2.5118e-05        4.28075e-06             101325           0.170426        4.28075e-06            1987.87                  0           0.989134            4.29301        1.29183e+07        4.78047e-05        4.48306e-06        0.000221446          0.0448083          0.0017063          0.0988877        1.81526e-06         1.4568e-19        1.02571e-20         2.0152e-18        4.56237e-18         0.00157581           0.119986        6.91981e-11        4.25876e-13         8.0139e-19            0.73276
103         0.00259971         2.5118e-05        4.27899e-06             101325           0.170355        4.27899e-06            1988.85                  0           0.989805            3.94051         1.1771e+07        4.57687e-05        4.19354e-06        0.000211807          0.0447784         0.00167089          0.0989273        1.76751e-06        1.05501e-19        7.39503e-21        1.47826e-18        3.31842e-18         0.00150958            0.12009        6.20256e-11        3.91391e-13        6.89508e-19            0.73276
104         0.00262483         2.5118e-05        4.27731e-06             101325           0.170288        4.27731e-06            1989.77                  0           0.990444            3.62175        1.07277e+07         4.3839e-05        3.92568e-06        0.000202693          0.0447503         0.00163656          0.0989651        1.72262e-06         7.6981e-20         5.3691e-21        1.09109e-18        2.42788e-18         0.00144663           0.120189        5.56611e-11        3.59987e-13          5.945e-19            0.73276
105         0.00264995         2.5118e-05        4.27571e-06             101325           0.170225        4.27571e-06            1990.65                  0           0.991053            3.33339        9.77963e+06        4.20124e-05        3.67807e-06        0.000194087           0.044724         0.00160333          0.0990012        1.68052e-06        5.66107e-20        3.92642e-21        8.10343e-19        1.78675e-18         0.00138687           0.120283        5.00162e-11        3.31414e-13        5.13757e-19            0.73276
106         0.00267507         2.5118e-05         4.2742e-06             101325           0.170165         4.2742e-06            1991.48                  0           0.991631            3.07234        8.91858e+06        4.02853e-05         3.4494e-06        0.000185969          0.0446994          0.0015712          0.0990357        1.64111e-06        4.19695e-20        2.89285e-21        6.05636e-19         1.3226e-18          0.0013302           0.120372        4.50112e-11        3.05435e-13        4.45082e-19            0.73276
107         0.00270019         2.5118e-05        4.27276e-06             101325           0.170108        4.27276e-06            1992.27                  0           0.992181            2.83576        8.13686e+06        3.86546e-05        3.23839e-06        0.000178322          0.0446765         0.00154021          0.0990686         1.6043e-06         3.1378e-20         2.1478e-21        4.55535e-19        9.84702e-19         0.00127654           0.120456        4.05748e-11        2.81833e-13        3.86619e-19            0.73276
108          0.0027253         2.5118e-05        4.27141e-06             101325           0.170054        4.27141e-06            1993.02                  0           0.992701            2.62108         7.4273e+06        3.71166e-05        3.04382e-06        0.000171126           0.044655         0.00151036          0.0990999        1.56998e-06        2.36655e-20        1.60737e-21        3.44859e-19        7.37356e-19         0.00122578           0.120536        3.66429e-11        2.60404e-13        3.36803e-19            0.73276
109         0.00275042         2.5118e-05        4.27013e-06             101325           0.170003        4.27013e-06            1993.73                  0           0.993195            2.42594        6.78328e+06        3.56679e-05        2.86457e-06        0.000164362           0.044635         0.00148165          0.0991296        1.53806e-06        1.80115e-20        1.21287e-21        2.62795e-19        5.55301e-19         0.00117784           0.120611        3.31584e-11        2.40958e-13         2.9431e-19            0.73276
110         0.00277554         2.5118e-05        4.26892e-06             101325           0.169954        4.26892e-06             1994.4                  0           0.993662            2.24822        6.19867e+06         3.4305e-05        2.69953e-06        0.000158012          0.0446164          0.0014541          0.0991579        1.50843e-06        1.38381e-20        9.23029e-22        2.01607e-19        4.20575e-19          0.0011326           0.120682        3.00701e-11        2.23321e-13        2.58021e-19            0.73276
111         0.00280066         2.5118e-05        4.26777e-06             101325           0.169909        4.26777e-06            1995.03                  0           0.994103            2.08599        5.66782e+06        3.30244e-05         2.5477e-06        0.000152058          0.0445992         0.00142769          0.0991847        1.48097e-06         1.0736e-20        7.08686e-22        1.55727e-19        3.20337e-19         0.00108998           0.120749        2.73326e-11        2.07331e-13        2.26992e-19            0.73276
112         0.00282578         2.5118e-05         4.2667e-06             101325           0.169866         4.2667e-06            1995.63                  0           0.994519            1.93754        5.18556e+06        3.18224e-05        2.40809e-06         0.00014648          0.0445831         0.00140244            0.09921        1.45557e-06        8.41364e-21        5.49119e-22        1.21135e-19        2.45363e-19         0.00104986           0.120812        2.49055e-11        1.92841e-13        2.00422e-19            0.73276
113         0.00285089         2.5118e-05        4.26569e-06             101325           0.169826        4.26569e-06            1996.19                  0           0.994911            1.80134        4.74716e+06        3.06958e-05        2.27982e-06        0.000141261          0.0445682         0.00137832           0.099234        1.43213e-06        6.66238e-21        4.29527e-22        9.49074e-20        1.88989e-19         0.00101215           0.120872        2.27529e-11        1.79714e-13        1.77638e-19            0.73276
114         0.00287601         2.5118e-05        4.26474e-06             101325           0.169788        4.26474e-06            1996.71                  0            0.99528            1.67603        4.34832e+06        2.96409e-05        2.16201e-06        0.000136384          0.0445544         0.00135534          0.0992567        1.41053e-06        5.33203e-21        3.39282e-22        7.49108e-20        1.46382e-19        0.000976754           0.120927        2.08429e-11        1.67824e-13        1.58067e-19            0.73276
115         0.00290113         2.5118e-05        4.26385e-06             101325           0.169753        4.26385e-06            1997.21                  0           0.995627             1.5604        3.98513e+06        2.86544e-05        2.05388e-06         0.00013183          0.0445417         0.00133347           0.099278        1.39066e-06        4.31388e-21         2.7071e-22        5.95801e-20        1.14015e-19         0.00094356           0.120979        1.91473e-11        1.57057e-13        1.41229e-19            0.73276
116         0.00292625         2.5118e-05        4.26301e-06             101325           0.169719        4.26301e-06            1997.67                  0           0.995952             1.4534        3.65406e+06        2.77329e-05        1.95469e-06        0.000127584          0.0445299          0.0013127          0.0992981        1.37241e-06        3.52876e-21        2.18242e-22        4.77613e-20        8.93024e-20        0.000912472           0.121028        1.76413e-11        1.47308e-13        1.26716e-19            0.73276
117         0.00295137         2.5118e-05        4.26223e-06             101325           0.169688        4.26223e-06             1998.1                  0           0.996258            1.35412        3.35193e+06        2.68731e-05        1.86373e-06        0.000123628           0.044519         0.00129301          0.0993171        1.35567e-06        2.91874e-21        1.77812e-22        3.85996e-20        7.03413e-20        0.000883392           0.121074        1.63028e-11        1.38482e-13        1.14183e-19            0.73276
118         0.00297648         2.5118e-05         4.2615e-06             101325           0.169659         4.2615e-06            1998.51                  0           0.996544            1.26175        3.07588e+06        2.60719e-05        1.78037e-06        0.000119946          0.0445089         0.00127437          0.0993348        1.34035e-06        2.44116e-21        1.46438e-22        3.14584e-20        5.57221e-20        0.000856224           0.121117        1.51122e-11        1.30492e-13        1.03339e-19            0.73276
119          0.0030016         2.5118e-05        4.26081e-06             101325           0.169632        4.26081e-06            1998.89                  0           0.996811            1.17561        2.82335e+06         2.5326e-05        1.70399e-06        0.000116523          0.0444997         0.00125676          0.0993515        1.32635e-06        2.06442e-21        1.21918e-22        2.58616e-20        4.43965e-20        0.000830872           0.121156        1.40526e-11        1.23259e-13        9.39382e-20            0.73276
120         0.00302672         2.5118e-05        4.26018e-06             101325           0.169606        4.26018e-06            1999.24                  0           0.997061            1.09509        2.59206e+06        2.46324e-05        1.63406e-06        0.000113344          0.0444911         0.00124015          0.0993671        1.31356e-06        1.76498e-21        1.02618e-22        2.14512e-20        3.55815e-20        0.000807243           0.121194        1.31088e-11        1.16712e-13        8.57717e-20            0.73276
121         0.00305184         2.5118e-05        4.25958e-06             101325           0.169583        4.25958e-06            1999.57                  0           0.997295             1.0197        2.37996e+06        2.39882e-05        1.57004e-06        0.000110395          0.0444833         0.00122451          0.0993817        1.30189e-06         1.5252e-21        8.73201e-23         1.7957e-20        2.86889e-20        0.000785246           0.121228        1.22675e-11        1.10784e-13        7.86629e-20            0.73276
122         0.00307696         2.5118e-05        4.25903e-06             101325           0.169561        4.25903e-06            1999.88                  0           0.997512           0.948983        2.18525e+06        2.33906e-05        1.51146e-06        0.000107662          0.0444761         0.00120982          0.0993954        1.29127e-06        1.33177e-21        7.51083e-23        1.51737e-20        2.32752e-20        0.000764794            0.12126        1.15169e-11        1.05418e-13        7.24623e-20            0.73276
123         0.00310207         2.5118e-05        4.25852e-06             101325            0.16954        4.25852e-06            2000.17                  0           0.997714           0.882579        2.00629e+06        2.28367e-05        1.45788e-06        0.000105131          0.0444695         0.00119603          0.0994081         1.2816e-06        1.17462e-21        6.52926e-23         1.2945e-20        1.90044e-20          0.0007458            0.12129        1.08467e-11        1.00559e-13        6.70429e-20            0.73276
124         0.00312719         2.5118e-05        4.25804e-06             101325           0.169521        4.25804e-06            2000.43                  0           0.997902           0.820169        1.84168e+06         2.2324e-05         1.4089e-06         0.00010279          0.0444634         0.00118311            0.09942        1.27281e-06        1.04604e-21         5.7349e-23        1.11508e-20        1.56207e-20        0.000728182           0.121318        1.02479e-11        9.61606e-14        6.22967e-20            0.73276
125         0.00315231         2.5118e-05         4.2576e-06             101325           0.169504         4.2576e-06            2000.68                  0           0.998077           0.761481        1.69012e+06        2.18499e-05        1.36414e-06        0.000100626          0.0444578         0.00117103           0.099431        1.26483e-06        9.40122e-22        5.08774e-23        9.69909e-21        1.29285e-20        0.000711859           0.121343        9.71236e-12        9.21777e-14         5.8132e-20            0.73276
126         0.00317743         2.5118e-05        4.25719e-06             101325           0.169488        4.25719e-06             2000.9                  0           0.998239           0.706282         1.5505e+06        2.14119e-05        1.32324e-06        9.86294e-05          0.0444527         0.00115975          0.0994412        1.25759e-06        8.52299e-22        4.55706e-23        8.51839e-21        1.07778e-20        0.000696754           0.121367        9.23308e-12        8.85713e-14        5.44705e-20            0.73276
127         0.00320255         2.5118e-05        4.25681e-06             101325           0.169472        4.25681e-06            2001.12                  0           0.998388           0.654371         1.4218e+06        2.10079e-05         1.2859e-06        9.67879e-05           0.044448         0.00114924          0.0994507        1.25102e-06        7.79024e-22        4.11915e-23        7.55332e-21        9.05279e-21        0.000682793           0.121389        8.80384e-12        8.53058e-14        5.12455e-20            0.73276
128         0.00322766         2.5118e-05        4.25646e-06             101325           0.169459        4.25646e-06            2001.31                  0           0.998527           0.605573        1.30313e+06        2.06355e-05        1.25182e-06        9.50914e-05          0.0444438         0.00113947          0.0994595        1.24507e-06        7.17523e-22        3.75558e-23        6.76061e-21        7.66377e-21        0.000669905           0.121409        8.41916e-12        8.23491e-14        4.84001e-20            0.73276
129         0.00325278         2.5118e-05        4.25614e-06             101325           0.169446        4.25614e-06            2001.49                  0           0.998655           0.559733        1.19368e+06        2.02927e-05        1.22073e-06        9.35301e-05          0.0444399         0.00113038          0.0994677        1.23968e-06        6.65611e-22        3.45198e-23        6.10636e-21        6.54105e-21        0.000658022           0.121428        8.07421e-12        7.96721e-14        4.58854e-20            0.73276
130          0.0032779         2.5118e-05        4.25584e-06             101325           0.169434        4.25584e-06            2001.65                  0           0.998773           0.516714        1.09274e+06        1.99774e-05        1.19238e-06        9.20949e-05          0.0444363         0.00112196          0.0994752        1.23481e-06        6.21562e-22        3.19704e-23        5.56386e-21        5.63022e-21        0.000647079           0.121445         7.7647e-12        7.72485e-14        4.36596e-20            0.73276
131         0.00330302         2.5118e-05        4.25557e-06             101325           0.169423        4.25557e-06            2001.81                  0           0.998882           0.476389             999669        1.96879e-05        1.16655e-06        9.07768e-05          0.0444331         0.00111416          0.0994822         1.2304e-06        5.83999e-22        2.98183e-23        5.11199e-21        4.88861e-21        0.000637015           0.121461        7.48688e-12        7.50549e-14        4.16866e-20            0.73276
132         0.00332814         2.5118e-05        4.25532e-06             101325           0.169413        4.25532e-06            2001.95                  0           0.998982           0.438642             913876        1.94223e-05        1.14302e-06        8.95679e-05          0.0444301         0.00110695          0.0994886        1.22642e-06         5.5182e-22        2.79926e-23        4.73396e-21        4.28266e-21        0.000627771           0.121475        7.23741e-12        7.30698e-14        3.99356e-20            0.73276
133         0.00335325         2.5118e-05        4.25509e-06             101325           0.169404        4.25509e-06            2002.08                  0           0.999074           0.403366             834837        1.91789e-05        1.12162e-06        8.84603e-05          0.0444274          0.0011003          0.0994945        1.22282e-06        5.24138e-22        2.64367e-23        4.41639e-21        3.78586e-21        0.000619291           0.121489        7.01333e-12        7.12739e-14        3.83798e-20            0.73276
134         0.00337837         2.5118e-05        4.25488e-06             101325           0.169395        4.25488e-06            2002.19                  0           0.999159           0.370459             762076        1.89562e-05        1.10215e-06        8.74468e-05           0.044425         0.00109417          0.0994999        1.21957e-06        5.00233e-22         2.5105e-23        4.14853e-21        3.37719e-21        0.000611523           0.121501        6.81204e-12          6.965e-14        3.69962e-20            0.73276
135         0.00340349         2.5118e-05        4.25468e-06             101325           0.169388        4.25468e-06             2002.3                  0           0.999236           0.339823             695159        1.87527e-05        1.08447e-06        8.65207e-05          0.0444227         0.00108854          0.0995048        1.21664e-06        4.79519e-22        2.39608e-23        3.92177e-21        3.03994e-21        0.000604419           0.121512        6.63123e-12        6.81823e-14        3.57647e-20            0.73276
136         0.00342861         2.5118e-05        4.25451e-06             101325           0.169381        4.25451e-06             2002.4                  0           0.999307           0.311364             633686        1.85671e-05        1.06842e-06        8.56757e-05          0.0444207         0.00108337          0.0995094          1.214e-06        4.61517e-22        2.29743e-23        3.72911e-21        2.76077e-21        0.000597931           0.121522        6.46884e-12        6.68568e-14        3.46681e-20            0.73276
137         0.00345373         2.5118e-05        4.25435e-06             101325           0.169374        4.25435e-06            2002.49                  0           0.999372           0.284989             577295         1.8398e-05        1.05388e-06        8.49059e-05          0.0444189         0.00107864          0.0995135        1.21163e-06        4.45831e-22        2.21212e-23        3.56491e-21          2.529e-21        0.000592017           0.121532        6.32307e-12        6.56608e-14        3.36914e-20            0.73276
138         0.00347884         2.5118e-05         4.2542e-06             101325           0.169369         4.2542e-06            2002.57                  0           0.999431           0.260612             525653        1.82443e-05        1.04071e-06         8.4206e-05          0.0444172         0.00107432          0.0995173        1.20949e-06        4.32136e-22        2.13815e-23        3.42456e-21        2.33604e-21        0.000586636            0.12154         6.1923e-12        6.45828e-14        3.28214e-20            0.73276
139         0.00350396         2.5118e-05        4.25407e-06             101325           0.169363        4.25407e-06            2002.64                  0           0.999484           0.238147             478455        1.81049e-05        1.02882e-06         8.3571e-05          0.0444158         0.00107038          0.0995207        1.20757e-06         4.2016e-22        2.07388e-23         3.3043e-21          2.175e-21        0.000581752           0.121548        6.07512e-12        6.36126e-14        3.20469e-20            0.73276
140         0.00352908         2.5118e-05        4.25395e-06             101325           0.169358        4.25395e-06            2002.71                  0           0.999533           0.217512             435423        1.79787e-05         1.0181e-06        8.29964e-05          0.0444144          0.0010668          0.0995238        1.20585e-06        4.09678e-22        2.01797e-23        3.20107e-21         2.0403e-21        0.000577331           0.121555        5.97027e-12        6.27411e-14        3.13579e-20            0.73276
141          0.0035542         2.5118e-05        4.25384e-06             101325           0.169354        4.25384e-06            2002.77                  0           0.999577           0.198631             396303        1.78649e-05        1.00846e-06        8.24779e-05          0.0444132         0.00106356          0.0995266        1.20432e-06        4.00503e-22         1.9693e-23        3.11233e-21        1.92742e-21         0.00057334           0.121561        5.87664e-12        6.19602e-14        3.07461e-20            0.73276
142         0.00357932         2.5118e-05        4.25374e-06             101325            0.16935        4.25374e-06            2002.83                  0           0.999617           0.181428             360866        1.77627e-05        9.99823e-07        8.20119e-05          0.0444121         0.00106063          0.0995292        1.20295e-06        3.92477e-22        1.92694e-23        3.03603e-21        1.83273e-21        0.000569752           0.121567        5.79328e-12        6.12626e-14         3.0204e-20            0.73276
143         0.00360443         2.5118e-05        4.25365e-06             101325           0.169347        4.25365e-06            2002.88                  0           0.999653           0.165838             328908        1.76712e-05         9.9212e-07         8.1595e-05          0.0444112         0.00105801          0.0995315        1.20173e-06         3.8547e-22        1.89013e-23        2.97045e-21        1.75326e-21        0.000566541           0.121572        5.71933e-12        6.06421e-14        2.97252e-20            0.73276
144         0.00362955         2.5118e-05        4.25358e-06             101325           0.169344        4.25358e-06            2002.92                  0           0.999685           0.151796             300245        1.75899e-05         9.8529e-07        8.12243e-05          0.0444103         0.00105567          0.0995335        1.20066e-06        3.79374e-22        1.85823e-23        2.91422e-21        1.68663e-21        0.000563686           0.121576        5.65409e-12        6.00931e-14        2.93044e-20            0.73276
145         0.00365467         2.5118e-05        4.25351e-06             101325           0.169341        4.25351e-06            2002.96                  0           0.999713           0.139248             274719        1.75182e-05         9.7928e-07        8.08974e-05          0.0444095          0.0010536          0.0995353        1.19972e-06        3.74099e-22        1.83072e-23        2.86619e-21        1.63092e-21        0.000561168            0.12158        5.59693e-12        5.96111e-14        2.89371e-20            0.73276
146         0.00367979         2.5118e-05        4.25345e-06             101325           0.169339        4.25345e-06            2002.99                  0           0.999738           0.128146             252198        1.74557e-05        9.74046e-07        8.06121e-05          0.0444089          0.0010518          0.0995368         1.1989e-06        3.69572e-22         1.8072e-23        2.82545e-21        1.58457e-21         0.00055897           0.121583        5.54735e-12        5.91922e-14        2.86194e-20            0.73276
147         0.00370491         2.5118e-05         4.2534e-06             101325           0.169337         4.2534e-06            2003.02                  0           0.999759           0.118451             232572        1.74019e-05        9.69555e-07        8.03669e-05          0.0444083         0.00105024          0.0995382         1.1982e-06        3.65736e-22        1.78732e-23        2.79128e-21        1.54638e-21        0.000557081           0.121586        5.50496e-12        5.88334e-14        2.83485e-20            0.73276
148         0.00373002         2.5118e-05        4.25335e-06             101325           0.169335        4.25335e-06            2003.04                  0           0.999778           0.110135             215762        1.73567e-05        9.65783e-07        8.01606e-05          0.0444079         0.00104893          0.0995393        1.19762e-06        3.62548e-22        1.77084e-23        2.76314e-21         1.5154e-21        0.000555492           0.121589        5.46945e-12        5.85324e-14        2.81221e-20            0.73276
149         0.00375514         2.5118e-05        4.25332e-06             101325           0.169333        4.25332e-06            2003.06                  0           0.999793           0.103179             201715        1.73199e-05        9.62713e-07        7.99925e-05          0.0444075         0.00104786          0.0995402        1.19714e-06        3.59977e-22        1.75757e-23         2.7406e-21        1.49091e-21        0.000554197           0.121591        5.44062e-12        5.82877e-14        2.79387e-20            0.73276
150         0.00378026         2.5118e-05        4.25329e-06             101325           0.169332        4.25329e-06            2003.08                  0           0.999806          0.0975773             190407        1.72914e-05        9.60342e-07        7.98625e-05          0.0444072         0.00104703          0.0995409        1.19678e-06        3.58004e-22         1.7474e-23         2.7234e-21        1.47243e-21        0.000553195           0.121593         5.4184e-12        5.80989e-14        2.77974e-20            0.73276
151         0.00380538         2.5118e-05        4.25327e-06             101325           0.169332        4.25327e-06            2003.09                  0           0.999815          0.0933364             181848        1.72713e-05        9.58672e-07        7.97709e-05           0.044407         0.00104645          0.0995414        1.19652e-06        3.56622e-22        1.74029e-23        2.71141e-21        1.45964e-21        0.000552489           0.121594        5.40277e-12         5.7966e-14        2.76982e-20            0.73276
152          0.0038305         2.5118e-05        4.25326e-06             101325           0.169331        4.25326e-06            2003.09                  0           0.999822          0.0904766             176076        1.72598e-05        9.57716e-07        7.97184e-05          0.0444069         0.00104611          0.0995417        1.19637e-06        3.55833e-22        1.73623e-23        2.70459e-21        1.45241e-21        0.000552085           0.121594        5.39383e-12          5.789e-14        2.76415e-20            0.73276
