# Time 0.00053
# eta = 0.002
# length = 0.000470018
#--- 	  	 LEM Line data  --- 
#(1) wafer              (2) x             (3) dx              (4) m              (5) p            (6) rho              (7) m              (8) T              (9) Z             (10) C          (11) dCdt       (12) heatRel                  (13) Y_H2                  (14) Y_H                  (15) Y_O                  (16) Y_O2                  (17) Y_OH                  (18) Y_H2O                  (19) Y_HO2                  (20) Y_CH2                  (21) Y_CH2(S)                  (22) Y_CH3                  (23) Y_CH4                  (24) Y_CO                  (25) Y_CO2                  (26) Y_HCO                  (27) Y_CH2O                  (28) Y_CH2OH                  (29) Y_N2
0         1.2559e-05         2.5118e-05        2.83911e-05             101325            1.13031        2.83911e-05            300.356                  0                  0                  0         5.0262e-12        1.60052e-08        3.20141e-17        3.02396e-12           0.222568        1.09455e-12        1.69687e-05        1.64267e-08        8.84227e-18        4.57907e-19        1.52478e-07          0.0446343        4.94748e-07         1.9965e-05        6.10822e-18        6.52995e-08        9.97858e-22            0.73276
1         3.7677e-05         2.5118e-05        2.83747e-05             101325            1.12966        2.83747e-05             300.53                  0        0.000175123        8.77254e-08             1.8442         2.5042e-08        5.53965e-17        3.61916e-12           0.222554        1.62758e-12        2.52708e-05        2.39914e-08        1.91822e-17        9.93977e-19        2.28338e-07          0.0446305         7.8195e-07        2.96718e-05        1.33159e-17        1.00507e-07        2.17448e-21            0.73276
2        6.27951e-05         2.5118e-05        2.83466e-05             101325            1.12854        2.83466e-05            300.827                  0        0.000251988           1.28e-07            3.57643        4.22029e-08        9.53336e-17        3.87433e-12           0.222528         2.5506e-12         3.9571e-05        3.64936e-08        4.79131e-17        2.48664e-18        3.60533e-07          0.0446239        1.33757e-06        4.63091e-05        3.35173e-17        1.65304e-07        5.47705e-21            0.73276
3        8.79131e-05         2.5118e-05         2.8299e-05             101325            1.12664         2.8299e-05            301.333                  0        0.000394956        2.06525e-07            8.19407        7.39296e-08        1.59156e-16        3.81591e-12           0.222486        4.14816e-12        6.39248e-05        5.71607e-08        1.27099e-16        6.61204e-18        5.87757e-07          0.0446128        2.38215e-06        7.45092e-05         8.9818e-17        2.81824e-07        1.47254e-20            0.73276
4        0.000113031         2.5118e-05        2.82222e-05             101325            1.12358        2.82222e-05            302.153                  0        0.000637235        3.51162e-07            20.1144        1.30266e-07        2.53381e-16        3.41773e-12           0.222416        6.82091e-12        0.000103521        8.98401e-08        3.39977e-16        1.77537e-17        9.60752e-07          0.0445946         4.2716e-06          0.0001201        2.43432e-16        4.82506e-07        4.02311e-20            0.73276
5        0.000138149         2.5118e-05        2.81026e-05             101325            1.11882        2.81026e-05            303.438                  0          0.0010295        6.17644e-07            50.1768        2.27847e-07        3.92073e-16        2.73963e-12           0.222307        1.12172e-11        0.000165845        1.39942e-07        8.96891e-16        4.71029e-17         1.5538e-06          0.0445659        7.61115e-06        0.000191361        6.53286e-16        8.18617e-07        1.09625e-19            0.73276
6        0.000163267         2.5118e-05        2.79221e-05             101325            1.11164        2.79221e-05            305.398                  0         0.00164415        1.11975e-06            123.693        3.93496e-07        6.28994e-16        1.93012e-12            0.22214        1.84052e-11        0.000261303        2.14895e-07        2.31529e-15        1.22616e-16        2.47179e-06          0.0445218        1.34044e-05        0.000299583        1.72456e-15        1.36881e-06        2.97028e-19            0.73276
7        0.000188385         2.5118e-05        2.76583e-05             101325            1.10113        2.76583e-05            308.309                  0         0.00258079        2.09932e-06            297.051         6.6931e-07        1.14597e-15        1.17418e-12           0.221891        3.01968e-11         0.00040384        3.24735e-07         5.8429e-15        3.13182e-16        3.85748e-06          0.0444559        2.32724e-05        0.000459523        4.48071e-15        2.25013e-06        8.04374e-19            0.73276
8        0.000213503         2.5118e-05        2.72851e-05             101325            1.08627        2.72851e-05            312.523                  0         0.00397112        4.08772e-06            689.811        1.11933e-06        2.46659e-15        6.07456e-13           0.221529        4.97879e-11        0.000611408        4.82891e-07        1.44523e-14        7.87835e-16        5.89738e-06          0.0443597        3.97559e-05        0.000689547        1.15079e-14        3.63107e-06        2.19857e-18            0.73276
9        0.000238621         2.5118e-05        2.67757e-05             101325              1.066        2.67757e-05            318.461                  0         0.00598183        8.28603e-06            1542.88        1.83754e-06        6.00316e-15        2.64941e-13           0.221016        8.30737e-11        0.000906111        7.07337e-07        3.52099e-14        1.96362e-15        8.82437e-06          0.0442227        6.66986e-05          0.0010113        2.94151e-14        5.74495e-06        6.14075e-18            0.73276
10        0.000263739         2.5118e-05        2.61071e-05             101325            1.03938        2.61071e-05            326.607                  0         0.00881367        1.74845e-05            3317.59        2.95613e-06        1.55819e-14         9.7889e-14           0.220309        1.41334e-10         0.00131387        1.02234e-06        8.49689e-14        4.88066e-15        1.29147e-05          0.0440326        0.000109676         0.00144868        7.53817e-14        8.90104e-06         1.7743e-17            0.73276
11        0.000288857         2.5118e-05        2.52649e-05             101325            1.00585        2.52649e-05            337.478                  0          0.0126954        3.83303e-05            6855.34        4.65211e-06        4.18636e-14        3.22177e-14            0.21936        2.46626e-10         0.00186349        1.46113e-06         2.0402e-13        1.21555e-14        1.84776e-05          0.0437755        0.000176394          0.0020262        1.94789e-13        1.34889e-05        5.34918e-17            0.73276
12        0.000313975         2.5118e-05        2.42493e-05             101325           0.965414        2.42493e-05            351.588                  0           0.017872        8.69718e-05            13625.1        7.14961e-06        1.15138e-13        1.39848e-14            0.21812        4.42375e-10         0.00258517        2.06968e-06        4.88238e-13        3.03703e-14        2.58382e-05          0.0434367        0.000276919         0.00276679        5.08609e-13        1.99717e-05         1.6854e-16            0.73276
13        0.000339093         2.5118e-05        2.30773e-05             101325           0.918755        2.30773e-05            369.406                  0          0.0245876        0.000203047            26101.7        1.07153e-05        3.21609e-13        2.23963e-14           0.216539        8.13204e-10         0.00350868        2.91174e-06        1.16188e-12        7.58393e-14        3.53156e-05          0.0430014        0.000423627         0.00368967        1.33827e-12        2.88664e-05        5.51016e-16            0.73276
14        0.000364211         2.5118e-05        2.17819e-05             101325            0.86718        2.17819e-05             391.32                  0          0.0330679        0.000483499            48350.1         1.5646e-05        9.03062e-13        7.96754e-14           0.214576        1.51937e-09         0.00466157        4.07487e-06        2.73298e-12        1.87716e-13         4.7202e-05          0.0424558        0.000630763         0.00480877        3.52296e-12        4.07114e-05         1.8419e-15            0.73276
15        0.000389329         2.5118e-05        2.04066e-05             101325           0.812429        2.04066e-05            417.611                  0          0.0435038         0.00116063            86958.4        2.22503e-05        2.52312e-12        3.27695e-13           0.212193        2.85128e-09          0.0060678        5.67699e-06        6.30187e-12        4.55517e-13        6.17491e-05          0.0417877        0.000913653          0.0061321        9.18915e-12         5.6028e-05        6.18287e-15            0.73276
16        0.000414447         2.5118e-05        1.89987e-05             101325           0.756376        1.89987e-05            448.445                  0          0.0560434         0.00277102             152565        3.08276e-05         6.9752e-12        1.40715e-12           0.209363        5.30505e-09         0.00774712        7.87294e-06        1.41271e-11        1.07176e-12        7.91645e-05          0.0409868         0.00128775         0.00766237        2.35266e-11        7.52845e-05        2.05204e-14            0.73276
17        0.000439565         2.5118e-05        1.76016e-05             101325           0.700754        1.76016e-05            483.884                  0          0.0707912         0.00649123             262397        4.16508e-05        1.91381e-11         6.1496e-12           0.206063        9.67557e-09         0.00971518        1.08604e-05        3.06108e-11        2.42471e-12        9.96208e-05          0.0400447         0.00176768         0.00939832        5.87517e-11        9.88709e-05        6.68428e-14            0.73276
18        0.000464683         2.5118e-05        1.62505e-05             101325           0.646965        1.62505e-05            523.904                  0          0.0878152          0.0147461             444519        5.49543e-05        5.27441e-11        2.69073e-11           0.202278        1.71734e-08          0.0119842        1.48853e-05        6.40835e-11        5.26027e-12        0.000123274          0.0389548          0.0023666          0.0113366        1.42998e-10        0.000127085        2.14717e-13            0.73276
19        0.000489801         2.5118e-05        1.49704e-05             101325           0.596002        1.49704e-05            568.427                  0           0.107159          0.0322373             745220        7.09299e-05        1.48265e-10        1.16413e-10           0.197993         2.9647e-08           0.014564        2.02447e-05        1.30741e-10        1.10101e-11        0.000150286          0.0377117          0.0030958          0.0134734        3.41436e-10        0.000160131        6.91384e-13            0.73276
20        0.000514919         2.5118e-05        1.37764e-05             101325           0.548465        1.37764e-05            617.339                  0           0.128854          0.0677391         1.2435e+06        8.97287e-05         4.2897e-10          4.926e-10             0.1932        5.02588e-08          0.0174627        2.72887e-05        2.65833e-10         2.2662e-11        0.000180848           0.036311         0.00396463          0.0158056          8.112e-10        0.000198123        2.27547e-12            0.73276
21        0.000540038         2.5118e-05        1.26754e-05             101325           0.504633        1.26754e-05            670.512                  0           0.152928           0.138042          2.085e+06        0.000111466         1.2718e-09        2.01613e-09           0.187886        8.57871e-08           0.020688        3.64148e-05        5.60194e-10        4.75213e-11        0.000215207          0.0347485         0.00498065          0.0183319        1.95561e-09         0.00024109        7.71823e-12            0.73276
22        0.000565156         2.5118e-05        1.16684e-05             101325           0.464542        1.16684e-05             727.82                  0           0.179415           0.279673        3.57333e+06         0.00013623        3.80236e-09        7.89098e-09           0.182043        1.54082e-07          0.0242468         4.8051e-05        1.28079e-09        1.06225e-10        0.000253692          0.0330204         0.00614979          0.0210525        4.87038e-09        0.000288979        2.66904e-11            0.73276
23        0.000590274         2.5118e-05        1.07524e-05             101325           0.428074        1.07524e-05             789.14                  0           0.208354           0.589032        6.42627e+06        0.000164084        1.12392e-08        2.92254e-08            0.17566        3.06439e-07          0.0281457        6.26137e-05        3.24916e-09        2.60806e-10        0.000296753           0.031123         0.00747653          0.0239692         1.2611e-08        0.000341656        9.19255e-11            0.73276
24        0.000615392         2.5118e-05          9.922e-06             101325           0.395015          9.922e-06            854.356                  0           0.239789            1.35793        1.24751e+07        0.000195071         3.2311e-08        1.01602e-07           0.168728        6.89649e-07          0.0323903        8.04174e-05        8.94471e-09        6.95763e-10        0.000345019          0.0290532         0.00896384          0.0270846        3.35991e-08        0.000398897        3.07976e-10            0.73276
25         0.00064051         2.5118e-05        9.17078e-06             101325           0.365108        9.17078e-06            923.348                  0           0.273763            3.49722        2.64676e+07        0.000229218         8.9454e-08        3.30085e-07           0.161241          1.705e-06          0.0369837        0.000101503        2.54606e-08        1.93305e-09        0.000399363          0.0268085          0.0106129          0.0304011        9.00676e-08        0.000460368        9.86679e-10            0.73276
26        0.000665628         2.5118e-05        8.49198e-06             101325           0.338083        8.49198e-06            995.983                  0           0.310306            9.73663        6.04154e+07        0.000266518         2.3756e-07        1.00147e-06           0.153201        4.38516e-06          0.0419242        0.000125339         7.1728e-08        5.35226e-09        0.000460863          0.0243887          0.0124223          0.0339195        2.36999e-07        0.000525558        2.99154e-09            0.73276
27        0.000690746         2.5118e-05        7.87913e-06             101325           0.313684        7.87913e-06            1072.07                  0           0.349413            27.6736         1.4332e+08        0.000306905        6.04678e-07        2.84364e-06           0.144622        1.12178e-05           0.047201        0.000150358        1.94434e-07        1.43261e-08        0.000530366          0.0217972          0.0143863          0.0376371        5.99742e-07        0.000593615        8.53049e-09            0.73276
28        0.000715864         2.5118e-05        7.32654e-06             101325           0.291685        7.32654e-06            1151.33                  0           0.391017            76.6146        3.40928e+08        0.000350222        1.47425e-06         7.5855e-06           0.135526        2.77981e-05           0.052794        0.000173426        4.98993e-07        3.64126e-08        0.000607099          0.0190427           0.016495            0.04155        1.43819e-06        0.000663021         2.2781e-08           0.732759
29        0.000740982         2.5118e-05         6.8296e-06             101325           0.271901         6.8296e-06            1233.24                  0           0.434999            200.661        7.90484e+08        0.000396068        3.43128e-06         1.9071e-05           0.125952        6.57654e-05          0.0586658        0.000189637        1.19833e-06        8.67849e-08        0.000685483           0.016144            0.01873          0.0456544        3.22889e-06        0.000730732        5.66672e-08           0.732758
30          0.0007661         2.5118e-05        6.38547e-06             101325           0.254218        6.38547e-06            1316.86                  0           0.481152            487.419        1.74482e+09        0.000443339        7.56258e-06        4.52142e-05           0.115977        0.000146974          0.0647384        0.000193429        2.65207e-06        1.90965e-07        0.000750033          0.0131456           0.021052          0.0499433        6.68537e-06        0.000790203        1.29773e-07           0.732758
31        0.000791218         2.5118e-05        5.99402e-06             101325           0.238634        5.99402e-06            1400.42                  0           0.529024            1076.24        3.57453e+09        0.000489286        1.55671e-05         0.00010076           0.105762        0.000306696          0.0708547        0.000181474        5.26224e-06        3.77601e-07        0.000771884          0.0101406          0.0233731          0.0544017          1.246e-05        0.000827815        2.66779e-07           0.732757
32        0.000816336         2.5118e-05        5.65883e-06             101325            0.22529        5.65883e-06            1480.73                  0           0.577699             2104.2        6.57653e+09        0.000528035        2.93257e-05         0.00020938          0.0956315        0.000588631          0.0767321        0.000155136        8.91043e-06        6.39605e-07        0.000717639         0.00729421          0.0255102          0.0589991        2.01076e-05        0.000819448        4.68938e-07           0.732756
33        0.000841454         2.5118e-05        5.38643e-06             101325           0.214445        5.38643e-06            1553.06                  0           0.625508            3521.91         1.0392e+10        0.000550128        4.93518e-05        0.000399856          0.0861262         0.00102074          0.0819594        0.000120401        1.20106e-05        8.68017e-07        0.000580191         0.00483191          0.0271514          0.0636779        2.67028e-05        0.000738009        6.57092e-07           0.732756
34        0.000866572         2.5118e-05        5.18105e-06             101325           0.206268        5.18105e-06            1612.62                  0           0.670034            4886.19        1.34092e+10        0.000547481        7.29859e-05        0.000686474          0.0778818         0.00157657          0.0861307        8.56821e-05        1.23085e-05        9.02426e-07         0.00040363         0.00294761          0.0279455          0.0683406        2.81071e-05        0.000584301        7.00579e-07           0.732756
35         0.00089169         2.5118e-05        5.03728e-06             101325           0.200544        5.03728e-06            1657.56                  0           0.708899            5568.29        1.37765e+10        0.000522967        9.55164e-05         0.00103849          0.0713138         0.00216666          0.0890762        5.76771e-05        9.89736e-06        7.39403e-07        0.000248696         0.00168236          0.0277496          0.0728514        2.37439e-05        0.000405757        5.85248e-07           0.732756
36        0.000916808         2.5118e-05        4.94028e-06             101325           0.196683        4.94028e-06            1689.91                  0            0.74104            5364.65        1.16284e+10        0.000489568        0.000113641          0.0013878          0.0664161         0.00269442          0.0909398        3.84887e-05        6.74674e-06        5.13683e-07        0.000142096        0.000919467          0.0267476          0.0770742        1.70157e-05         0.00025482        4.12566e-07           0.732757
37        0.000941926         2.5118e-05        4.87378e-06             101325           0.194035        4.87378e-06            1713.45                  0           0.766974            4619.47        8.61717e+09        0.000458869        0.000126571         0.00167815          0.0628814         0.00311235           0.092026        2.66526e-05        4.18976e-06        3.24335e-07        7.81008e-05        0.000490641          0.0252777          0.0809189        1.10003e-05        0.000150366        2.63313e-07           0.732758
38        0.000967044         2.5118e-05        4.82556e-06             101325           0.192115        4.82556e-06            1731.45                  0           0.787944            3757.79        5.99538e+09        0.000435477        0.000134905         0.00188966          0.0603318         0.00342076          0.0926267        1.97288e-05        2.47935e-06        1.94584e-07        4.21604e-05        0.000258766          0.0236315          0.0843542        6.70729e-06        8.57254e-05        1.59251e-07           0.732758
39        0.000992162         2.5118e-05         4.7881e-06             101325           0.190624         4.7881e-06            1746.07                  0           0.805165            3002.05        4.13798e+09        0.000419123        0.000139587         0.00202813          0.0584529         0.00364047          0.0929519        1.57399e-05        1.43158e-06        1.13628e-07        2.25917e-05        0.000135822          0.0219906          0.0873902        3.96007e-06         4.7994e-05        9.35748e-08           0.732759
40         0.00101728         2.5118e-05        4.75716e-06             101325           0.189392        4.75716e-06            1758.59                  0           0.819582            2406.99         2.9487e+09        0.000407841        0.000141491         0.00210866          0.0570223         0.00379436          0.0931331        1.34133e-05        8.16527e-07        6.54149e-08        1.20847e-05        7.12293e-05          0.0204476          0.0900586        2.29847e-06        2.66278e-05        5.41372e-08           0.732759
41          0.0010424         2.5118e-05        4.73041e-06             101325           0.188327        4.73041e-06            1769.73                  0           0.831866            1955.44        2.21897e+09        0.000399631        0.000141324         0.00214654          0.0558943         0.00390085           0.093246        1.20067e-05        4.63125e-07        3.73874e-08        6.47355e-06        3.74092e-05          0.0190405          0.0923988         1.3238e-06        1.47169e-05        3.10669e-08           0.732759
42         0.00106752         2.5118e-05        4.70656e-06             101325           0.187378        4.70656e-06            1779.88                  0           0.842486             1613.5        1.77205e+09        0.000392985        0.000139633          0.0021542          0.0549755         0.00397328           0.093332        1.11063e-05        2.62205e-07        2.12999e-08        3.47924e-06         1.9704e-05          0.0177777          0.0944516        7.61668e-07        8.12769e-06        1.77585e-08            0.73276
43         0.00109263         2.5118e-05        4.68489e-06             101325           0.186515        4.68489e-06            1789.26                  0           0.851778            1350.73        1.48972e+09        0.000386924        0.000136837         0.00214084          0.0542063          0.0040209          0.0934124        1.04863e-05        1.48509e-07        1.21245e-08        1.87831e-06        1.04181e-05          0.0166528          0.0962553        4.40389e-07        4.49377e-06        1.01371e-08            0.73276
44         0.00111775         2.5118e-05        4.66495e-06             101325           0.185721        4.66495e-06            1798.01                  0           0.859986             1144.6         1.3009e+09        0.000380878        0.000133255         0.00211302          0.0535482         0.00405007          0.0934971        1.00241e-05        8.42558e-08        6.90557e-09        1.01931e-06        5.53293e-06          0.0156536          0.0978448        2.57486e-07        2.49032e-06        5.78732e-09            0.73276
45         0.00114287         2.5118e-05        4.64646e-06             101325           0.184985        4.64646e-06            1806.23                  0           0.867297            979.484         1.1652e+09        0.000374556        0.000129127         0.00207531          0.0529752         0.00406519          0.0935901        9.65344e-06        4.79187e-08        3.93876e-09        5.56279e-07        2.95286e-06          0.0147654          0.0992506        1.53375e-07        1.38427e-06         3.3075e-09            0.73276
46         0.00116799         2.5118e-05        4.62923e-06             101325           0.184299        4.62923e-06            1813.97                  0           0.873856            844.822        1.06035e+09         0.00036784        0.000124639         0.00203094          0.0524695         0.00406938          0.0936922        9.33799e-06        2.73305e-08        2.25093e-09        3.05378e-07        1.58409e-06          0.0139741             0.1005        9.39199e-08         7.7215e-07         1.8933e-09            0.73276
47         0.00119311         2.5118e-05        4.61311e-06             101325           0.183657        4.61311e-06            1821.28                  0            0.87978            733.396        9.74216e+08        0.000360713        0.000119931         0.00198215          0.0520183         0.00406488          0.0938026        9.05765e-06        1.56356e-08        1.28923e-09        1.68652e-07        8.54391e-07          0.0132662           0.101615        5.97287e-08        4.32322e-07        1.08587e-09            0.73276
48         0.00121822         2.5118e-05        4.59798e-06             101325           0.183055        4.59798e-06             1828.2                  0           0.885164            640.166        9.00226e+08        0.000353212         0.00011511         0.00193053          0.0516122         0.00405338          0.0939202          8.801e-06        8.97292e-09        7.40169e-10        9.37029e-08        4.63372e-07          0.0126302           0.102616        3.98386e-08        2.42994e-07        6.24083e-10            0.73276
49         0.00124334         2.5118e-05        4.58375e-06             101325           0.182488        4.58375e-06            1834.77                  0           0.890087            561.501        8.34744e+08        0.000345399        0.000110256         0.00187723          0.0512437         0.00403614          0.0940433        8.56139e-06         5.1653e-09        4.25976e-10        5.23717e-08        2.52716e-07          0.0120556            0.10352        2.80642e-08        1.37116e-07        3.59464e-10            0.73276
50         0.00126846         2.5118e-05        4.57032e-06             101325           0.181954        4.57032e-06            1841.02                  0           0.894614            494.691        7.75708e+08        0.000337344         0.00010543         0.00182307          0.0509071         0.00401416          0.0941706        8.33478e-06        2.98243e-09        2.45752e-10        2.94419e-08        1.38604e-07          0.0115336            0.10434        2.09174e-08        7.76744e-08        2.07503e-10            0.73276
51         0.00129358         2.5118e-05        4.55763e-06             101325           0.181449        4.55763e-06            1846.97                  0             0.8988            437.652        7.21883e+08        0.000329116        0.000100676         0.00176865           0.050598         0.00398823          0.0943007        8.11859e-06         1.7271e-09        1.42122e-10        1.66453e-08        7.64456e-08          0.0110567            0.10509        1.64289e-08        4.41725e-08        1.20046e-10            0.73276
52          0.0013187         2.5118e-05         4.5456e-06             101325            0.18097         4.5456e-06            1852.64                  0            0.90269             388.74        6.72473e+08        0.000320777        9.60271e-05         0.00171443          0.0503123         0.00395898          0.0944326         7.9111e-06        1.00299e-09        8.23867e-11        9.46211e-09        4.23981e-08          0.0106185           0.105779        1.34846e-08         2.5217e-08        6.96013e-11            0.73276
53         0.00134381         2.5118e-05        4.53419e-06             101325           0.180515        4.53419e-06            1858.06                  0           0.906325            346.626        6.26926e+08        0.000312381        9.15054e-05         0.00166072          0.0500471         0.00392694          0.0945652        7.71108e-06        5.84062e-10        4.78712e-11        5.40715e-09        2.36443e-08          0.0102134           0.106415        1.14518e-08        1.44507e-08        4.04412e-11            0.73276
54         0.00136893         2.5118e-05        4.52333e-06             101325           0.180083        4.52333e-06            1863.25                  0           0.909736            310.225        5.84821e+08        0.000303974        8.71267e-05         0.00160776          0.0497996         0.00389253          0.0946979        7.51762e-06        3.41014e-10        2.78803e-11        3.10557e-09        1.32573e-08         0.00983701           0.107007        9.96902e-09         8.3128e-09        2.35483e-11            0.73276
55         0.00139405         2.5118e-05        4.51298e-06             101325           0.179671        4.51298e-06            1868.23                  0           0.912953            278.641        5.45818e+08        0.000295595        8.29007e-05         0.00155572          0.0495678         0.00385611          0.0948301        7.32999e-06        1.99619e-10         1.6275e-11        1.79235e-09        7.47289e-09          0.0094853           0.107559         8.8285e-09        4.80072e-09        1.37411e-11            0.73276
56         0.00141917         2.5118e-05         4.5031e-06             101325           0.179278         4.5031e-06               1873                  0           0.915998            251.128        5.09631e+08        0.000287273        7.88329e-05         0.00150471          0.0493497         0.00381799          0.0949612        7.14763e-06        1.17146e-10         9.5222e-12        1.03927e-09         4.2343e-09           0.009155           0.108078        7.90929e-09        2.78389e-09        8.03549e-12            0.73276
57         0.00144429         2.5118e-05        4.49366e-06             101325           0.178902        4.49366e-06            1877.59                  0           0.918893            227.065        4.76007e+08        0.000279034        7.49254e-05         0.00145482          0.0491437          0.0037784          0.0950908        6.97005e-06        6.89183e-11        5.58411e-12        6.05314e-10         2.4115e-09         0.00884333           0.108568           7.14e-09        1.62162e-09        4.70915e-12            0.73276
58          0.0014694         2.5118e-05        4.48461e-06             101325           0.178542        4.48461e-06            1882.01                  0           0.921654             205.93        4.44725e+08        0.000270896         7.1178e-05          0.0014061          0.0489485         0.00373756          0.0952189        6.79685e-06        4.06458e-11        3.28231e-12        3.54094e-10        1.38026e-09         0.00854792           0.109032        6.47763e-09         9.4946e-10        2.76584e-12            0.73276
59         0.00149452         2.5118e-05        4.47594e-06             101325           0.178196        4.47594e-06            1886.27                  0           0.924296            187.288        4.15586e+08        0.000262874        6.75887e-05         0.00135859          0.0487629         0.00369564           0.095345        6.62768e-06        2.40311e-11        1.93388e-12        2.08011e-10        7.93882e-10         0.00826676           0.109474        5.89554e-09        5.59355e-10        1.62814e-12            0.73276
60         0.00151964         2.5118e-05        4.46761e-06             101325           0.177865        4.46761e-06            1890.39                  0           0.926832            170.773        3.88411e+08        0.000254979        6.41541e-05         0.00131228           0.048586         0.00365279          0.0954691        6.46224e-06        1.42435e-11        1.14216e-12        1.22697e-10        4.58814e-10         0.00799818           0.109896        5.37667e-09        3.32114e-10        9.60649e-13            0.73276
61         0.00154476         2.5118e-05        4.45959e-06             101325           0.177545        4.45959e-06            1894.36                  0           0.929273            156.077        3.63042e+08        0.000247219          6.087e-05         0.00126719          0.0484169         0.00360914          0.0955911        6.30027e-06        8.46377e-12         6.7624e-13        7.26665e-11        2.66421e-10         0.00774073             0.1103        4.90962e-09        1.99225e-10        5.68181e-13            0.73276
62         0.00156988         2.5118e-05        4.45187e-06             101325           0.177238        4.45187e-06             1898.2                  0           0.931627            142.944        3.39332e+08        0.000239599        5.77317e-05          0.0012233          0.0482549         0.00356479          0.0957109        6.14154e-06         5.0424e-12        4.01402e-13        4.32071e-11        1.55425e-10          0.0074932           0.110689        4.48639e-09        1.21176e-10        3.36902e-13            0.73276
63         0.00159499         2.5118e-05        4.44443e-06             101325           0.176942        4.44443e-06            1901.92                  0           0.933904            131.156        3.17153e+08        0.000232124        5.47339e-05          0.0011806          0.0480992         0.00351982          0.0958284        5.98586e-06        3.01208e-12        2.38892e-13        2.57919e-11        9.10907e-11         0.00725455           0.111064        4.10113e-09        7.51063e-11        2.00295e-13            0.73276
64         0.00162011         2.5118e-05        4.43725e-06             101325           0.176656        4.43725e-06            1905.53                  0            0.93611            120.532        2.96388e+08        0.000224794        5.18715e-05         0.00113906          0.0479495         0.00347432          0.0959438        5.83305e-06        1.80419e-12        1.42563e-13        1.54565e-11        5.36299e-11         0.00702391           0.111427        3.74933e-09        4.77477e-11        1.19414e-13            0.73276
65         0.00164523         2.5118e-05        4.43032e-06             101325            0.17638        4.43032e-06            1909.02                  0            0.93825            110.918         2.7693e+08        0.000217613        4.91391e-05         0.00109868          0.0478052         0.00342834          0.0960569        5.68296e-06        1.08374e-12        8.53174e-14        9.29901e-12        3.17183e-11         0.00680054           0.111778        3.42741e-09        3.13755e-11        7.14064e-14            0.73276
66         0.00167035         2.5118e-05        4.42361e-06             101325           0.176113        4.42361e-06            1912.42                  0            0.94033            102.186        2.58686e+08        0.000210579        4.65313e-05         0.00105941           0.047666         0.00338195          0.0961677        5.53547e-06        6.52874e-13         5.1208e-14        5.61654e-12        1.88441e-11         0.00658381           0.112118        3.13238e-09        2.14784e-11        4.28363e-14            0.73276
67         0.00169547         2.5118e-05        4.41712e-06             101325           0.175855        4.41712e-06            1915.71                  0           0.942354            94.2259        2.41569e+08        0.000203693        4.40431e-05         0.00102124          0.0475315          0.0033352          0.0962764        5.39046e-06        3.94495e-13        3.08287e-14        3.40581e-12        1.12461e-11         0.00637319           0.112449        2.86172e-09        1.54134e-11        2.57869e-14            0.73276
68         0.00172058         2.5118e-05        4.41084e-06             101325           0.175605        4.41084e-06            1918.92                  0           0.944326            86.9472        2.25502e+08        0.000196955        4.16695e-05        0.000984131          0.0474013         0.00328811          0.0963829        5.24786e-06        2.39114e-13        1.86181e-14        2.07352e-12        6.74206e-12         0.00616824           0.112771        2.61326e-09        1.16272e-11        1.55829e-14            0.73276
69          0.0017457         2.5118e-05        4.40475e-06             101325           0.175362        4.40475e-06            1922.03                  0           0.946248            80.2717        2.10415e+08        0.000190362        3.94057e-05        0.000948069          0.0472753         0.00324074          0.0964873        5.10758e-06          1.454e-13        1.12805e-14        1.26751e-12        4.06028e-12         0.00596858           0.113085         2.3851e-09        9.20392e-12        9.45683e-15            0.73276
70         0.00177082         2.5118e-05        4.39885e-06             101325           0.175127        4.39885e-06            1925.06                  0           0.948124            74.1334        1.96243e+08        0.000183915         3.7247e-05        0.000913024          0.0471533         0.00319313          0.0965895        4.96958e-06        8.87083e-14        6.85781e-15        7.78003e-13        2.45642e-12         0.00577391           0.113391        2.17553e-09        7.60166e-12        5.76678e-15            0.73276
71         0.00179594         2.5118e-05        4.39313e-06             101325             0.1749        4.39313e-06            1928.01                  0           0.949956            68.4761         1.8293e+08        0.000177613        3.51892e-05        0.000878974           0.047035         0.00314529          0.0966897         4.8338e-06        5.43067e-14         4.1836e-15        4.79536e-13        1.49296e-12         0.00558395           0.113689        1.98304e-09        6.49867e-12        3.53608e-15            0.73276
72         0.00182106         2.5118e-05        4.38758e-06             101325           0.174679        4.38758e-06            1930.88                  0           0.951746            63.2519        1.70422e+08        0.000171453        3.32282e-05        0.000845896          0.0469203         0.00309727          0.0967878        4.70022e-06        3.33639e-14        2.56137e-15        2.96826e-13        9.11611e-13         0.00539849           0.113981        1.80626e-09        5.70312e-12         2.1823e-15            0.73276
73         0.00184617         2.5118e-05         4.3822e-06             101325           0.174464         4.3822e-06            1933.67                  0           0.953494            58.4197         1.5867e+08        0.000165436        3.13599e-05        0.000813768          0.0468091         0.00304909          0.0968839        4.56882e-06        2.05721e-14        1.57399e-15        1.84526e-13         5.5925e-13         0.00521737           0.114265        1.64397e-09        5.10011e-12        1.35715e-15            0.73276
74         0.00187129         2.5118e-05        4.37697e-06             101325           0.174256        4.37697e-06            1936.38                  0           0.955203            53.9442        1.47631e+08        0.000159559        2.95806e-05        0.000782571          0.0467012         0.00300078           0.096978         4.4396e-06        1.27324e-14        9.70917e-16        1.15217e-13        3.44715e-13         0.00504043           0.114543        1.49504e-09        4.62049e-12        8.51744e-16            0.73276
75         0.00189641         2.5118e-05         4.3719e-06             101325           0.174054         4.3719e-06            1939.03                  0           0.956874            49.7947        1.37264e+08        0.000153823        2.78869e-05        0.000752286          0.0465966         0.00295238          0.0970701        4.31257e-06        7.91057e-15        6.01258e-16        7.22631e-14        2.13498e-13         0.00486758           0.114815        1.35844e-09        4.22234e-12        5.40465e-16            0.73276
76         0.00192153         2.5118e-05        4.36697e-06             101325           0.173858        4.36697e-06            1941.61                  0           0.958506            45.9445        1.27531e+08        0.000148227        2.62754e-05        0.000722897          0.0464951         0.00290391          0.0971603        4.18773e-06        4.93425e-15        3.73837e-16        4.55291e-14        1.32872e-13          0.0046987            0.11508        1.23323e-09        3.88009e-12        3.47511e-16            0.73276
77         0.00194665         2.5118e-05        4.36219e-06             101325           0.173668        4.36219e-06            1944.11                  0           0.960102            42.3704        1.18396e+08         0.00014277        2.47428e-05        0.000694385          0.0463968         0.00285541          0.0972485        4.06513e-06        3.09023e-15        2.33394e-16        2.88183e-14        8.31005e-14         0.00453375           0.115339        1.11854e-09        3.57794e-12        2.26995e-16            0.73276
78         0.00197176         2.5118e-05        4.35755e-06             101325           0.173483        4.35755e-06            1946.55                  0           0.961662            39.0516        1.09828e+08         0.00013745        2.32861e-05        0.000666738          0.0463016         0.00280689          0.0973348        3.94477e-06        1.94339e-15        1.46328e-16        1.83269e-14        5.22314e-14         0.00437267           0.115592        1.01357e-09          3.306e-12        1.51042e-16            0.73276
79         0.00199688         2.5118e-05        4.35305e-06             101325           0.173304        4.35305e-06            1948.92                  0           0.963185            35.9698        1.01795e+08        0.000132269        2.19025e-05         0.00063994          0.0462093         0.00275841          0.0974193        3.82672e-06        1.22735e-15         9.2137e-17        1.17107e-14        3.29946e-14         0.00421542           0.115839        9.17585e-10          3.058e-12        1.02655e-16            0.73276
80           0.002022         2.5118e-05        4.34869e-06             101325            0.17313        4.34869e-06            1951.23                  0           0.964673            33.1088        9.42703e+07        0.000127225         2.0589e-05        0.000613978            0.04612         0.00270999          0.0975018        3.71101e-06        7.78498e-16        5.82708e-17        7.51938e-15        2.09491e-14         0.00406198            0.11608        8.29901e-10        2.82981e-12        7.14285e-17            0.73276
81         0.00204712         2.5118e-05        4.34446e-06             101325           0.172962        4.34446e-06            1953.47                  0           0.966125            30.4537        8.72258e+07        0.000122318        1.93431e-05         0.00058884          0.0460336         0.00266166          0.0975824         3.5977e-06        4.95981e-16        3.70184e-17        4.85199e-15        1.33699e-14         0.00391234           0.116316         7.4988e-10        2.61866e-12        5.09651e-17            0.73276
82         0.00207224         2.5118e-05        4.34035e-06             101325           0.172798        4.34035e-06            1955.65                  0           0.967541             27.991        8.06363e+07        0.000117547        1.81622e-05        0.000564514          0.0459501         0.00261346          0.0976612        3.48683e-06        3.17416e-16        2.36249e-17         3.1465e-15        8.57735e-15         0.00376648           0.116545        6.76933e-10        2.42262e-12        3.73112e-17            0.73276
83         0.00209736         2.5118e-05        4.33637e-06             101325            0.17264        4.33637e-06            1957.77                  0           0.968923            25.7084        7.44781e+07        0.000112913        1.70437e-05        0.000540988          0.0458695         0.00256543          0.0977381        3.37847e-06        2.04075e-16        1.51477e-17        2.05085e-15        5.53185e-15         0.00362441           0.116768        6.10508e-10        2.24024e-12        2.80111e-17            0.73276
84         0.00212247         2.5118e-05        4.33252e-06             101325           0.172487        4.33252e-06            1959.82                  0           0.970268            23.5946        6.87282e+07        0.000108415        1.59853e-05        0.000518251          0.0457917         0.00251761          0.0978131        3.27268e-06         1.3182e-16        9.75856e-18         1.3436e-15        3.58678e-15         0.00348613           0.116985        5.50094e-10        2.07044e-12        2.15296e-17            0.73276
85         0.00214759         2.5118e-05        4.32879e-06             101325           0.172338        4.32879e-06            1961.82                  0           0.971579            21.6389         6.3365e+07        0.000104053        1.49846e-05        0.000496292          0.0457168         0.00247004          0.0978863        3.16952e-06        8.55547e-17        6.31713e-18         8.8483e-16         2.3382e-15         0.00335164           0.117196        4.95214e-10         1.9123e-12        1.69003e-17            0.73276
86         0.00217271         2.5118e-05        4.32519e-06             101325           0.172195        4.32519e-06            1963.75                  0           0.972854            19.8314        5.83678e+07        9.98252e-05        1.40392e-05        0.000475102          0.0456446         0.00242275          0.0979576        3.06905e-06        5.57975e-17        4.10947e-18         5.8578e-16        1.53259e-15         0.00322095           0.117402        4.45423e-10        1.76508e-12        1.35096e-17            0.73276
87         0.00219783         2.5118e-05         4.3217e-06             101325           0.172056         4.3217e-06            1965.62                  0           0.974094             18.163        5.37167e+07        9.57326e-05        1.31471e-05        0.000454668          0.0455751          0.0023758          0.0980271        2.97133e-06        3.65705e-17         2.6867e-18        3.89869e-16        1.01009e-15         0.00309406           0.117601        4.00306e-10         1.6281e-12        1.09638e-17            0.73276
88         0.00222295         2.5118e-05        4.31833e-06             101325           0.171921        4.31833e-06            1967.44                  0           0.975298            16.6247        4.93929e+07         9.1774e-05         1.2306e-05         0.00043498          0.0455084         0.00232921          0.0980947        2.87642e-06        2.40897e-17        1.76545e-18        2.60879e-16        6.69435e-16         0.00297098           0.117794        3.59477e-10        1.50076e-12        9.00745e-18            0.73276
89         0.00224806         2.5118e-05        4.31507e-06             101325           0.171792        4.31507e-06            1969.19                  0           0.976467            15.2083         4.5378e+07         8.7949e-05        1.15137e-05        0.000416027          0.0454444         0.00228304          0.0981605        2.78437e-06          1.595e-17        1.16609e-18        1.75516e-16        4.46159e-16         0.00285171           0.117982        3.22576e-10         1.3825e-12        7.47243e-18            0.73276
90         0.00227318         2.5118e-05        4.31193e-06             101325           0.171667        4.31193e-06            1970.89                  0             0.9776            13.9059        4.16546e+07        8.42565e-05        1.07683e-05        0.000397799          0.0453831         0.00223733          0.0982244        2.69524e-06        1.06159e-17        7.74253e-19        1.18735e-16        2.99036e-16         0.00273625           0.118163        2.89269e-10        1.27278e-12        6.24607e-18            0.73276
91          0.0022983         2.5118e-05         4.3089e-06             101325           0.171546         4.3089e-06            1972.52                  0           0.978698            12.7099        3.82059e+07        8.06959e-05        1.00676e-05        0.000380283          0.0453243         0.00219213          0.0982864        2.60906e-06        7.10342e-18        5.16832e-19        8.07698e-17        2.01572e-16         0.00262459           0.118339        2.59244e-10        1.17112e-12        5.25148e-18            0.73276
92         0.00232342         2.5118e-05        4.30598e-06             101325            0.17143        4.30598e-06             1974.1                  0            0.97976            11.6132        3.50157e+07        7.72659e-05        9.40966e-06        0.000363469          0.0452682         0.00214747          0.0983466        2.52589e-06        4.77906e-18        3.46874e-19        5.52518e-17        1.36655e-16         0.00251672           0.118508        2.32213e-10        1.07702e-12          4.435e-18            0.73276
93         0.00234854         2.5118e-05        4.30317e-06             101325           0.171318        4.30317e-06            1975.63                  0           0.980788             10.609        3.20686e+07        7.39653e-05        8.79256e-06        0.000347343          0.0452146         0.00210341           0.098405        2.44575e-06        3.23322e-18        2.34095e-19        3.80098e-17        9.31802e-17         0.00241262           0.118672        2.07908e-10        9.90047e-13         3.7583e-18            0.73276
94         0.00237365         2.5118e-05        4.30047e-06             101325           0.171211        4.30047e-06             1977.1                  0            0.98178            9.69065        2.93496e+07        7.07929e-05        8.21438e-06        0.000331894          0.0451635         0.00205998          0.0984615        2.36867e-06         2.1999e-18        1.58875e-19        2.62977e-17        6.39056e-17         0.00231228           0.118829        1.86081e-10        9.09749e-13        3.19332e-18            0.73276
95         0.00239877         2.5118e-05        4.29788e-06             101325           0.171107        4.29788e-06            1978.51                  0           0.982737              8.852        2.68445e+07         6.7747e-05        7.67324e-06        0.000317108          0.0451148         0.00201724          0.0985162        2.29467e-06        1.50561e-18        1.08446e-19        1.82994e-17        4.40842e-17         0.00221568           0.118981        1.66503e-10        8.35711e-13        2.71896e-18            0.73276
96         0.00242389         2.5118e-05        4.29538e-06             101325           0.171008        4.29538e-06            1979.87                  0            0.98366            8.08711        2.45393e+07        6.48261e-05        7.16732e-06        0.000302971          0.0450685         0.00197522          0.0985691        2.22376e-06        1.03666e-18        7.44598e-20        1.28079e-17         3.0589e-17         0.00212277           0.119127        1.48963e-10        7.67528e-13        2.31906e-18            0.73276
97         0.00244901         2.5118e-05        4.29299e-06             101325           0.170913        4.29299e-06            1981.17                  0           0.984548            7.39037         2.2421e+07        6.20281e-05        6.69483e-06        0.000289471          0.0450246         0.00193397          0.0986202        2.15594e-06        7.18206e-19        5.14325e-20        9.01694e-18        2.13498e-17         0.00203352           0.119267        1.33266e-10        7.04816e-13         1.9809e-18            0.73276
98         0.00247413         2.5118e-05         4.2907e-06             101325           0.170822         4.2907e-06            1982.42                  0           0.985403            6.75641        2.04768e+07        5.93512e-05        6.25404e-06        0.000276593          0.0449829         0.00189352          0.0986695         2.0912e-06        5.00778e-19        3.57459e-20        6.38574e-18        1.49891e-17         0.00194789           0.119402        1.19234e-10        6.47203e-13        1.69431e-18            0.73276
99         0.00249924         2.5118e-05        4.28851e-06             101325           0.170734        4.28851e-06            1983.62                  0           0.986223            6.18019        1.86948e+07        5.67932e-05        5.84326e-06        0.000264321          0.0449435         0.00185392           0.098717        2.02952e-06        3.51498e-19        2.50013e-20        4.54947e-18        1.05855e-17         0.00186583           0.119531        1.06703e-10        5.94339e-13        1.45106e-18            0.73276
100         0.00252436         2.5118e-05        4.28641e-06             101325           0.170651        4.28641e-06            1984.77                  0            0.98701            5.65691        1.70633e+07        5.43516e-05        5.46084e-06         0.00025264          0.0449062         0.00181521          0.0987628        1.97089e-06        2.48422e-19        1.76005e-20        3.26089e-18        7.51978e-18         0.00178729           0.119654        9.55226e-11        5.45887e-13        1.24434e-18            0.73276
101         0.00254948         2.5118e-05         4.2844e-06             101325           0.170571         4.2844e-06            1985.87                  0           0.987765            5.18208        1.55714e+07         5.2024e-05         5.1052e-06        0.000241535          0.0448709         0.00177742          0.0988068        1.91525e-06        1.76836e-19         1.2474e-20        2.35164e-18        5.37352e-18          0.0017122           0.119772        8.55565e-11        5.01527e-13        1.06853e-18            0.73276
102          0.0025746         2.5118e-05        4.28249e-06             101325           0.170495        4.28249e-06            1986.92                  0           0.988487            4.75146        1.42085e+07        4.98079e-05         4.7748e-06        0.000230989          0.0448377         0.00174057          0.0988491        1.86257e-06        1.26822e-19        8.90218e-21        1.70648e-18        3.86252e-18         0.00164051           0.119885        7.66798e-11        4.60956e-13        9.18908e-19            0.73276
103         0.00259972         2.5118e-05        4.28066e-06             101325           0.170422        4.28066e-06            1987.92                  0           0.989177            4.36109        1.29649e+07        4.77004e-05        4.46815e-06        0.000220986          0.0448065         0.00170472          0.0988896         1.8128e-06        9.16656e-20        6.39896e-21        1.24614e-18        2.79278e-18         0.00157214           0.119992        6.87791e-11        4.23889e-13        7.91503e-19            0.73276
104         0.00262483         2.5118e-05        4.27893e-06             101325           0.170353        4.27893e-06            1988.88                  0           0.989837            4.00726         1.1831e+07        4.56987e-05        4.18381e-06        0.000211509          0.0447771         0.00166987          0.0989285        1.76587e-06        6.67976e-20        4.63406e-21        9.15826e-19        2.03122e-18         0.00150701           0.120094        6.17516e-11        3.90054e-13        6.82962e-19            0.73276
105         0.00264995         2.5118e-05        4.27727e-06             101325           0.170287        4.27727e-06            1989.79                  0           0.990465            3.68653        1.07981e+07        4.37997e-05         3.9204e-06         0.00020254          0.0447495         0.00163606          0.0989658        1.72171e-06        4.90933e-20        3.38205e-21        6.77472e-19        1.48601e-18         0.00144505           0.120192        5.55041e-11        3.59198e-13        5.90449e-19            0.73276
106         0.00267507         2.5118e-05         4.2757e-06             101325           0.170224         4.2757e-06            1990.65                  0           0.991064             3.3957        9.85765e+06        4.20005e-05        3.67662e-06        0.000194063          0.0447236         0.00160331          0.0990014        1.68024e-06         3.6405e-20        2.48829e-21        5.04496e-19        1.09353e-18         0.00138618           0.120284        4.99527e-11        3.31081e-13        5.11554e-19            0.73276
107         0.00270019         2.5118e-05        4.27421e-06             101325           0.170165        4.27421e-06            1991.48                  0           0.991634            3.13184        9.00197e+06        4.02979e-05        3.45118e-06        0.000186059          0.0446993         0.00157164          0.0990354        1.64139e-06        2.72491e-20        1.84616e-21        3.78249e-19         8.0943e-19         0.00133032           0.120372        4.50215e-11         3.0548e-13        4.44232e-19            0.73276
108         0.00272531         2.5118e-05         4.2728e-06             101325           0.170109         4.2728e-06            1992.26                  0           0.992176            2.89221        8.22371e+06        3.86886e-05        3.24288e-06        0.000178511          0.0446767         0.00154106          0.0990678        1.60505e-06        2.05954e-20        1.38178e-21        2.85577e-19        6.02644e-19         0.00127736           0.120455        4.06424e-11        2.82186e-13        3.86746e-19            0.73276
109         0.00275042         2.5118e-05        4.27146e-06             101325           0.170055        4.27146e-06               1993                  0            0.99269            2.67435        7.51601e+06        3.71694e-05        3.05058e-06        0.000171401          0.0446555         0.00151158          0.0990987        1.57114e-06         1.5725e-20        1.04368e-21        2.17156e-19        4.51308e-19         0.00122724           0.120534        3.67543e-11        2.61005e-13        3.37619e-19            0.73276
110         0.00277554         2.5118e-05        4.27019e-06             101325           0.170005        4.27019e-06             1993.7                  0           0.993178            2.47598        6.87255e+06         3.5737e-05        2.87317e-06        0.000164711          0.0446357         0.00148321          0.0991281        1.53956e-06         1.2133e-20        7.95819e-22        1.66346e-19         3.3995e-19         0.00117984           0.120608        3.33024e-11        2.41757e-13        2.95599e-19            0.73276
111         0.00280066         2.5118e-05        4.26899e-06             101325           0.169957        4.26899e-06            1994.36                  0           0.993639            2.29504        6.28743e+06         3.4388e-05        2.70963e-06        0.000158425          0.0446173         0.00145596          0.0991561         1.5102e-06        9.46364e-21        6.12825e-22        1.28393e-19        2.57567e-19         0.00113508           0.120679        3.02375e-11        2.24273e-13         2.5962e-19            0.73276
112         0.00282578         2.5118e-05        4.26786e-06             101325           0.169912        4.26786e-06            1994.98                  0           0.994076            2.12966        5.75525e+06        3.31191e-05        2.55897e-06        0.000152523          0.0446002         0.00142983          0.0991826        1.48296e-06        7.46416e-21        4.76745e-22        9.98772e-20        1.96291e-19         0.00109286           0.120745        2.75161e-11          2.084e-13        2.28779e-19            0.73276
113          0.0028509         2.5118e-05         4.2668e-06             101325            0.16987         4.2668e-06            1995.57                  0           0.994488            1.97819        5.27101e+06         3.1927e-05        2.42026e-06        0.000146988          0.0445843         0.00140481          0.0992077        1.45774e-06        5.95437e-21        3.74805e-22        7.83241e-20        1.50474e-19         0.00105308           0.120807        2.50991e-11        1.93993e-13        2.02307e-19            0.73276
114         0.00287601         2.5118e-05        4.26579e-06             101325            0.16983        4.26579e-06            1996.13                  0           0.994877             1.8391        4.83014e+06        3.08083e-05        2.29264e-06        0.000141804          0.0445695          0.0013809          0.0992315        1.43443e-06        4.80499e-21        2.97865e-22        6.19367e-20        1.16034e-19         0.00101566           0.120866        2.29518e-11        1.80923e-13        1.79554e-19            0.73276
115         0.00290113         2.5118e-05        4.26485e-06             101325           0.169792        4.26485e-06            1996.65                  0           0.995243            1.71108        4.42849e+06        2.97597e-05        2.17529e-06        0.000136954          0.0445558         0.00135809           0.099254        1.41292e-06        3.92266e-21        2.39349e-22        4.94022e-20        9.00122e-20        0.000980483           0.120921        2.10433e-11        1.69068e-13        1.59969e-19            0.73276
116         0.00292625         2.5118e-05        4.26396e-06             101325           0.169757        4.26396e-06            1997.14                  0           0.995588            1.59292        4.06225e+06        2.87779e-05        2.06744e-06         0.00013242           0.044543         0.00133636          0.0992753         1.3931e-06        3.23964e-21        1.94499e-22        3.97568e-20        7.02489e-20        0.000947468           0.120973        1.93464e-11        1.58318e-13        1.43083e-19            0.73276
117         0.00295137         2.5118e-05        4.26313e-06             101325           0.169724        4.26313e-06            1997.61                  0           0.995912            1.48359        3.72799e+06        2.78599e-05        1.96837e-06        0.000128187          0.0445313         0.00131571          0.0992953        1.37488e-06        2.70643e-21        1.59855e-22        3.22897e-20        5.51625e-20        0.000916514           0.121022        1.78368e-11         1.4857e-13          1.285e-19            0.73276
118         0.00297649         2.5118e-05        4.26235e-06             101325           0.169693        4.26235e-06            1998.04                  0           0.996216            1.38216         3.4226e+06        2.70023e-05        1.87741e-06        0.000124239          0.0445204         0.00129611          0.0993141        1.35815e-06        2.28665e-21        1.32882e-22        2.64739e-20        4.35883e-20        0.000887529           0.121067        1.64931e-11        1.39734e-13        1.15883e-19            0.73276
119          0.0030016         2.5118e-05        4.26162e-06             101325           0.169664        4.26162e-06            1998.44                  0           0.996501            1.28784        3.14329e+06        2.62022e-05        1.79393e-06         0.00012056          0.0445104         0.00127753          0.0993319         1.3428e-06        1.95339e-21        1.11715e-22        2.19167e-20        3.46645e-20        0.000860418            0.12111        1.52961e-11        1.31723e-13        1.04947e-19            0.73276
120         0.00302672         2.5118e-05        4.26094e-06             101325           0.169637        4.26094e-06            1998.82                  0           0.996768            1.19992        2.88753e+06        2.54564e-05        1.71736e-06        0.000117136          0.0445011         0.00125996          0.0993485        1.32876e-06        1.68662e-21         9.4974e-23        1.83239e-20        2.77506e-20        0.000835091            0.12115        1.42293e-11        1.24461e-13        9.54506e-20            0.73276
121         0.00305184         2.5118e-05         4.2603e-06             101325           0.169611         4.2603e-06            1999.18                  0           0.997018             1.1178        2.65309e+06        2.47622e-05        1.64715e-06        0.000113953          0.0444926         0.00124337          0.0993641        1.31591e-06        1.47135e-21        8.16289e-23        1.54744e-20        2.23679e-20        0.000811458           0.121187        1.32777e-11        1.17879e-13        8.71876e-20            0.73276
122         0.00307696         2.5118e-05         4.2597e-06             101325           0.169588         4.2597e-06            1999.51                  0           0.997251            1.04096        2.43793e+06        2.41166e-05        1.58281e-06        0.000110995          0.0444847         0.00122774          0.0993788        1.30418e-06        1.29625e-21        7.09088e-23        1.32006e-20        1.81575e-20        0.000789433           0.121221        1.24282e-11        1.11913e-13        7.99839e-20            0.73276
123         0.00310208         2.5118e-05        4.25915e-06             101325           0.169566        4.25915e-06            1999.82                  0           0.997469           0.968953        2.24027e+06        2.35169e-05        1.52386e-06        0.000108251          0.0444775         0.00121302          0.0993924        1.29348e-06        1.15274e-21        6.22317e-23        1.13754e-20        1.48486e-20        0.000768929           0.121254        1.16694e-11        1.06504e-13        7.36915e-20            0.73276
124         0.00312719         2.5118e-05        4.25864e-06             101325           0.169545        4.25864e-06             2000.1                  0           0.997672           0.901386         2.0585e+06        2.29605e-05        1.46987e-06        0.000105707          0.0444708          0.0011992          0.0994052        1.28373e-06        1.03424e-21        5.51564e-23        9.90156e-21        1.22363e-20        0.000749865           0.121284         1.0991e-11        1.01601e-13        6.81842e-20            0.73276
125         0.00315231         2.5118e-05        4.25816e-06             101325           0.169526        4.25816e-06            2000.37                  0           0.997861           0.837932        1.89119e+06        2.24447e-05        1.42045e-06        0.000103351          0.0444647         0.00118624          0.0994171        1.27485e-06        9.35712e-22        4.93455e-23        8.70447e-21        1.01645e-20        0.000732161           0.121311         1.0384e-11        9.71566e-14        6.33548e-20            0.73276
126         0.00317743         2.5118e-05        4.25771e-06             101325           0.169508        4.25771e-06            2000.62                  0           0.998036           0.778306        1.73708e+06        2.19672e-05        1.37523e-06        0.000101171          0.0444591          0.0011741          0.0994282        1.26678e-06        8.53238e-22        4.45399e-23        7.72655e-21        8.51413e-21        0.000715738           0.121337        9.84054e-12        9.31273e-14        5.91118e-20            0.73276
127         0.00320255         2.5118e-05         4.2573e-06             101325           0.169492         4.2573e-06            2000.85                  0           0.998199           0.722262        1.59503e+06        2.15256e-05        1.33387e-06        9.91561e-05          0.0444539         0.00116275          0.0994385        1.25944e-06        7.83765e-22        4.05395e-23        6.92316e-21        7.19375e-21        0.000700522           0.121361         9.3536e-12        8.94746e-14        5.53772e-20            0.73276
128         0.00322767         2.5118e-05        4.25692e-06             101325           0.169477        4.25692e-06            2001.06                  0            0.99835           0.669588        1.46402e+06        2.11176e-05        1.29606e-06        9.72959e-05          0.0444492         0.00115217          0.0994481        1.25278e-06        7.24896e-22         3.7188e-23        6.25951e-21        6.13285e-21        0.000686442           0.121383          8.917e-12        8.61632e-14        5.20842e-20            0.73276
129         0.00325278         2.5118e-05        4.25656e-06             101325           0.169463        4.25656e-06            2001.25                  0            0.99849           0.620097        1.34317e+06        2.07412e-05        1.26151e-06          9.558e-05          0.0444449          0.0011423           0.099457        1.24674e-06        6.74737e-22        3.43636e-23        5.70836e-21        5.27688e-21        0.000673428           0.121404        8.52529e-12        8.31614e-14        4.91756e-20            0.73276
130          0.0032779         2.5118e-05        4.25624e-06             101325            0.16945        4.25624e-06            2001.44                  0           0.998619           0.573626        1.23167e+06        2.03942e-05        1.22995e-06        9.39991e-05          0.0444409         0.00113313          0.0994652        1.24126e-06         6.3178e-22        3.19698e-23        5.24827e-21        4.58342e-21        0.000661415           0.121423        8.17366e-12        8.04406e-14        4.66026e-20            0.73276
131         0.00330302         2.5118e-05        4.25594e-06             101325           0.169438        4.25594e-06             2001.6                  0           0.998739           0.530028        1.12879e+06        2.00748e-05        1.20115e-06         9.2544e-05          0.0444373         0.00112461          0.0994729        1.23629e-06        5.94817e-22        2.99303e-23        4.86229e-21        4.01936e-21        0.000650339            0.12144        7.85785e-12        7.79748e-14         4.4323e-20            0.73276
132         0.00332814         2.5118e-05        4.25566e-06             101325           0.169427        4.25566e-06            2001.76                  0           0.998849           0.489173        1.03389e+06         1.9781e-05        1.17487e-06        9.12063e-05           0.044434         0.00111672          0.0994799         1.2318e-06        5.62876e-22        2.81844e-23        4.53693e-21        3.55878e-21        0.000640141           0.121456         7.5741e-12        7.57405e-14        4.23006e-20            0.73276
133         0.00335326         2.5118e-05        4.25541e-06             101325           0.169416        4.25541e-06             2001.9                  0            0.99895           0.450939             946378        1.95112e-05        1.15092e-06        8.99779e-05           0.044431         0.00110941          0.0994864        1.22773e-06        5.35166e-22        2.66829e-23        4.26145e-21        3.18125e-21        0.000630763           0.121471        7.31906e-12        7.37166e-14        4.05043e-20            0.73276
134         0.00337837         2.5118e-05        4.25517e-06             101325           0.169407        4.25517e-06            2002.03                  0           0.999044           0.415214             865730        1.92638e-05         1.1291e-06        8.88514e-05          0.0444283         0.00110266          0.0994924        1.22406e-06        5.11045e-22        2.53866e-23         4.0272e-21        2.87066e-21        0.000622153           0.121484        7.08981e-12        7.18841e-14        3.89071e-20            0.73276
135         0.00340349         2.5118e-05        4.25496e-06             101325           0.169399        4.25496e-06            2002.15                  0            0.99913           0.381894             791468        1.90372e-05        1.10925e-06        8.78196e-05          0.0444258         0.00109644          0.0994979        1.22074e-06        4.89983e-22        2.42633e-23        3.82725e-21        2.61422e-21        0.000614258           0.121497        6.88373e-12        7.02257e-14        3.74858e-20            0.73276
136         0.00342861         2.5118e-05        4.25476e-06             101325           0.169391        4.25476e-06            2002.26                  0           0.999208           0.350881             723158          1.883e-05        1.09119e-06        8.68761e-05          0.0444235         0.00109071          0.0995029        1.21774e-06        4.71543e-22        2.32868e-23        3.65595e-21        2.40178e-21        0.000607031           0.121508         6.6985e-12        6.87258e-14        3.62202e-20            0.73276
137         0.00345373         2.5118e-05        4.25458e-06             101325           0.169384        4.25458e-06            2002.36                  0            0.99928           0.322081             660404        1.86408e-05         1.0748e-06        8.60147e-05          0.0444215         0.00108546          0.0995075        1.21504e-06        4.55366e-22        2.24356e-23        3.50872e-21        2.22521e-21        0.000600428           0.121518        6.53208e-12        6.73706e-14        3.50929e-20            0.73276
138         0.00347885         2.5118e-05        4.25442e-06             101325           0.169377        4.25442e-06            2002.45                  0           0.999346           0.295405             602846        1.84684e-05        1.05994e-06        8.52298e-05          0.0444196         0.00108064          0.0995118        1.21261e-06        4.41149e-22        2.16921e-23        3.38183e-21        2.07801e-21        0.000594406           0.121528        6.38266e-12        6.61474e-14        3.40887e-20            0.73276
139         0.00350396         2.5118e-05        4.25427e-06             101325           0.169371        4.25427e-06            2002.53                  0           0.999406           0.270767             550157        1.83117e-05        1.04649e-06         8.4516e-05          0.0444179         0.00107624          0.0995156        1.21042e-06        4.28642e-22        2.10415e-23        3.27223e-21        1.95496e-21        0.000588927           0.121536        6.24864e-12         6.5045e-14        3.31945e-20            0.73276
140         0.00352908         2.5118e-05        4.25413e-06             101325           0.169366        4.25413e-06            2002.61                  0           0.999461           0.248086             502038        1.81696e-05        1.03435e-06        8.38687e-05          0.0444164         0.00107223          0.0995191        1.20845e-06        4.17632e-22        2.04717e-23        3.17738e-21        1.85185e-21        0.000583956           0.121544         6.1286e-12        6.40534e-14        3.23989e-20            0.73276
141          0.0035542         2.5118e-05        4.25401e-06             101325           0.169361        4.25401e-06            2002.68                  0            0.99951           0.227285             458221        1.80411e-05        1.02341e-06        8.32835e-05           0.044415         0.00106859          0.0995223         1.2067e-06        4.07943e-22        1.99726e-23        3.09524e-21        1.76529e-21        0.000579459           0.121551        6.02132e-12        6.31635e-14        3.16921e-20            0.73276
142         0.00357932         2.5118e-05         4.2539e-06             101325           0.169356         4.2539e-06            2002.74                  0           0.999555           0.208293             418462        1.79255e-05         1.0136e-06        8.27564e-05          0.0444138          0.0010653          0.0995251        1.20513e-06        3.99427e-22        1.95356e-23        3.02407e-21        1.69251e-21        0.000575408           0.121558         5.9257e-12        6.23675e-14        3.10655e-20            0.73276
143         0.00360444         2.5118e-05         4.2538e-06             101325           0.169353         4.2538e-06             2002.8                  0           0.999596           0.191044             382545        1.78218e-05        1.00483e-06        8.22839e-05          0.0444127         0.00106235          0.0995277        1.20373e-06        3.91958e-22        1.91538e-23         2.9625e-21        1.63132e-21        0.000571776           0.121563         5.8408e-12        6.16584e-14        3.05119e-20            0.73276
144         0.00362955         2.5118e-05        4.25371e-06             101325           0.169349        4.25371e-06            2002.84                  0           0.999632           0.175478             350281        1.77295e-05        9.97039e-07        8.18631e-05          0.0444117          0.0010597            0.09953         1.2025e-06        3.85432e-22        1.88213e-23        2.90935e-21         1.5799e-21        0.000568539           0.121568        5.76581e-12        6.10304e-14        3.00251e-20            0.73276
145         0.00365467         2.5118e-05        4.25364e-06             101325           0.169346        4.25364e-06            2002.89                  0           0.999664           0.161543             321504        1.76479e-05        9.90176e-07        8.14912e-05          0.0444109         0.00105736           0.099532        1.20142e-06        3.79765e-22        1.85334e-23        2.86368e-21        1.53682e-21        0.000565679           0.121573        5.70006e-12        6.04782e-14           2.96e-20            0.73276
146         0.00367979         2.5118e-05        4.25357e-06             101325           0.169343        4.25357e-06            2002.93                  0           0.999692           0.149192             296078        1.75766e-05        9.84191e-07        8.11663e-05          0.0444101         0.00105531          0.0995338        1.20048e-06        3.74885e-22        1.82861e-23        2.82474e-21        1.50091e-21        0.000563179           0.121577        5.64298e-12        5.99978e-14        2.92321e-20            0.73276
147         0.00370491         2.5118e-05        4.25351e-06             101325           0.169341        4.25351e-06            2002.96                  0           0.999717           0.138392             273893        1.75153e-05        9.79049e-07        8.08865e-05          0.0444095         0.00105354          0.0995353        1.19967e-06        3.70739e-22        1.80764e-23        2.79193e-21        1.47127e-21        0.000561026            0.12158        5.59412e-12        5.95858e-14        2.89182e-20            0.73276
148         0.00373003         2.5118e-05        4.25346e-06             101325           0.169339        4.25346e-06            2002.99                  0           0.999738           0.129116             254869        1.74636e-05        9.74724e-07        8.06508e-05          0.0444089         0.00105205          0.0995366          1.199e-06        3.67284e-22         1.7902e-23        2.76478e-21        1.44718e-21        0.000559213           0.121583        5.55317e-12        5.92398e-14        2.86558e-20            0.73276
149         0.00375514         2.5118e-05        4.25342e-06             101325           0.169337        4.25342e-06            2003.01                  0           0.999756            0.12135             238955        1.74215e-05        9.71202e-07        8.04585e-05          0.0444085         0.00105083          0.0995377        1.19845e-06        3.64491e-22        1.77613e-23        2.74296e-21        1.42812e-21        0.000557733           0.121585         5.5199e-12        5.89584e-14         2.8443e-20            0.73276
150         0.00378026         2.5118e-05        4.25339e-06             101325           0.169336        4.25339e-06            2003.03                  0            0.99977            0.11509             226135        1.73889e-05        9.68478e-07        8.03097e-05          0.0444082         0.00104988          0.0995385        1.19803e-06        3.62344e-22        1.76532e-23        2.72627e-21        1.41371e-21        0.000556588           0.121587        5.49423e-12         5.8741e-14        2.82792e-20            0.73276
151         0.00380538         2.5118e-05        4.25337e-06             101325           0.169335        4.25337e-06            2003.04                  0            0.99978           0.110349             216425        1.73658e-05        9.66559e-07        8.02047e-05          0.0444079         0.00104921          0.0995391        1.19773e-06        3.60838e-22        1.75774e-23         2.7146e-21        1.40374e-21         0.00055578           0.121588        5.47618e-12         5.8588e-14         2.8164e-20            0.73276
152          0.0038305         2.5118e-05        4.25335e-06             101325           0.169335        4.25335e-06            2003.05                  0           0.999788            0.10715             209874        1.73527e-05         9.6546e-07        8.01446e-05          0.0444078         0.00104883          0.0995394        1.19756e-06        3.59978e-22        1.75342e-23        2.70795e-21        1.39809e-21        0.000555317           0.121589        5.46584e-12        5.85003e-14        2.80982e-20            0.73276
