# Time 0.00055
# eta = 0.002
# length = 0.000443471
#--- 	  	 LEM Line data  --- 
#(1) wafer              (2) x             (3) dx              (4) m              (5) p            (6) rho              (7) m              (8) T              (9) Z             (10) C          (11) dCdt       (12) heatRel                  (13) Y_H2                  (14) Y_H                  (15) Y_O                  (16) Y_O2                  (17) Y_OH                  (18) Y_H2O                  (19) Y_HO2                  (20) Y_CH2                  (21) Y_CH2(S)                  (22) Y_CH3                  (23) Y_CH4                  (24) Y_CO                  (25) Y_CO2                  (26) Y_HCO                  (27) Y_CH2O                  (28) Y_CH2OH                  (29) Y_N2
0         1.2559e-05        2.51181e-05        2.83864e-05             101325            1.13012        2.83864e-05            300.406                  0                  0                  0              1e-32         1.9349e-08        3.35585e-17        2.73467e-12           0.222564        1.21687e-12        1.93882e-05        1.83816e-08        1.12851e-17        5.84571e-19        1.75274e-07          0.0446332        6.05469e-07        2.27573e-05        7.83138e-18        7.74221e-08        1.27512e-21            0.73276
1        3.76771e-05        2.51181e-05        2.83682e-05             101325             1.1294        2.83682e-05            300.599                  0        0.000199883        9.80148e-08            2.31013        3.00283e-08        5.72784e-17        3.25201e-12           0.222548        1.80144e-12        2.86241e-05        2.66426e-08         2.4122e-17         1.2504e-18        2.60174e-07           0.044629        9.49702e-07        3.35223e-05        1.68289e-17        1.18117e-07        2.73899e-21            0.73276
2        6.27952e-05        2.51181e-05        2.83377e-05             101325            1.12818        2.83377e-05            300.923                  0         0.00028496        1.42551e-07            4.43207        5.00059e-08        9.65011e-17        3.43687e-12            0.22252        2.80182e-12        4.42276e-05        4.00425e-08        5.89627e-17        3.06143e-18        4.05315e-07          0.0446218        1.60658e-06        5.16069e-05        4.14828e-17        1.91745e-07        6.75517e-21            0.73276
3        8.79132e-05        2.51181e-05        2.82865e-05             101325            1.12614        2.82865e-05            301.467                  0         0.00044059        2.28783e-07            9.96411        8.65522e-08        1.57747e-16         3.3252e-12           0.222474        4.51787e-12        7.04658e-05        6.19356e-08        1.52911e-16        7.95958e-18        6.51644e-07          0.0446097        2.82935e-06        8.18567e-05        1.08763e-16        3.22605e-07        1.77706e-20            0.73276
4        0.000113031        2.51181e-05         2.8205e-05             101325             1.1229         2.8205e-05            302.338                  0         0.00070094        3.86873e-07            23.9413        1.50795e-07        2.47779e-16        2.91451e-12             0.2224        7.36394e-12        0.000112649        9.62145e-08        4.00201e-16        2.09149e-17         1.0514e-06          0.0445903        5.01977e-06        0.000130183        2.88661e-16        5.45542e-07        4.75575e-20            0.73276
5        0.000138149        2.51181e-05        2.80794e-05             101325             1.1179        2.80794e-05             303.69                  0         0.00111762        6.77009e-07            58.4628        2.60956e-07        3.84707e-16        2.28037e-12           0.222285        1.20052e-11        0.000178349        1.48313e-07         1.0341e-15        5.43646e-17        1.68016e-06            0.04456        8.85325e-06        0.000204879        7.59399e-16        9.15004e-07        1.27111e-19            0.73276
6        0.000163267        2.51181e-05        2.78918e-05             101325            1.11043        2.78918e-05             305.73                  0         0.00176346        1.22149e-06             141.21        4.46092e-07        6.33711e-16         1.5658e-12           0.222111        1.95299e-11        0.000277997        2.25655e-07        2.61747e-15        1.38796e-16        2.64346e-06           0.044514        1.54366e-05         0.00031712        1.96725e-15         1.5136e-06        3.38246e-19            0.73276
7        0.000188385        2.51181e-05        2.76204e-05             101325            1.09962        2.76204e-05            308.732                  0         0.00273763        2.27838e-06            332.671        7.51269e-07        1.19889e-15        9.28375e-13           0.221853         3.1779e-11        0.000425449        3.38237e-07        6.48391e-15        3.48083e-16        4.08351e-06          0.0444457        2.65356e-05        0.000481357         5.0211e-15        2.46298e-06        9.00712e-19            0.73276
8        0.000213504        2.51181e-05        2.72398e-05             101325            1.08447        2.72398e-05            313.041                  0         0.00417001        4.41005e-06            758.864        1.24425e-06         2.6423e-15        4.68752e-13           0.221483        5.19917e-11        0.000638425        4.99432e-07        1.57628e-14        8.60829e-16        6.18445e-06          0.0443469        4.48829e-05        0.000715411        1.26834e-14        3.93637e-06        2.42357e-18            0.73276
9        0.000238622        2.51181e-05        2.67246e-05             101325            1.06396        2.67246e-05            319.069                  0         0.00622367        8.87616e-06             1669.8        2.02327e-06        6.44857e-15        2.00075e-13           0.220962        8.61314e-11        0.000938637        7.27156e-07        3.77982e-14         2.1121e-15        9.17437e-06          0.0442071        7.45584e-05         0.00104012        3.19267e-14        6.17129e-06        6.67024e-18            0.73276
10         0.00026374        2.51181e-05        2.60528e-05             101325            1.03721        2.60528e-05            327.285                  0         0.00909386        1.85768e-05            3538.05        3.22489e-06        1.65965e-14         7.2728e-14           0.220247        1.45575e-10         0.00135147        1.04565e-06        8.99086e-14        5.17479e-15        1.33221e-05          0.0440144        0.000121404         0.00147838        8.06693e-14        9.47947e-06        1.90044e-17            0.73276
11        0.000288858        2.51181e-05        2.52113e-05             101325            1.00371        2.52113e-05            338.192                  0          0.0130023        4.03614e-05            7216.66        5.02984e-06        4.40685e-14         2.4019e-14           0.219293        2.52466e-10         0.00190515        1.48816e-06        2.13094e-13        1.27199e-14        1.89274e-05          0.0437549        0.000193386         0.00205359        2.05758e-13          1.425e-05         5.6519e-17            0.73276
12        0.000313976        2.51181e-05        2.42005e-05             101325           0.963472        2.42005e-05            352.291                  0          0.0181859        9.07256e-05            14183.6         7.6644e-06        1.19764e-13        1.16682e-14           0.218051        4.50185e-10          0.0026293        2.10073e-06        5.04023e-13        3.14002e-14        2.63047e-05          0.0434144         0.00030079         0.00278771        5.30819e-13        2.09419e-05        1.75709e-16            0.73276
13        0.000339094        2.51181e-05        2.30371e-05             101325           0.917153        2.30371e-05            370.043                  0          0.0248822        0.000209819            26915.6         1.1395e-05         3.3081e-13        2.17039e-14           0.216473        8.22822e-10         0.00355333         2.9472e-06        1.18692e-12        7.75554e-14        3.57629e-05          0.0429782        0.000456109         0.00369932        1.38126e-12        3.00635e-05        5.67028e-16            0.73276
14        0.000364212        2.51181e-05        2.17527e-05             101325           0.866018        2.17527e-05            391.834                  0          0.0333118         0.00049504            49467.7        1.65155e-05        9.19683e-13        7.89943e-14           0.214517        1.52889e-09         0.00470463        4.11521e-06        2.76602e-12        1.90083e-13        4.75869e-05          0.0424325        0.000673566         0.00480219         3.5995e-12         4.2141e-05        1.87244e-15            0.73276
15         0.00038933        2.51181e-05        2.03893e-05             101325           0.811739        2.03893e-05            417.951                  0          0.0436647         0.00117806            88396.1        2.33284e-05        2.54816e-12        3.25284e-13           0.212146        2.85459e-09         0.00610733        5.72266e-06         6.3271e-12        4.57336e-13        6.20243e-05          0.0417652        0.000968316         0.00610476        9.30539e-12        5.76815e-05        6.21769e-15            0.73276
16        0.000414448        2.51181e-05        1.89925e-05             101325           0.756129        1.89925e-05            448.573                  0          0.0560916          0.0027907             154268        3.21253e-05        7.00003e-12        1.39735e-12            0.20933        5.28799e-09         0.00778156        7.92432e-06        1.40897e-11        1.06845e-12        7.92834e-05          0.0409657         0.00135549          0.0076106        2.36452e-11        7.71387e-05         2.0452e-14            0.73276
17        0.000439566        2.51181e-05        1.76047e-05             101325           0.700877        1.76047e-05            483.775                  0          0.0707029         0.00649391             264165        4.31693e-05        1.91231e-11          6.109e-12           0.206047        9.61103e-09         0.00974347        1.09178e-05        3.03713e-11        2.40397e-12        9.95413e-05          0.0400256          0.0018493         0.00931967        5.86924e-11        0.000100889        6.61716e-14            0.73276
18        0.000464684        2.51181e-05        1.62605e-05             101325           0.647363        1.62605e-05            523.551                  0          0.0875748          0.0146743             445871        5.66851e-05        5.25542e-11        2.67354e-11            0.20228         1.7017e-08          0.0120058        1.49485e-05         6.3342e-11        5.19475e-12        0.000122961           0.038938          0.0024624          0.0112299        1.42204e-10        0.000129219         2.1161e-13            0.73276
19        0.000489802        2.51181e-05         1.4985e-05             101325           0.596581         1.4985e-05            567.836                  0           0.106759          0.0319571             745180        7.28551e-05        1.47502e-10        1.15681e-10           0.198014        2.93345e-08          0.0145789        2.03135e-05        1.28911e-10        1.08459e-11        0.000149713          0.0376973         0.00320556          0.0133388         3.3847e-10        0.000162325        6.79896e-13            0.73276
20         0.00051492        2.51181e-05        1.37934e-05             101325           0.549144        1.37934e-05             616.53                  0           0.128296          0.0669877        1.24027e+06        9.18222e-05        4.26448e-10        4.89527e-10           0.193238        4.97042e-08          0.0174713        2.73623e-05        2.61797e-10        2.22986e-11        0.000179998           0.036299         0.00408766          0.0156445        8.02631e-10        0.000200316         2.2371e-12            0.73276
21        0.000540038        2.51181e-05        1.26933e-05             101325           0.505345        1.26933e-05            669.512                  0           0.152221           0.136358        2.07545e+06        0.000113695        1.26421e-09        2.00393e-09            0.18794         8.4871e-08          0.0206909        3.64921e-05        5.51673e-10        4.67632e-11        0.000214072          0.0347387          0.0051158          0.0181465        1.93355e-09         0.00024322         7.5961e-12            0.73276
22        0.000565156        2.51181e-05         1.1686e-05             101325           0.465243         1.1686e-05            726.661                  0           0.178572           0.276279        3.55205e+06        0.000138556        3.78152e-09        7.84691e-09           0.182111        1.52608e-07          0.0242447        4.81303e-05        1.26261e-09        1.04652e-10        0.000252271          0.0330127         0.00629556          0.0208458        4.81706e-09        0.000290986        2.63114e-11            0.73276
23        0.000590274        2.51181e-05        1.07689e-05             101325           0.428732        1.07689e-05            787.857                  0           0.207394           0.582514         6.3837e+06        0.000166464        1.11883e-08        2.90851e-08           0.175739        3.04019e-07          0.0281396        6.26928e-05        3.20858e-09        2.57425e-10         0.00029505          0.0311172         0.00763109          0.0237446        1.24876e-08        0.000343483        9.07792e-11            0.73276
24        0.000615392        2.51181e-05        9.93702e-06             101325           0.395613        9.93702e-06            852.984                  0           0.238732            1.34533        1.23941e+07        0.000197462        3.22039e-08         1.0122e-07           0.168816        6.85458e-07           0.032381        8.04936e-05        8.84977e-09        6.88139e-10        0.000343044           0.029049         0.00912517           0.026846        3.33258e-08        0.000400494        3.04632e-10            0.73276
25        0.000640511        2.51181e-05        9.18409e-06             101325           0.365637        9.18409e-06            921.922                  0           0.272632            3.47176        2.63182e+07        0.000231576         8.9271e-08        3.29231e-07           0.161336        1.69739e-06          0.0369722        0.000101573        2.52341e-08        1.91538e-09        0.000397129          0.0268058          0.0107788          0.0301526        8.94979e-08        0.000461693        9.77386e-10            0.73276
26        0.000665629        2.51181e-05        8.50353e-06             101325           0.338543        8.50353e-06            994.534                  0           0.309124            9.68346        6.01499e+07        0.000268799         2.3735e-07        1.00004e-06             0.1533        4.37128e-06          0.0419115        0.000125399        7.11955e-08         5.3115e-09         0.00045839           0.024387          0.0125906          0.0336654        2.35909e-07        0.000526579         2.9672e-09            0.73276
27        0.000690747        2.51181e-05        7.88899e-06             101325           0.314077        7.88899e-06            1070.63                  0           0.348206            27.5644        1.42877e+08        0.000309068        6.04733e-07        2.84259e-06           0.144723        1.11937e-05          0.0471881        0.000150403        1.93229e-07         1.4235e-08        0.000527683          0.0217964          0.0145548          0.0373815        5.97886e-07        0.000594312         8.4707e-09            0.73276
28        0.000715865        2.51181e-05        7.33484e-06             101325           0.292014        7.33484e-06            1149.92                  0           0.389808            76.4074        3.40266e+08        0.000352229        1.47551e-06        7.58942e-06           0.135626        2.77599e-05          0.0527816        0.000173455        4.96397e-07        3.62177e-08        0.000604257          0.0190424          0.0166614           0.041297        1.43551e-06        0.000663392        2.26436e-08           0.732759
29        0.000740983        2.51181e-05         6.8365e-06             101325           0.272174         6.8365e-06            1231.88                  0           0.433811            200.322        7.89677e+08        0.000397885        3.43623e-06        1.90946e-05           0.126049        6.57136e-05          0.0586546        0.000189651        1.19305e-06        8.63894e-08        0.000682562          0.0161441          0.0188922          0.0454077        3.22595e-06        0.000730796        5.63727e-08           0.732758
30        0.000766101        2.51181e-05        6.39114e-06             101325           0.254444        6.39114e-06            1315.58                  0           0.480004            487.003        1.74429e+09        0.000444942        7.57695e-06        4.52961e-05           0.116068        0.000146923           0.064729        0.000193431        2.64197e-06        1.90211e-07        0.000747147          0.0131457          0.0212081          0.0497063        6.68388e-06         0.00079001        1.29189e-07           0.732758
31        0.000791219        2.51181e-05        5.99867e-06             101325           0.238819        5.99867e-06            1399.22                  0           0.527936            1076.06        3.57536e+09        0.000490661        1.56022e-05        0.000100989           0.105846        0.000306686          0.0708475         0.00018147         5.2444e-06        3.76269e-07        0.000769176          0.0101405          0.0235214          0.0541774        1.24628e-05        0.000827436        2.65724e-07           0.732757
32        0.000816337        2.51181e-05        5.66266e-06             101325           0.225442        5.66266e-06            1479.62                  0           0.576684            2105.03        6.58051e+09        0.000529181        2.94001e-05        0.000209929          0.0957086        0.000588735          0.0767268        0.000155126        8.88198e-06        6.37488e-07         0.00071526         0.00729376           0.025649            0.05879        2.01164e-05        0.000818943        4.67255e-07           0.732756
33        0.000841455        2.51181e-05        5.38965e-06             101325           0.214573        5.38965e-06            1552.02                  0           0.624576            3524.81        1.04003e+10        0.000551061         4.9489e-05        0.000401009          0.0861952         0.00102104          0.0819556        0.000120383        1.19717e-05        8.65138e-07        0.000578275         0.00483103          0.0272796          0.0634855        2.67138e-05        0.000737406        6.54819e-07           0.732756
34        0.000866573        2.51181e-05        5.18386e-06             101325            0.20638        5.18386e-06            1611.64                  0           0.669185            4891.74        1.34202e+10        0.000548237        7.32073e-05        0.000688563          0.0779435         0.00157709          0.0861272        8.56578e-05        1.22653e-05        8.99254e-07        0.000402238         0.00294649          0.0280623          0.0681653        2.81117e-05        0.000583642        6.98084e-07           0.732756
35        0.000891691        2.51181e-05        5.03983e-06             101325           0.200646        5.03983e-06            1656.61                  0           0.708127            5575.87        1.37864e+10        0.000523608        9.58349e-05         0.00104173          0.0713695         0.00216734          0.0890717        5.76565e-05        9.85878e-06        7.36574e-07        0.000247776         0.00168128           0.027855          0.0726926        2.37387e-05        0.000405135        5.83013e-07           0.732756
36        0.000916809        2.51181e-05        4.94269e-06             101325           0.196778        4.94269e-06            1688.99                  0           0.740334             5373.1        1.16357e+10        0.000490172         0.00011406         0.00139219          0.0664674          0.0026952          0.0909335        3.84792e-05        6.71745e-06        5.11525e-07        0.000141527        0.000918588          0.0268423          0.0769303        1.70043e-05        0.000254312        4.10845e-07           0.732757
37        0.000941927        2.51181e-05        4.87609e-06             101325           0.194127        4.87609e-06            1712.53                  0           0.766323            4628.11        8.62319e+09        0.000459507        0.000127085         0.00168357          0.0629293         0.00311323          0.0920175        2.66556e-05        4.16963e-06         3.2284e-07        7.77626e-05        0.000490004          0.0253631          0.0807881        1.09878e-05        0.000149994        2.62108e-07           0.732758
38        0.000967045        2.51181e-05        4.82782e-06             101325           0.192205        4.82782e-06            1730.53                  0           0.787336             3766.4        6.00165e+09        0.000436194        0.000135505         0.00189594          0.0603771         0.00342181          0.0926158         1.9742e-05        2.46625e-06        1.93603e-07        4.19626e-05        0.000258335           0.023709          0.0842346        6.69651e-06        8.54707e-05        1.58453e-07           0.732758
39        0.000992163        2.51181e-05        4.79032e-06             101325           0.190712        4.79032e-06            1745.16                  0           0.804594            3010.52        4.14521e+09        0.000419946        0.000140264         0.00203516          0.0584961         0.00364181          0.0929387        1.57605e-05         1.4233e-06        1.13003e-07        2.24769e-05        0.000135543          0.0220617          0.0872799        3.95189e-06        4.78265e-05        9.30611e-08           0.732759
40         0.00101728        2.51181e-05        4.75937e-06             101325            0.18948        4.75937e-06            1757.68                  0           0.819039            2415.23        2.95696e+09        0.000408781        0.000142236         0.00211634          0.0570639         0.00379606          0.0931176        1.34389e-05        8.11364e-07        6.50219e-08        1.20181e-05        7.10531e-05          0.0205136          0.0899557        2.29271e-06        2.65203e-05        5.38125e-08           0.732759
41          0.0010424        2.51181e-05         4.7326e-06             101325           0.188414         4.7326e-06             1768.8                  0           0.831343            1963.38        2.22806e+09         0.00040069        0.000142129         0.00215483          0.0559347           0.003903          0.0932285        1.20356e-05         4.5993e-07        3.71425e-08         6.4348e-06        3.72996e-05          0.0191025          0.0923019        1.31994e-06        1.46488e-05        3.08635e-08           0.732759
42         0.00106752        2.51181e-05        4.70875e-06             101325           0.187465        4.70875e-06            1778.94                  0           0.841978            1621.09        1.78173e+09        0.000394164        0.000140491         0.00216305           0.055015         0.00397594          0.0933125        1.11375e-05        2.60233e-07        2.11478e-08        3.45658e-06        1.96365e-05          0.0178367          0.0943592        7.59189e-07        8.08504e-06        1.76317e-08            0.73276
43         0.00109264        2.51181e-05        4.68708e-06             101325           0.186602        4.68708e-06            1788.31                  0           0.851279            1357.97         1.4998e+09         0.00038822        0.000137743         0.00215024          0.0542453         0.00402411           0.093391        1.05191e-05        1.47292e-07        1.20302e-08        1.86498e-06        1.03768e-05          0.0167098          0.0961661        4.38861e-07        4.46717e-06        1.00582e-08            0.73276
44         0.00111775        2.51181e-05        4.66716e-06             101325           0.185809        4.66716e-06            1797.04                  0           0.859491            1151.48        1.31124e+09        0.000382289        0.000134204         0.00212296          0.0535869         0.00405388           0.093474        1.00583e-05        8.35042e-08        6.84712e-09        1.01141e-06        5.50771e-06          0.0157092          0.0977575        2.56593e-07         2.4738e-06         5.7383e-09            0.73276
45         0.00114287        2.51181e-05         4.6487e-06             101325           0.185074         4.6487e-06            1805.24                  0           0.866801            986.037         1.1757e+09        0.000376081        0.000130116         0.00208579           0.053014         0.00406963          0.0935652        9.68888e-06        4.74537e-08         3.9025e-09         5.5157e-07        2.93748e-06          0.0148204          0.0991642        1.52895e-07        1.37402e-06        3.27703e-09            0.73276
46         0.00116799        2.51181e-05         4.6315e-06             101325           0.184389         4.6315e-06            1812.95                  0           0.873355            851.076        1.07096e+09        0.000369477        0.000125666         0.00204196          0.0525087         0.00407448          0.0936655        9.37471e-06        2.70423e-08        2.22841e-09         3.0255e-07        1.57471e-06           0.014029           0.100413         9.3704e-08        7.65789e-07        1.87436e-09            0.73276
47         0.00119311        2.51181e-05        4.61543e-06             101325           0.183749        4.61543e-06            1820.23                  0            0.87927            739.387        9.84908e+08        0.000362462        0.000120993         0.00199371          0.0520582          0.0040707          0.0937743        9.09571e-06        1.54566e-08        1.27523e-09        1.66942e-07        8.48667e-07          0.0133217           0.101528        5.96793e-08        4.28377e-07        1.07408e-09            0.73276
48         0.00121823        2.51181e-05        4.60035e-06             101325           0.183149        4.60035e-06            1827.13                  0           0.884641            645.932        9.10981e+08        0.000355073        0.000116206         0.00194264          0.0516529         0.00405993          0.0938901        8.84052e-06        8.86145e-09        7.31444e-10        9.26626e-08        4.59873e-07          0.0126867           0.102527        3.98925e-08        2.40546e-07         6.1674e-10            0.73276
49         0.00124334        2.51181e-05        4.58617e-06             101325           0.182584        4.58617e-06            1833.66                  0           0.889548            567.076        8.45555e+08        0.000347375        0.000111384          0.0018899          0.0512855         0.00404348          0.0940115         8.6025e-06        5.09577e-09        4.20535e-10        5.17351e-08        2.50572e-07          0.0121135           0.103428        2.81813e-08        1.35595e-07        3.54886e-10            0.73276
50         0.00126846        2.51181e-05         4.5728e-06             101325           0.182052         4.5728e-06            1839.87                  0           0.894055             500.11        7.86571e+08        0.000339436         0.00010659         0.00183632          0.0509503         0.00402232           0.094137        8.37761e-06        2.93898e-09        2.42355e-10        2.90503e-08        1.37287e-07          0.0115934           0.104246        2.10723e-08        7.67292e-08        2.04646e-10            0.73276
51         0.00129358        2.51181e-05        4.56017e-06             101325            0.18155        4.56017e-06            1845.78                  0           0.898218            442.947        7.32797e+08        0.000331325        0.000101867          0.0017825          0.0506426         0.00399726          0.0942654        8.16329e-06         1.6999e-09        1.39997e-10        1.64032e-08        7.56353e-08          0.0111188           0.104992        1.66059e-08        4.35843e-08        1.18261e-10            0.73276
52          0.0013187        2.51181e-05        4.54822e-06             101325           0.181074        4.54822e-06            1851.41                  0           0.902084            393.935         6.8344e+08        0.000323106        9.72481e-05         0.00172887          0.0503585         0.00396892          0.0943954        7.95782e-06        9.85929e-10        8.10568e-11        9.31176e-09         4.1898e-08          0.0106831           0.105677         1.3674e-08        2.48504e-08        6.84854e-11            0.73276
53         0.00134382        2.51181e-05        4.53687e-06             101325           0.180622        4.53687e-06            1856.79                  0           0.905691            351.746        6.37945e+08        0.000314833        9.27559e-05         0.00167577          0.0500951         0.00393785          0.0945261        7.75995e-06        5.73349e-10        4.70375e-11         5.3134e-09        2.33349e-08          0.0102809           0.106309        1.16474e-08         1.4222e-08        3.97426e-11            0.73276
54         0.00136893        2.51181e-05         4.5261e-06             101325           0.180193         4.5261e-06            1861.94                  0           0.909073            315.288        5.95892e+08        0.000306552        8.84059e-05         0.00162343          0.0498496         0.00390445          0.0946569        7.56877e-06        3.34275e-10         2.7357e-11         3.0469e-09        1.30653e-08         0.00990763           0.106895        1.01673e-08        8.16997e-09        2.31105e-11            0.73276
55         0.00139405        2.51181e-05        4.51583e-06             101325           0.179784        4.51583e-06            1866.86                  0           0.912258            283.663         5.5694e+08        0.000298301        8.42079e-05         0.00157202          0.0496197         0.00386911          0.0947871        7.38357e-06        1.95374e-10        1.59461e-11         1.7555e-09        7.35348e-09         0.00955926           0.107443        9.02721e-09        4.71141e-09        1.34664e-11            0.73276
56         0.00141917        2.51181e-05        4.50604e-06             101325           0.179394        4.50604e-06            1871.59                  0            0.91527            256.122          5.208e+08        0.000290109        8.01672e-05         0.00152165          0.0494037          0.0038321          0.0949162        7.20375e-06        1.14468e-10        9.31523e-12        1.01605e-09        4.15983e-09         0.00923252           0.107956          8.107e-09          2.728e-09        7.86293e-12            0.73276
57         0.00144429        2.51181e-05        4.49668e-06             101325           0.179022        4.49668e-06            1876.13                  0            0.91813             232.04        4.87218e+08        0.000282002        7.62858e-05         0.00147241          0.0491999         0.00379369          0.0950438        7.02883e-06         6.7226e-11        5.45368e-12        5.90641e-10        2.36493e-09         0.00892458            0.10844        7.33585e-09        1.58662e-09        4.60062e-12            0.73276
58         0.00146941        2.51181e-05        4.48773e-06             101325           0.178665        4.48773e-06             1880.5                  0           0.920855            210.892        4.55972e+08        0.000273999        7.25634e-05         0.00142434           0.049007         0.00375408          0.0951698        6.85841e-06        3.95749e-11            3.2e-12        3.44795e-10        1.35105e-09         0.00863305           0.108898        6.67105e-09        9.27551e-10        2.69749e-12            0.73276
59         0.00149452        2.51181e-05        4.47915e-06             101325           0.178324        4.47915e-06             1884.7                  0           0.923459            192.242        4.26862e+08        0.000266112        6.89978e-05         0.00137747          0.0488237         0.00371345          0.0952938        6.69211e-06        2.33524e-11        1.88186e-12        2.02101e-10        7.75524e-10         0.00835593           0.109334        6.08614e-09        5.45655e-10        1.58503e-12            0.73276
60         0.00151964        2.51181e-05        4.47091e-06             101325           0.177996        4.47091e-06            1888.76                  0           0.925957             175.72        3.99707e+08        0.000258353        6.55856e-05         0.00133181          0.0486492         0.00367194          0.0954158        6.52963e-06        1.38127e-11        1.10923e-12        1.18931e-10        4.47243e-10         0.00809148           0.109749        5.56416e-09        3.23572e-10        9.33424e-13            0.73276
61         0.00154476        2.51181e-05        4.46299e-06             101325            0.17768        4.46299e-06            1892.68                  0           0.928358            161.018        3.74345e+08        0.000250729        6.23223e-05         0.00128736          0.0484824         0.00362967          0.0955356         6.3707e-06        8.18988e-12         6.5536e-13        7.02602e-11        2.59107e-10         0.00783825           0.110147        5.09376e-09        1.93929e-10         5.5096e-13            0.73276
62         0.00156988        2.51181e-05        4.45536e-06             101325           0.177377        4.45536e-06            1896.47                  0           0.930673            147.877        3.50633e+08        0.000243245         5.9203e-05         0.00124411          0.0483227         0.00358676          0.0956533        6.21508e-06        4.86796e-12         3.8814e-13        4.16657e-11        1.50791e-10         0.00759499           0.110529        4.66698e-09        1.17926e-10        3.25992e-13            0.73276
63           0.001595        2.51181e-05        4.44802e-06             101325           0.177084        4.44802e-06            1900.13                  0            0.93291            136.078        3.28438e+08        0.000235905        5.62224e-05         0.00120203          0.0481694         0.00354328          0.0957687        6.06256e-06        2.90077e-12        2.30453e-13        2.48019e-11        8.81454e-11         0.00736067           0.110898        4.27798e-09        7.31485e-11        1.93373e-13            0.73276
64         0.00162011        2.51181e-05        4.44093e-06             101325           0.176802        4.44093e-06            1903.68                  0           0.935075            125.439        3.07642e+08         0.00022871        5.33751e-05         0.00116111          0.0480221         0.00349931          0.0958819        5.91296e-06        1.73304e-12        1.37183e-13         1.4819e-11        5.17531e-11         0.00713436           0.111253        3.92226e-09        4.66074e-11        1.15015e-13            0.73276
65         0.00164523        2.51181e-05        4.43408e-06             101325            0.17653        4.43408e-06            1907.13                  0           0.937174            115.805         2.8814e+08        0.000221661        5.06557e-05         0.00112132          0.0478801         0.00345491          0.0959928        5.76611e-06        1.03816e-12        8.18804e-14        8.88748e-12         3.0519e-11         0.00691532           0.111597        3.59622e-09        3.07533e-11        6.86062e-14            0.73276
66         0.00167035        2.51181e-05        4.42747e-06             101325           0.176266        4.42747e-06            1910.47                  0           0.939214            107.047        2.69837e+08        0.000214757        4.80587e-05         0.00108264           0.047743         0.00341014          0.0961016        5.62186e-06        6.23622e-13        4.90077e-14        5.35015e-12        1.80755e-11         0.00670289           0.111931        3.29691e-09        2.11848e-11        4.10514e-14            0.73276
67         0.00169547        2.51181e-05        4.42106e-06             101325           0.176011        4.42106e-06            1913.71                  0           0.941198            99.0545        2.52644e+08        0.000207998        4.55788e-05         0.00104502          0.0476106         0.00336503          0.0962082        5.48011e-06        3.75679e-13        2.94169e-14        3.23289e-12        1.07521e-11         0.00649652           0.112255         3.0218e-09        1.53283e-11        2.46477e-14            0.73276
68         0.00172059        2.51181e-05        4.41486e-06             101325           0.175765        4.41486e-06            1916.87                  0           0.943131             91.736        2.36486e+08        0.000201383        4.32111e-05         0.00100845          0.0474826         0.00331963          0.0963126        5.34074e-06        2.26983e-13        1.77102e-14        1.96096e-12        6.42363e-12         0.00629574           0.112571        2.76873e-09        1.16743e-11         1.4855e-14            0.73276
69         0.00174571        2.51181e-05        4.40886e-06             101325           0.175525        4.40886e-06            1919.93                  0           0.945014            85.0131        2.21291e+08        0.000194909        4.09506e-05        0.000972888          0.0473586         0.00327398           0.096415        5.20366e-06         1.3756e-13        1.06952e-14        1.19404e-12        3.85438e-12         0.00610015           0.112878         2.5358e-09        9.33454e-12        8.99158e-15            0.73276
70         0.00177082        2.51181e-05        4.40303e-06             101325           0.175294        4.40303e-06            1922.91                  0           0.946853            78.8196        2.06996e+08        0.000188577        3.87926e-05        0.000938318          0.0472384         0.00322809          0.0965153        5.06881e-06        8.36295e-14        6.47951e-15        7.29905e-13        2.32288e-12         0.00590942           0.113178        2.32134e-09        7.78467e-12        5.46947e-15            0.73276
71         0.00179594        2.51181e-05        4.39739e-06             101325           0.175069        4.39739e-06            1925.82                  0           0.948648            73.0991        1.93542e+08        0.000182382        3.67329e-05        0.000904709          0.0471218         0.00318201          0.0966136        4.93611e-06        5.10079e-14        3.93846e-15        4.47953e-13        1.40607e-12         0.00572327            0.11347        2.12383e-09        6.71401e-12        3.34635e-15            0.73276
72         0.00182106        2.51181e-05         4.3919e-06             101325            0.17485         4.3919e-06            1928.64                  0           0.950402            67.8037        1.80878e+08        0.000176325        3.47671e-05        0.000872038          0.0470088         0.00313575          0.0967099        4.80554e-06        3.12155e-14        2.40208e-15        2.76024e-13        8.54887e-13         0.00554147           0.113756        1.94193e-09        5.93777e-12        2.06158e-15            0.73276
73         0.00184618        2.51181e-05        4.38658e-06             101325           0.174638        4.38658e-06            1931.39                  0           0.952117            62.8924        1.68955e+08        0.000170404        3.28915e-05         0.00084028           0.046899         0.00308935          0.0968043        4.67704e-06        1.91692e-14        1.47019e-15        1.70781e-13        5.22098e-13         0.00536381           0.114035        1.77444e-09        5.34557e-12        1.28075e-15            0.73276
74          0.0018713        2.51181e-05        4.38141e-06             101325           0.174433        4.38141e-06            1934.08                  0           0.953795            58.3301        1.57729e+08        0.000164617        3.11022e-05        0.000809414          0.0467924         0.00304281          0.0968967        4.55061e-06        1.18135e-14        9.03079e-16        1.06106e-13        3.20298e-13         0.00519014           0.114308        1.62023e-09        4.87112e-12        8.03843e-16            0.73276
75         0.00189641        2.51181e-05        4.37639e-06             101325           0.174233        4.37639e-06            1936.69                  0           0.955435            54.0863        1.47161e+08        0.000158962        2.93958e-05         0.00077942           0.046689         0.00299618          0.0969873        4.42622e-06        7.30701e-15        5.56789e-16        6.62034e-14        1.97395e-13         0.00502033           0.114575        1.47831e-09        4.47438e-12        5.10876e-16            0.73276
76         0.00192153        2.51181e-05        4.37151e-06             101325           0.174039        4.37151e-06            1939.23                  0            0.95704            50.1347        1.37213e+08        0.000153439         2.7769e-05        0.000750278          0.0465885         0.00294947           0.097076        4.30388e-06        4.53658e-15        3.44596e-16        4.14851e-14        1.22214e-13         0.00485427           0.114836        1.34775e-09        4.13095e-12        3.29677e-16            0.73276
77         0.00194665        2.51181e-05        4.36677e-06             101325            0.17385        4.36677e-06            1941.71                  0            0.95861            46.4525         1.2785e+08        0.000148047        2.62186e-05         0.00072197           0.046491          0.0029027          0.0971629         4.1836e-06        2.82739e-15        2.14105e-16        2.61102e-14        7.60209e-14         0.00469188           0.115091        1.22772e-09        3.82581e-12        2.16685e-16            0.73276
78         0.00197177        2.51181e-05        4.36217e-06             101325           0.173667        4.36217e-06            1944.13                  0           0.960146            43.0195        1.19043e+08        0.000142784        2.47417e-05        0.000694482          0.0463963         0.00285591           0.097248        4.06539e-06         1.7691e-15        1.33561e-16        1.65068e-14        4.75111e-14         0.00453309            0.11534        1.11742e-09         3.5496e-12        1.45522e-16            0.73276
79         0.00199689        2.51181e-05        4.35769e-06             101325           0.173488        4.35769e-06            1946.48                  0           0.961648            39.8181         1.1076e+08         0.00013765        2.33354e-05        0.000667798          0.0463045         0.00280911          0.0973314        3.94928e-06         1.1114e-15        8.36588e-17         1.0483e-14        2.98354e-14         0.00437786           0.115584        1.01615e-09        3.29637e-12        1.00155e-16            0.73276
80           0.002022        2.51181e-05        4.35335e-06             101325           0.173315        4.35335e-06            1948.77                  0           0.963117            36.8323        1.02974e+08        0.000132644        2.19971e-05        0.000641904          0.0462155         0.00276233          0.0974129        3.83529e-06        7.01093e-16        5.26212e-17         6.6882e-15        1.88266e-14         0.00422616           0.115823        9.23239e-10        3.06224e-12        7.08049e-17            0.73276
81         0.00204712        2.51181e-05        4.34913e-06             101325           0.173147        4.34913e-06               1951                  0           0.964553            34.0481        9.56605e+07        0.000127765        2.07243e-05        0.000616787          0.0461291         0.00271561          0.0974927        3.72347e-06        4.44129e-16        3.32402e-17        4.28712e-15        1.19381e-14         0.00407795           0.116055        8.38069e-10        2.84461e-12        5.14766e-17            0.73276
82         0.00207224        2.51181e-05        4.34503e-06             101325           0.172984        4.34503e-06            1953.17                  0           0.965957            31.4527        8.87944e+07        0.000123014        1.95144e-05        0.000592435          0.0460455         0.00266896          0.0975707        3.61386e-06        2.82559e-16        2.10893e-17        2.76112e-15        7.60769e-15         0.00393323           0.116283        7.60069e-10        2.64166e-12        3.84801e-17            0.73276
83         0.00209736        2.51181e-05        4.34105e-06             101325           0.172826        4.34105e-06            1955.28                  0           0.967327            29.0345        8.23532e+07        0.000118389        1.83652e-05        0.000568837          0.0459645         0.00262243           0.097647         3.5065e-06        1.80556e-16        1.34397e-17        1.78689e-15        4.87245e-15         0.00379199           0.116505        6.88706e-10        2.45205e-12        2.95305e-17            0.73276
84         0.00212248        2.51181e-05        4.33719e-06             101325           0.172672        4.33719e-06            1957.34                  0           0.968665            26.7829        7.63153e+07         0.00011389        1.72743e-05        0.000545982          0.0458862         0.00257604          0.0977216        3.40145e-06        1.15894e-16        8.60366e-18        1.16208e-15         3.1365e-15         0.00365423           0.116721        6.23483e-10        2.27475e-12        2.32044e-17            0.73276
85         0.00214759        2.51181e-05        4.33345e-06             101325           0.172523        4.33345e-06            1959.33                  0           0.969971            24.6878        7.06601e+07        0.000109518        1.62396e-05         0.00052386          0.0458105         0.00252983          0.0977945        3.29875e-06        7.47296e-17        5.53329e-18        7.59501e-16        2.02941e-15         0.00351994           0.116932        5.63937e-10        2.10893e-12         1.8608e-17            0.73276
86         0.00217271        2.51181e-05        4.32982e-06             101325           0.172379        4.32982e-06            1961.27                  0           0.971244            22.7403        6.53683e+07         0.00010527         1.5259e-05        0.000502461          0.0457374         0.00248383          0.0978656        3.19846e-06        4.84115e-17        3.57541e-18        4.98888e-16        1.31992e-15         0.00338914           0.117138        5.09635e-10        1.95388e-12        1.51752e-17            0.73276
87         0.00219783        2.51181e-05         4.3263e-06             101325           0.172239         4.3263e-06            1963.16                  0           0.972485            20.9316        6.04212e+07        0.000101148        1.43304e-05        0.000481775          0.0456669         0.00243807           0.097935        3.10064e-06        3.15117e-17         2.3214e-18        3.29375e-16        8.62979e-16         0.00326184           0.117338        4.60173e-10        1.80899e-12        1.25434e-17            0.73276
88         0.00222295        2.51181e-05        4.32289e-06             101325           0.172103        4.32289e-06            1964.98                  0           0.973692            19.2537         5.5801e+07        9.71511e-05        1.34519e-05        0.000461793           0.045599          0.0023926          0.0980027        3.00534e-06        2.06114e-17         1.5146e-18        2.18585e-16         5.6722e-16         0.00313804           0.117532        4.15172e-10         1.6737e-12        1.04772e-17            0.73276
89         0.00224807        2.51181e-05        4.31959e-06             101325           0.171972        4.31959e-06            1966.76                  0           0.974868            17.6989        5.14907e+07        9.32782e-05        1.26214e-05        0.000442506          0.0455335         0.00234745          0.0980687        2.91261e-06         1.3549e-17        9.93134e-19        1.45821e-16        3.74821e-16         0.00301774           0.117721         3.7428e-10        1.54748e-12        8.82159e-18            0.73276
90         0.00227318        2.51181e-05         4.3164e-06             101325           0.171845         4.3164e-06            1968.47                  0            0.97601              16.26        4.74739e+07         8.9529e-05        1.18371e-05        0.000423904          0.0454706         0.00230265           0.098133        2.82252e-06        8.95215e-18         6.5453e-19        9.77958e-17        2.49022e-16         0.00290096           0.117904        3.37168e-10        1.42985e-12        7.47206e-18            0.73276
91          0.0022983        2.51181e-05        4.31332e-06             101325           0.171722        4.31332e-06            1970.14                  0            0.97712            14.9298         4.3735e+07         8.5903e-05         1.1097e-05        0.000405977          0.0454101         0.00225826          0.0981956         2.7351e-06        5.94599e-18        4.33622e-19        6.59406e-17        1.66347e-16          0.0027877           0.118082        3.03528e-10        1.32034e-12        6.35692e-18            0.73276
92         0.00232342        2.51181e-05        4.31034e-06             101325           0.171603        4.31034e-06            1971.75                  0           0.978197            13.7019        4.02587e+07        8.23995e-05        1.03995e-05        0.000388716          0.0453521         0.00221431          0.0982564         2.6504e-06        3.97072e-18        2.88807e-19        4.47043e-17        1.11731e-16         0.00267795           0.118255        2.73072e-10        1.21851e-12        5.42565e-18            0.73276
93         0.00234854        2.51181e-05        4.30747e-06             101325           0.171489        4.30747e-06             1973.3                  0           0.979242            12.5698        3.70304e+07        7.90177e-05        9.74267e-06        0.000372111          0.0452965         0.00217083          0.0983156        2.56846e-06        2.66649e-18         1.9341e-19         3.0475e-17        7.54626e-17         0.00257172           0.118422        2.45533e-10        1.12392e-12        4.64166e-18            0.73276
94         0.00237366        2.51181e-05        4.30469e-06             101325           0.171378        4.30469e-06            1974.81                  0           0.980253            11.5275        3.40363e+07        7.57567e-05        9.12478e-06        0.000356152          0.0452433         0.00212787           0.098373        2.48933e-06        1.80104e-18        1.30255e-19        2.08916e-17        5.12516e-17           0.002469           0.118583        2.20663e-10        1.03619e-12        3.97775e-18            0.73276
95         0.00239877        2.51181e-05        4.30202e-06             101325           0.171272        4.30202e-06            1976.26                  0           0.981232             10.569        3.12626e+07        7.26154e-05        8.54411e-06        0.000340827          0.0451924         0.00208548          0.0984287        2.41302e-06        1.22384e-18        8.82325e-20        1.44037e-17         3.5004e-17         0.00236977           0.118739         1.9823e-10        9.54892e-13        3.41312e-18            0.73276
96         0.00242389        2.51181e-05        4.29945e-06             101325           0.171169        4.29945e-06            1977.66                  0           0.982179            9.68885        2.86963e+07        6.95926e-05          7.999e-06        0.000326126          0.0451439         0.00204368          0.0984828        2.33957e-06        8.36873e-19        6.01271e-20        9.98837e-18        2.40423e-17         0.00227402           0.118889        1.78019e-10        8.79661e-13         2.9315e-18            0.73276
97         0.00244901        2.51181e-05        4.29697e-06             101325           0.171071        4.29697e-06            1979.01                  0           0.983093            8.88159         2.6325e+07         6.6687e-05        7.48778e-06        0.000312038          0.0450976         0.00200253          0.0985351        2.26898e-06        5.76051e-19        4.12304e-20        6.96754e-18        1.66073e-17         0.00218173           0.119034         1.5983e-10        8.10127e-13        2.51984e-18            0.73276
98         0.00247413        2.51181e-05        4.29459e-06             101325           0.170976        4.29459e-06             1980.3                  0           0.983975            8.14211        2.41366e+07        6.38972e-05        7.00885e-06        0.000298551          0.0450535         0.00196205          0.0985858        2.20128e-06        3.99283e-19        2.84566e-20         4.8897e-18        1.15372e-17         0.00209288           0.119174        1.43481e-10        7.45934e-13        2.16752e-18            0.73276
99         0.00249925        2.51181e-05         4.2923e-06             101325           0.170885         4.2923e-06            1981.55                  0           0.984825            7.46549        2.21194e+07        6.12214e-05        6.56064e-06        0.000285653          0.0450116          0.0019223          0.0986348        2.13645e-06          2.788e-19        1.97739e-20        3.45274e-18        8.06104e-18         0.00200742           0.119308          1.288e-10        6.86743e-13        1.86573e-18            0.73276
100         0.00252437        2.51181e-05         4.2901e-06             101325           0.170798         4.2901e-06            1982.75                  0           0.985644            6.84706        2.02623e+07         5.8658e-05         6.1416e-06         0.00027333          0.0449718          0.0018833          0.0986821         2.0745e-06        1.96194e-19        1.38385e-20        2.45353e-18        5.66482e-18         0.00192533           0.119437        1.15631e-10        6.32227e-13         1.6071e-18            0.73276
101         0.00254948        2.51181e-05          4.288e-06             101325           0.170714          4.288e-06             1983.9                  0           0.986431            6.28237        1.85546e+07         5.6205e-05        5.75024e-06         0.00026157           0.044934          0.0018451          0.0987278         2.0154e-06        1.39211e-19        9.75742e-21        1.75486e-18        4.00404e-18         0.00184656           0.119561         1.0383e-10        5.82074e-13        1.38541e-18            0.73276
102          0.0025746        2.51181e-05        4.28599e-06             101325           0.170634        4.28599e-06            1985.01                  0           0.987187             5.7672        1.69861e+07        5.38604e-05        5.38509e-06         0.00025036          0.0448982         0.00180772          0.0987718        1.95914e-06        9.96514e-20        6.93432e-21        1.26357e-18        2.84669e-18         0.00177106            0.11968         9.3265e-11        5.35985e-13        1.19536e-18            0.73276
103         0.00259972        2.51181e-05        4.28406e-06             101325           0.170557        4.28406e-06            1986.06                  0           0.987913            5.29755        1.55469e+07         5.1622e-05        5.04474e-06        0.000239685          0.0448644          0.0017712          0.0988142        1.90569e-06        7.20043e-20        4.96923e-21        9.16141e-19        2.03577e-18         0.00169879           0.119793        8.38137e-11        4.93677e-13        1.03243e-18            0.73276
104         0.00262484        2.51181e-05        4.28221e-06             101325           0.170483        4.28221e-06            1987.08                  0           0.988608            4.86966        1.42279e+07        4.94874e-05        4.72782e-06        0.000229531          0.0448325         0.00173558           0.098855        1.85499e-06        5.25473e-20        3.59251e-21        6.69014e-19        1.46445e-18         0.00162968           0.119902        7.53656e-11        4.54878e-13        8.92749e-19            0.73276
105         0.00264996        2.51181e-05        4.28045e-06             101325           0.170413        4.28045e-06            1988.04                  0           0.989274            4.47997        1.30201e+07        4.74543e-05        4.43299e-06        0.000219883          0.0448023         0.00170087          0.0988942        1.80701e-06        3.87537e-20        2.62148e-21        4.92194e-19        1.05975e-18         0.00156368           0.120005        6.78197e-11        4.19332e-13        7.73002e-19            0.73276
106         0.00267507        2.51181e-05        4.27877e-06             101325           0.170347        4.27877e-06            1988.97                  0           0.989911            4.12515        1.19151e+07        4.55201e-05        4.15897e-06        0.000210726           0.044774         0.00166711          0.0989318         1.7617e-06        2.88996e-20        1.93178e-21        3.64918e-19        7.71483e-19         0.00150072           0.120104        6.10837e-11        3.86796e-13        6.70333e-19            0.73276
107         0.00270019        2.51181e-05        4.27717e-06             101325           0.170283        4.27717e-06            1989.85                  0           0.990519            3.80209         1.0905e+07        4.36822e-05        3.90452e-06        0.000202046          0.0447473         0.00163433          0.0989679        1.71898e-06        2.18029e-20        1.43834e-21        2.72742e-19        5.65033e-19         0.00144073           0.120198        5.50742e-11        3.57041e-13        5.82294e-19            0.73276
108         0.00272531        2.51181e-05        4.27565e-06             101325           0.170222        4.27565e-06            1990.69                  0             0.9911            3.50789        9.98211e+06        4.19378e-05        3.66846e-06        0.000193826          0.0447222         0.00160253          0.0990024        1.67879e-06        1.66486e-20         1.0826e-21        2.05568e-19        4.16364e-19         0.00138364           0.120288        4.97151e-11        3.29852e-13        5.06782e-19            0.73276
109         0.00275043        2.51181e-05         4.2742e-06             101325           0.170165         4.2742e-06            1991.48                  0           0.991653            3.23987        9.13948e+06        4.02841e-05        3.44962e-06        0.000186051          0.0446986         0.00157174          0.0990354        1.64105e-06        1.28719e-20        8.24107e-22        1.56301e-19        3.08715e-19         0.00132937           0.120373        4.49379e-11        3.05026e-13        4.41991e-19            0.73276
110         0.00277555        2.51181e-05        4.27283e-06             101325            0.17011        4.27283e-06            1992.24                  0           0.992179            2.99552        8.37043e+06        3.87182e-05        3.24694e-06        0.000178705          0.0446766         0.00154198           0.099067        1.60569e-06        1.00789e-20        6.34722e-22         1.1993e-19        2.30341e-19         0.00127784           0.120454        4.06807e-11        2.82374e-13        3.86373e-19            0.73276
111         0.00280066        2.51181e-05        4.27152e-06             101325           0.170058        4.27152e-06            1992.96                  0            0.99268            2.77256        7.66872e+06        3.72373e-05        3.05935e-06        0.000171771          0.0446559         0.00151325          0.0990971        1.57262e-06        7.99373e-21        4.94778e-22        9.29012e-20        1.72965e-19         0.00122898           0.120531        3.68875e-11        2.61718e-13        3.38602e-19            0.73276
112         0.00282578        2.51181e-05        4.27029e-06             101325           0.170009        4.27029e-06            1993.65                  0           0.993155            2.56887        7.02856e+06        3.58383e-05        2.88587e-06        0.000165235          0.0446366         0.00148557          0.0991258        1.54175e-06        6.42152e-21        3.90451e-22        7.26764e-20        1.30732e-19          0.0011827           0.120604        3.35082e-11        2.42894e-13         2.9754e-19            0.73276
113          0.0028509        2.51181e-05        4.26911e-06             101325           0.169962        4.26911e-06            1994.29                  0           0.993606            2.38255        6.44455e+06        3.45183e-05        2.72554e-06         0.00015908          0.0446186         0.00145894          0.0991532        1.51298e-06        5.22414e-21        3.11965e-22         5.7437e-20        9.94734e-20         0.00113891           0.120673        3.04976e-11        2.25747e-13        2.62215e-19            0.73276
114         0.00287602        2.51181e-05        4.26801e-06             101325           0.169918        4.26801e-06            1994.91                  0           0.994033            2.21182        5.91169e+06        3.32742e-05        2.57747e-06         0.00015329          0.0446018         0.00143336          0.0991792        1.48624e-06        4.30287e-21        2.52366e-22        4.58719e-20        7.62107e-20         0.00109753           0.120738        2.78153e-11        2.10136e-13        2.31796e-19            0.73276
115         0.00290114        2.51181e-05        4.26696e-06             101325           0.169876        4.26696e-06            1995.49                  0           0.994437            2.05512        5.42535e+06        3.21029e-05        2.44082e-06        0.000147849          0.0445862         0.00140883          0.0992038         1.4614e-06        3.58676e-21        2.06679e-22        3.70312e-20        5.88034e-20         0.00105848           0.120799        2.54251e-11        1.95929e-13        2.05572e-19            0.73276
116         0.00292625        2.51181e-05        4.26597e-06             101325           0.169837        4.26597e-06            1996.03                  0           0.994819              1.911        4.98129e+06        3.10016e-05        2.31477e-06        0.000142741          0.0445716         0.00138535          0.0992272        1.43839e-06         3.0244e-21        1.71318e-22        3.02229e-20        4.57058e-20         0.00102166           0.120857        2.32948e-11        1.83003e-13        1.82938e-19            0.73276
117         0.00295137        2.51181e-05        4.26504e-06             101325             0.1698        4.26504e-06            1996.55                  0            0.99518            1.77818        4.57561e+06        2.99671e-05        2.19858e-06        0.000137952           0.044558         0.00136291          0.0992494        1.41711e-06        2.57831e-21        1.43686e-22        2.49402e-20        3.57967e-20        0.000986991           0.120911        2.13954e-11        1.71247e-13        1.63376e-19            0.73276
118         0.00297649        2.51181e-05        4.26417e-06             101325           0.169765        4.26417e-06            1997.03                  0            0.99552             1.6555        4.20474e+06        2.89966e-05        2.09152e-06        0.000133467          0.0445455         0.00134149          0.0992704        1.39745e-06        2.22096e-21        1.21885e-22        2.08101e-20        2.82586e-20        0.000954382           0.120962        1.97012e-11        1.60558e-13        1.46444e-19            0.73276
119         0.00300161        2.51181e-05        4.26334e-06             101325           0.169732        4.26334e-06            1997.49                  0            0.99584            1.54196        3.86543e+06        2.80871e-05        1.99294e-06        0.000129269          0.0445338          0.0013211          0.0992902        1.37932e-06        1.93197e-21        1.04521e-22        1.75562e-20        2.24925e-20        0.000923747           0.121011        1.81895e-11        1.50839e-13        1.31767e-19            0.73276
120         0.00302673        2.51181e-05        4.26257e-06             101325           0.169701        4.26257e-06            1997.92                  0           0.996141            1.43663        3.55474e+06        2.72356e-05        1.90221e-06        0.000125345           0.044523          0.0013017          0.0993089        1.36263e-06         1.6961e-21        9.05639e-23         1.4973e-20        1.80575e-20           0.000895           0.121056        1.68399e-11        1.42005e-13        1.19024e-19            0.73276
121         0.00305184        2.51181e-05        4.26184e-06             101325           0.169672        4.26184e-06            1998.32                  0           0.996424            1.33872        3.26999e+06        2.64394e-05        1.81874e-06        0.000121681           0.044513         0.00128328          0.0993265        1.34728e-06        1.50192e-21        7.92434e-23        1.29064e-20        1.46276e-20        0.000868056           0.121098        1.56342e-11        1.33977e-13        1.07941e-19            0.73276
122         0.00307696        2.51181e-05        4.26116e-06             101325           0.169645        4.26116e-06             1998.7                  0            0.99669            1.24752        3.00877e+06        2.56957e-05        1.74199e-06        0.000118263          0.0445037         0.00126583          0.0993431        1.33319e-06        1.34075e-21         6.9982e-23        1.12406e-20        1.19602e-20        0.000842832           0.121138        1.45565e-11         1.2668e-13        9.82853e-20            0.73276
123         0.00310208        2.51181e-05        4.26053e-06             101325            0.16962        4.26053e-06            1999.05                  0           0.996938            1.16242         2.7689e+06        2.50018e-05        1.67144e-06        0.000115078          0.0444952         0.00124932          0.0993586        1.32028e-06        1.20594e-21        6.23425e-23        9.88768e-21        9.87442e-21        0.000819244           0.121175        1.35927e-11        1.20049e-13        8.98581e-20            0.73276
124          0.0031272        2.51181e-05        4.25993e-06             101325           0.169596        4.25993e-06            1999.39                  0           0.997171            1.08288        2.54843e+06         2.4355e-05        1.60663e-06        0.000112112          0.0444873         0.00123371          0.0993732        1.30845e-06        1.09238e-21        5.59913e-23        8.78086e-21        8.23442e-21        0.000797212           0.121209          1.273e-11        1.14023e-13        8.24898e-20            0.73276
125         0.00315232        2.51181e-05        4.25938e-06             101325           0.169574        4.25938e-06            1999.69                  0           0.997389            1.00844         2.3456e+06        2.37529e-05        1.54711e-06        0.000109354            0.04448           0.001219          0.0993869        1.29763e-06        9.96076e-22        5.06722e-23        7.86887e-21        6.93782e-21        0.000776657           0.121242        1.19574e-11        1.08547e-13        7.60356e-20            0.73276
126         0.00317743        2.51181e-05        4.25886e-06             101325           0.169554        4.25886e-06            1999.98                  0           0.997593           0.938679        2.15884e+06        2.31929e-05        1.49247e-06        0.000106791          0.0444733         0.00120515          0.0993998        1.28774e-06        9.13915e-22        4.61867e-23        7.11221e-21         5.9071e-21        0.000757503           0.121272        1.12649e-11        1.03572e-13        7.03719e-20            0.73276
127         0.00320255        2.51181e-05        4.25837e-06             101325           0.169534        4.25837e-06            2000.25                  0           0.997782           0.873255        1.98675e+06        2.26727e-05        1.44235e-06        0.000104411          0.0444671         0.00119213          0.0994118        1.27872e-06        8.43426e-22        4.23799e-23        6.48024e-21        5.08326e-21        0.000739676             0.1213        1.06439e-11        9.90505e-14        6.53929e-20            0.73276
128         0.00322767        2.51181e-05        4.25793e-06             101325           0.169516        4.25793e-06             2000.5                  0           0.997959           0.811858        1.82806e+06        2.21899e-05        1.39637e-06        0.000102205          0.0444614         0.00117991           0.099423        1.27049e-06        7.82641e-22          3.913e-23        5.94906e-21         4.4212e-21        0.000723102           0.121326        1.00866e-11        9.49423e-14        6.10082e-20            0.73276
129         0.00325279        2.51181e-05        4.25751e-06             101325             0.1695        4.25751e-06            2000.73                  0           0.998124           0.754224        1.68166e+06        2.17424e-05        1.35423e-06        0.000100162          0.0444562         0.00116846          0.0994334        1.26299e-06        7.29981e-22        3.63402e-23        5.49991e-21        3.88631e-21        0.000707712            0.12135        9.58607e-12        9.12097e-14        5.71402e-20            0.73276
130         0.00327791        2.51181e-05        4.25712e-06             101325           0.169484        4.25712e-06            2000.95                  0           0.998276            0.70012        1.54653e+06        2.13281e-05        1.31562e-06        9.82707e-05          0.0444514         0.00115776          0.0994431        1.25617e-06         6.8417e-22        3.39336e-23        5.11797e-21        3.45186e-21         0.00069344           0.121372        9.13638e-12        8.78185e-14        5.37224e-20            0.73276
131         0.00330302        2.51181e-05        4.25676e-06             101325            0.16947        4.25676e-06            2001.15                  0           0.998418           0.649344        1.42178e+06        2.09449e-05        1.28026e-06        9.65227e-05           0.044447         0.00114776          0.0994521        1.24996e-06        6.44165e-22        3.18482e-23        4.79147e-21        3.09715e-21        0.000680221           0.121393        8.73211e-12         8.4738e-14        5.06978e-20            0.73276
132         0.00332814        2.51181e-05        4.25643e-06             101325           0.169457        4.25643e-06            2001.33                  0            0.99855           0.601717         1.3066e+06         2.0591e-05         1.2479e-06        9.49087e-05           0.044443         0.00113844          0.0994605        1.24433e-06        6.09114e-22        3.00337e-23          4.511e-21        2.80607e-21        0.000667992           0.121412         8.3685e-12        8.19402e-14        4.80172e-20            0.73276
133         0.00335326        2.51181e-05        4.25612e-06             101325           0.169445        4.25612e-06             2001.5                  0           0.998671            0.55708        1.20027e+06        2.02645e-05        1.21831e-06        9.34203e-05          0.0444393         0.00112977          0.0994683        1.23921e-06        5.78312e-22        2.84491e-23        4.26898e-21        2.56601e-21        0.000656696            0.12143        8.04136e-12        7.93999e-14        4.56385e-20            0.73276
134         0.00337838        2.51181e-05        4.25584e-06             101325           0.169433        4.25584e-06            2001.66                  0           0.998784           0.515292        1.10214e+06        1.99637e-05        1.19126e-06        9.20494e-05          0.0444359         0.00112172          0.0994755        1.23456e-06        5.51174e-22         2.7061e-23         4.0593e-21        2.36707e-21        0.000646275           0.121446        7.74696e-12        7.70942e-14        4.35251e-20            0.73276
135          0.0034035        2.51181e-05        4.25558e-06             101325           0.169423        4.25558e-06            2001.81                  0           0.998888           0.476225        1.01163e+06         1.9687e-05        1.16657e-06        9.07885e-05          0.0444328         0.00111425          0.0994821        1.23035e-06         5.2721e-22        2.58415e-23        3.87698e-21        2.20145e-21        0.000636677           0.121461        7.48199e-12        7.50025e-14        4.16457e-20            0.73276
136         0.00342862        2.51181e-05        4.25534e-06             101325           0.169413        4.25534e-06            2001.94                  0           0.998983           0.439763             928212        1.94329e-05        1.14405e-06        8.96306e-05            0.04443         0.00110735          0.0994883        1.22654e-06        5.06011e-22        2.47677e-23        3.71794e-21        2.06296e-21        0.000627851           0.121475        7.24353e-12        7.31061e-14        3.99729e-20            0.73276
137         0.00345373        2.51181e-05        4.25512e-06             101325           0.169405        4.25512e-06            2002.06                  0           0.999071             0.4058             851416        1.91998e-05        1.12354e-06        8.85689e-05          0.0444274         0.00110098          0.0994939        1.22309e-06        4.87232e-22        2.38205e-23        3.57885e-21        1.94668e-21         0.00061975           0.121488        7.02901e-12        7.13884e-14        3.84835e-20            0.73276
138         0.00347885        2.51181e-05        4.25492e-06             101325           0.169397        4.25492e-06            2002.18                  0           0.999152           0.374238             780815        1.89866e-05        1.10488e-06        8.75974e-05          0.0444251         0.00109511          0.0994991        1.21998e-06        4.70581e-22        2.29836e-23        3.45693e-21        1.84867e-21         0.00061233             0.1215        6.83612e-12        6.98341e-14        3.71569e-20            0.73276
139         0.00350397        2.51181e-05        4.25473e-06             101325           0.169389        4.25473e-06            2002.28                  0           0.999226           0.344989             716025        1.87919e-05        1.08793e-06        8.67104e-05           0.044423         0.00108972          0.0995038        1.21717e-06        4.55809e-22        2.22437e-23        3.34989e-21        1.76579e-21        0.000605549            0.12151        6.66286e-12        6.84298e-14        3.59757e-20            0.73276
140         0.00352909        2.51181e-05        4.25456e-06             101325           0.169383        4.25456e-06            2002.37                  0           0.999294           0.317967             656703        1.86146e-05        1.07259e-06        8.59028e-05          0.0444211         0.00108478          0.0995081        1.21465e-06        4.42706e-22        2.15894e-23        3.25584e-21        1.69549e-21         0.00059937            0.12152        6.50745e-12        6.71634e-14        3.49247e-20            0.73276
141         0.00355421        2.51181e-05        4.25441e-06             101325           0.169376        4.25441e-06            2002.46                  0           0.999355           0.293099             602541        1.84537e-05        1.05872e-06        8.51697e-05          0.0444193         0.00108028          0.0995121        1.21238e-06        4.31093e-22        2.10109e-23        3.17318e-21        1.63574e-21        0.000593758           0.121529        6.36832e-12        6.60241e-14        3.39907e-20            0.73276
142         0.00357932        2.51181e-05        4.25427e-06             101325           0.169371        4.25427e-06            2002.54                  0           0.999411           0.270314             553264        1.83082e-05        1.04624e-06         8.4507e-05          0.0444178          0.0010762          0.0995157        1.21035e-06        4.20818e-22        2.05004e-23         3.1006e-21        1.58488e-21        0.000588681           0.121537        6.24413e-12        6.50025e-14        3.31625e-20            0.73276
143         0.00360444        2.51181e-05        4.25415e-06             101325           0.169366        4.25415e-06            2002.61                  0           0.999462            0.24955             508632        1.81774e-05        1.03505e-06        8.39108e-05          0.0444164          0.0010725          0.0995189        1.20854e-06        4.11754e-22        2.00509e-23        3.03698e-21        1.54157e-21        0.000584112           0.121544        6.13368e-12        6.40904e-14        3.24304e-20            0.73276
144         0.00362956        2.51181e-05        4.25403e-06             101325           0.169362        4.25403e-06            2002.67                  0           0.999507           0.230753             468435        1.80604e-05        1.02509e-06        8.33779e-05          0.0444151         0.00106919          0.0995218        1.20694e-06        4.03791e-22        1.96568e-23        2.98143e-21        1.50474e-21        0.000580026            0.12155        6.03598e-12        6.32806e-14        3.17863e-20            0.73276
145         0.00365468        2.51181e-05        4.25394e-06             101325           0.169358        4.25394e-06            2002.72                  0           0.999548           0.213874             432495        1.79568e-05        1.01629e-06        8.29055e-05           0.044414         0.00106625          0.0995243        1.20553e-06        3.96842e-22        1.93133e-23        2.93319e-21        1.47352e-21        0.000576403           0.121556        5.95018e-12         6.2567e-14        3.12234e-20            0.73276
146          0.0036798        2.51181e-05        4.25385e-06             101325           0.169354        4.25385e-06            2002.77                  0           0.999584           0.198878             400669        1.78659e-05         1.0086e-06        8.24914e-05          0.0444131         0.00106366          0.0995266        1.20431e-06        3.90832e-22        1.90167e-23        2.89167e-21        1.44721e-21        0.000573226           0.121561        5.87558e-12        6.19449e-14        3.07362e-20            0.73276
147         0.00370491        2.51181e-05        4.25377e-06             101325           0.169351        4.25377e-06            2002.81                  0           0.999615           0.185735             372843        1.77875e-05        1.00197e-06         8.2134e-05          0.0444123         0.00106142          0.0995285        1.20326e-06        3.85706e-22         1.8764e-23        2.85637e-21        1.42527e-21        0.000570482           0.121565        5.81165e-12        6.14104e-14        3.03201e-20            0.73276
148         0.00373003        2.51181e-05        4.25371e-06             101325           0.169349        4.25371e-06            2002.85                  0           0.999642           0.174426             348939        1.77213e-05        9.96386e-07        8.18321e-05          0.0444116         0.00105952          0.0995302        1.20237e-06         3.8142e-22        1.85529e-23        2.82695e-21        1.40728e-21        0.000568165           0.121569          5.758e-12        6.09608e-14         2.9972e-20            0.73276
149         0.00375515        2.51181e-05        4.25366e-06             101325           0.169347        4.25366e-06            2002.88                  0           0.999664           0.164944             328914        1.76672e-05         9.9183e-07        8.15853e-05           0.044411         0.00105797          0.0995315        1.20165e-06        3.77945e-22         1.8382e-23        2.80317e-21        1.39292e-21        0.000566271           0.121572        5.71436e-12        6.05946e-14        2.96898e-20            0.73276
150         0.00378027        2.51181e-05        4.25362e-06             101325           0.169345        4.25362e-06             2002.9                  0           0.999683           0.157294             312761        1.76252e-05        9.88301e-07         8.1394e-05          0.0444106         0.00105676          0.0995326         1.2011e-06        3.75268e-22        1.82503e-23        2.78488e-21        1.38201e-21        0.000564801           0.121574        5.68066e-12        6.03112e-14        2.94721e-20            0.73276
151         0.00380539        2.51181e-05        4.25359e-06             101325           0.169344        4.25359e-06            2002.92                  0           0.999696           0.151495             300515        1.75955e-05        9.85811e-07        8.12588e-05          0.0444102         0.00105591          0.0995333        1.20071e-06        3.73387e-22        1.81579e-23        2.77205e-21        1.37441e-21        0.000563763           0.121576        5.65693e-12        6.01115e-14        2.93192e-20            0.73276
152          0.0038305        2.51181e-05        4.25357e-06             101325           0.169343        4.25357e-06            2002.93                  0           0.999706            0.14758             292248        1.75785e-05        9.84383e-07        8.11812e-05          0.0444101         0.00105542          0.0995337        1.20048e-06        3.72311e-22         1.8105e-23        2.76471e-21        1.37008e-21        0.000563167           0.121577        5.64333e-12        5.99971e-14        2.92316e-20            0.73276
