# Time 0.000565
# eta = 0.002
# length = 0.000423483
#--- 	  	 LEM Line data  --- 
#(1) wafer              (2) x             (3) dx              (4) m              (5) p            (6) rho              (7) m              (8) T              (9) Z             (10) C          (11) dCdt       (12) heatRel                  (13) Y_H2                  (14) Y_H                  (15) Y_O                  (16) Y_O2                  (17) Y_OH                  (18) Y_H2O                  (19) Y_HO2                  (20) Y_CH2                  (21) Y_CH2(S)                  (22) Y_CH3                  (23) Y_CH4                  (24) Y_CO                  (25) Y_CO2                  (26) Y_HCO                  (27) Y_CH2O                  (28) Y_CH2OH                  (29) Y_N2
0         1.2559e-05        2.51181e-05        2.83828e-05             101325            1.12997        2.83828e-05            300.445                  0                  0                  0          4.821e-12        2.21608e-08         3.4378e-17         2.5207e-12           0.222561        1.31874e-12        2.12855e-05        1.98839e-08        1.34726e-17        6.98023e-19        1.93275e-07          0.0446323        7.00054e-07        2.49363e-05        9.38251e-18        8.73588e-08        1.52374e-21            0.73276
1        3.76771e-05        2.51181e-05        2.83632e-05             101325            1.12919        2.83632e-05            300.653                  0        0.000219252        1.06633e-07             2.7097        3.41957e-08        5.81582e-17        2.98459e-12           0.222543        1.94455e-12        3.12378e-05        2.86707e-08        2.84779e-17        1.47664e-18        2.85156e-07          0.0446278        1.09215e-06        3.65075e-05        1.99445e-17        1.32461e-07        3.23776e-21            0.73276
2        6.27952e-05        2.51181e-05        2.83307e-05             101325             1.1279        2.83307e-05            300.997                  0        0.000310582        1.54614e-07            5.15848        5.64654e-08        9.66675e-17        3.12693e-12           0.222514        3.00492e-12        4.78198e-05        4.27346e-08        6.84851e-17        3.55701e-18        4.40082e-07          0.0446201        1.83289e-06        5.56682e-05        4.83921e-17        2.13063e-07        7.85941e-21            0.73276
3        8.79133e-05        2.51181e-05         2.8277e-05             101325            1.12576         2.8277e-05            301.569                  0        0.000475665        2.46954e-07            11.4409        9.68937e-08        1.56047e-16         2.9888e-12           0.222465        4.81095e-12         7.5453e-05        6.55223e-08        1.74603e-16         9.0929e-18        7.00644e-07          0.0446074        3.20177e-06        8.74158e-05        1.24804e-16         3.5512e-07        2.03391e-20            0.73276
4        0.000113031        2.51181e-05         2.8192e-05             101325            1.12238         2.8192e-05            302.477                  0        0.000749295        4.15557e-07            27.0707        1.67441e-07        2.43672e-16        2.58116e-12           0.222388         7.7862e-12        0.000119527        1.00956e-07         4.4959e-16        2.35097e-17        1.12009e-06          0.0445871        5.63644e-06        0.000137711        3.26076e-16        5.95258e-07        5.35948e-20            0.73276
5        0.000138149        2.51181e-05        2.80621e-05             101325            1.11721        2.80621e-05            303.876                  0         0.00118366        7.23971e-07            65.1026        2.87534e-07        3.81075e-16         1.9861e-12           0.222269        1.26068e-11        0.000187672        1.54483e-07        1.14402e-15        6.01881e-17        1.77479e-06          0.0445557        9.86651e-06        0.000214838        8.45261e-16        9.90241e-07        1.41208e-19            0.73276
6        0.000163268        2.51181e-05        2.78696e-05             101325            1.10954        2.78696e-05            305.973                  0         0.00185183        1.30082e-06            154.975        4.87889e-07        6.41944e-16        1.33989e-12            0.22209        2.03751e-11        0.000290321        2.33519e-07        2.85438e-15        1.51497e-16        2.77061e-06          0.0445082        1.70771e-05        0.000329875        2.15968e-15        1.62552e-06        3.70825e-19            0.73276
7        0.000188386        2.51181e-05        2.75928e-05             101325            1.09852        2.75928e-05             309.04                  0         0.00285249        2.41619e-06            360.152        8.15747e-07        1.24597e-15        7.80473e-13           0.221826         3.2951e-11        0.000441265        3.48032e-07        6.97634e-15        3.74941e-16        4.24919e-06          0.0444383        2.91419e-05        0.000497038        5.44153e-15        2.62593e-06        9.75479e-19            0.73276
8        0.000213504        2.51181e-05        2.72073e-05             101325            1.08317        2.72073e-05            313.415                  0         0.00431415        4.65494e-06            811.231        1.34153e-06         2.7823e-15        3.87525e-13           0.221449        5.36043e-11        0.000658054         5.1135e-07         1.6751e-14        9.15989e-16        6.39277e-06          0.0443375        4.89334e-05        0.000733754        1.35825e-14        4.16796e-06        2.59528e-18            0.73276
9        0.000238622        2.51181e-05        2.66881e-05             101325            1.06251        2.66881e-05            319.504                  0         0.00639725        9.31891e-06            1764.54        2.16644e-06        6.78736e-15        1.62984e-13           0.220922        8.83459e-11        0.000962125        7.41343e-07         3.9717e-14        2.22246e-15        9.42591e-06          0.0441958           8.07e-05         0.00106029        3.38177e-14        6.49181e-06        7.06813e-18            0.73276
10         0.00026374        2.51181e-05        2.60144e-05             101325            1.03568        2.60144e-05            327.767                  0         0.00929317        1.93865e-05             3700.2        3.42999e-06        1.73493e-14        5.86101e-14           0.220203        1.48617e-10         0.00137851        1.06223e-06        9.35152e-14        5.39002e-15        1.36122e-05          0.0440012        0.000130468         0.00149885        8.45961e-14        9.91056e-06        1.99383e-17            0.73276
11        0.000288858        2.51181e-05        2.51735e-05             101325            1.00221        2.51735e-05            338.697                  0          0.0132187        4.18488e-05            7478.76        5.31524e-06        4.56774e-14         1.9488e-14           0.219246        2.56619e-10           0.001935        1.50725e-06        2.19623e-13        1.31267e-14        1.92446e-05          0.0437401        0.000206379         0.00207209        2.13798e-13        1.48125e-05        5.87275e-17            0.73276
12        0.000313976        2.51181e-05        2.41663e-05             101325           0.962108        2.41663e-05            352.786                  0          0.0184057        9.34428e-05            14583.3        8.04963e-06        1.23095e-13        1.03996e-14           0.218002        4.55686e-10         0.00266089        2.12248e-06        5.15208e-13        3.21312e-14        2.66301e-05          0.0433983        0.000318853         0.00280133        5.46893e-13        2.16531e-05         1.8086e-16            0.73276
13        0.000339094        2.51181e-05        2.30089e-05             101325           0.916031        2.30089e-05             370.49                  0          0.0250868        0.000214663            27490.5         1.1899e-05        3.37356e-13        2.13109e-14           0.216426        8.29511e-10         0.00358531        2.97181e-06        1.20435e-12        7.87517e-14        3.60712e-05          0.0429615        0.000480443         0.00370474        1.41197e-12        3.09343e-05        5.78346e-16            0.73276
14        0.000364212        2.51181e-05        2.17322e-05             101325           0.865203        2.17322e-05            392.195                  0          0.0334797         0.00050319            50245.7        1.71545e-05        9.31384e-13        7.85377e-14           0.214475        1.53536e-09         0.00473557        4.14289e-06        2.78841e-12         1.9169e-13        4.78475e-05          0.0424157        0.000705332         0.00479604        3.65345e-12        4.31734e-05        1.89358e-15            0.73276
15         0.00038933        2.51181e-05        2.03771e-05             101325           0.811253        2.03771e-05            418.191                  0          0.0437738         0.00119018              89380        2.41143e-05        2.56568e-12        3.23578e-13           0.212112         2.8565e-09         0.00613588        5.75362e-06        6.34266e-12        4.58456e-13        6.22043e-05          0.0417489         0.00100853         0.00608396        9.38589e-12        5.88672e-05        6.24047e-15            0.73276
16        0.000414448        2.51181e-05         1.8988e-05             101325           0.755951         1.8988e-05            448.664                  0          0.0561217         0.00280403             155407        3.30637e-05        7.01684e-12        1.39008e-12           0.209306        5.27538e-09         0.00780662        7.95863e-06        1.40591e-11         1.0658e-12        7.93507e-05          0.0409505         0.00140492          0.0075727         2.3724e-11        7.84591e-05        2.03987e-14            0.73276
17        0.000439566        2.51181e-05        1.76067e-05             101325           0.700956        1.76067e-05            483.702                  0          0.0706379         0.00649462             265300        4.42594e-05        1.91085e-11        6.07767e-12           0.206035        9.56493e-09         0.00976429        1.09554e-05        3.01957e-11        2.38884e-12        9.94671e-05          0.0400117          0.0019084         0.00926306        5.86391e-11        0.000102316         6.5685e-14            0.73276
18        0.000464685        2.51181e-05        1.62674e-05             101325           0.647636        1.62674e-05            523.308                  0          0.0874041          0.0146218             446641         5.7919e-05        5.24132e-11        2.66004e-11           0.202281        1.69063e-08           0.012022        1.49891e-05        6.28101e-11        5.14789e-12        0.000122722          0.0389257         0.00253127          0.0111539        1.41622e-10        0.000130718        2.09401e-13            0.73276
19        0.000489803        2.51181e-05         1.4995e-05             101325           0.596982         1.4995e-05            567.428                  0           0.106478          0.0317575             744873        7.42186e-05        1.46937e-10        1.15094e-10           0.198027        2.91141e-08          0.0145903        2.03565e-05         1.2761e-10        1.07294e-11        0.000149291          0.0376868         0.00328396          0.0132436        3.36327e-10        0.000163855        6.71722e-13            0.73276
20        0.000514921        2.51181e-05        1.38053e-05             101325           0.549616        1.38053e-05            615.968                  0           0.127906          0.0664557        1.23758e+06        9.32955e-05        4.24543e-10         4.8702e-10           0.193264         4.9312e-08          0.0174781        2.74068e-05        2.58927e-10        2.20408e-11        0.000179382          0.0362902           0.004175           0.015531        7.96453e-10        0.000201835        2.20957e-12            0.73276
21        0.000540039        2.51181e-05        1.27058e-05             101325           0.505843        1.27058e-05            668.814                  0           0.151726           0.135165        2.06808e+06        0.000115254        1.25833e-09        1.99379e-09           0.187977        8.42177e-08          0.0206934        3.65366e-05        5.45577e-10        4.62224e-11        0.000213256          0.0347317          0.0052112          0.0180162        1.91754e-09        0.000244684        7.50722e-12            0.73276
22        0.000565157        2.51181e-05        1.16984e-05             101325           0.465734        1.16984e-05            725.849                  0           0.177983           0.273855        3.53596e+06        0.000140173        3.76476e-09        7.80929e-09           0.182158        1.51537e-07          0.0242435        4.81732e-05        1.24942e-09        1.03515e-10        0.000251254          0.0330073         0.00639789          0.0207008        4.77781e-09        0.000292353        2.60307e-11            0.73276
23        0.000590275        2.51181e-05        1.07806e-05             101325           0.429196        1.07806e-05            786.954                  0           0.206721           0.577774        6.35142e+06        0.000168109         1.1145e-08        2.89604e-08           0.175795        3.02193e-07          0.0281351        6.27321e-05        3.17846e-09        2.54928e-10        0.000293836          0.0311134         0.00773904          0.0235873        1.23947e-08        0.000344714        8.99135e-11            0.73276
24        0.000615393        2.51181e-05        9.94769e-06             101325           0.396037        9.94769e-06            852.014                  0            0.23799            1.33584        1.23313e+07        0.000199105        3.21043e-08        1.00857e-07           0.168879        6.82103e-07          0.0323738        8.05269e-05        8.77739e-09        6.82359e-10        0.000341638          0.0290466         0.00923728          0.0266791        3.31132e-08        0.000401555        3.02056e-10            0.73276
25        0.000640511        2.51181e-05         9.1936e-06             101325           0.366015         9.1936e-06            920.907                  0           0.271836            3.45158        2.61973e+07        0.000233185        8.90692e-08        3.28311e-07           0.161405         1.6908e-06          0.0369629        0.000101598        2.50564e-08        1.90159e-09         0.00039554          0.0268046          0.0108936          0.0299789        8.90337e-08        0.000462554        9.70086e-10            0.73276
26        0.000665629        2.51181e-05        8.51185e-06             101325           0.338873        8.51185e-06            993.496                  0           0.308291            9.63829        5.99201e+07        0.000270345        2.36999e-07        9.98057e-07           0.153373        4.35798e-06          0.0419006        0.000125413        7.07658e-08        5.27879e-09         0.00045663           0.024387          0.0127064          0.0334876         2.3496e-07         0.00052722        2.94769e-09            0.73276
27        0.000690747        2.51181e-05        7.89615e-06             101325           0.314361        7.89615e-06            1069.59                  0           0.347351            27.4633        1.42452e+08        0.000310523        6.04238e-07        2.83906e-06           0.144797        1.11673e-05          0.0471764        0.000150407        1.92229e-07        1.41598e-08        0.000525772          0.0217973          0.0146702          0.0372027        5.96104e-07        0.000594722        8.42183e-09            0.73276
28        0.000715865        2.51181e-05        7.34092e-06             101325           0.292256        7.34092e-06            1148.89                  0           0.388948            76.1919        3.39515e+08        0.000353567        1.47508e-06        7.58478e-06           0.135701        2.77094e-05          0.0527696        0.000173449        4.94184e-07        3.60526e-08         0.00060223          0.0190441          0.0167749          0.0411197        1.43248e-06        0.000663571        2.25291e-08           0.732759
29        0.000740984        2.51181e-05         6.8416e-06             101325           0.272378         6.8416e-06            1230.89                  0           0.432961            199.902        7.88442e+08        0.000399085        3.43671e-06        1.90929e-05           0.126123        6.56226e-05          0.0586428        0.000189643        1.18844e-06        8.60471e-08        0.000680482          0.0161463          0.0190024          0.0452347        3.22139e-06        0.000730764        5.61228e-08           0.732758
30        0.000766102        2.51181e-05        6.39539e-06             101325           0.254613        6.39539e-06            1314.63                  0           0.479179            486.289        1.74249e+09        0.000445988        7.58069e-06        4.53117e-05           0.116139         0.00014677          0.0647178         0.00019343        2.63306e-06         1.8955e-07        0.000745114          0.0131483          0.0213136          0.0495398        6.67807e-06        0.000789811        1.28687e-07           0.732758
31         0.00079122        2.51181e-05        6.00219e-06             101325           0.238959        6.00219e-06            1398.33                  0           0.527148            1075.08        3.57326e+09        0.000491548        1.56146e-05         0.00010106           0.105913        0.000306452          0.0708373        0.000181481        5.22882e-06        3.75115e-07        0.000767324          0.0101431          0.0236211          0.0540195        1.24571e-05        0.000827139        2.64823e-07           0.732757
32        0.000816338        2.51181e-05        5.66558e-06             101325           0.225558        5.66558e-06            1478.78                  0           0.575944            2104.18         6.5791e+09        0.000529919        2.94318e-05        0.000210142          0.0957706        0.000588418          0.0767181        0.000155148        8.85847e-06        6.35745e-07        0.000713726         0.00729598          0.0257424          0.0586423        2.01135e-05        0.000818624        4.65873e-07           0.732756
33        0.000841456        2.51181e-05        5.39209e-06             101325            0.21467        5.39209e-06            1551.25                  0           0.623893            3525.03        1.04013e+10        0.000551673        4.95563e-05        0.000401522          0.0862512         0.00102068          0.0819485        0.000120405        1.19428e-05        8.62996e-07        0.000577135         0.00483258          0.0273661          0.0633491        2.67155e-05         0.00073711        6.53116e-07           0.732756
34        0.000866574        2.51181e-05        5.18596e-06             101325           0.206463        5.18596e-06            1610.92                  0           0.668562            4894.08        1.34248e+10        0.000548753        7.33289e-05        0.000689598          0.0779932         0.00157676          0.0861214        8.56742e-05        1.22371e-05        8.97162e-07         0.00040147         0.00294732          0.0281419          0.0680407        2.81159e-05        0.000583373        6.96425e-07           0.732756
35        0.000891692        2.51181e-05         5.0417e-06             101325            0.20072         5.0417e-06            1655.93                  0           0.707563            5580.51        1.37935e+10        0.000524063        9.60243e-05         0.00104348          0.0714134         0.00216711          0.0890665        5.76675e-05        9.83583e-06        7.34875e-07         0.00024729         0.00168156          0.0279276          0.0725795        2.37413e-05        0.000404893        5.81662e-07           0.732756
36         0.00091681        2.51181e-05        4.94442e-06             101325           0.196847        4.94442e-06            1688.33                  0           0.739822            5379.21        1.16431e+10        0.000490604        0.000114321         0.00139475          0.0665067         0.00269512           0.090928        3.84891e-05        6.70079e-06        5.10293e-07         0.00014123         0.00091859          0.0269082          0.0768279        1.70035e-05        0.000254106        4.09858e-07           0.732757
37        0.000941928        2.51181e-05        4.87773e-06             101325           0.194192        4.87773e-06            1711.89                  0           0.765854            4634.77        8.63007e+09        0.000459954        0.000127415         0.00168688          0.0629651         0.00311334          0.0920112        2.66674e-05        4.15834e-06        3.22001e-07         7.7585e-05        0.000489905          0.0254229          0.0806951        1.09849e-05        0.000149833        2.61431e-07           0.732758
38        0.000967046        2.51181e-05         4.8294e-06             101325           0.192268         4.8294e-06             1729.9                  0           0.786903            3773.06        6.00811e+09        0.000436686        0.000135898         0.00189992          0.0604102         0.00342214          0.0926083        1.97567e-05        2.45889e-06        1.93053e-07        4.18575e-05        0.000258223          0.0237636          0.0841497        6.69302e-06        8.53534e-05        1.58005e-07           0.732758
39        0.000992164        2.51181e-05        4.79187e-06             101325           0.190774        4.79187e-06            1744.52                  0           0.804189            3016.95         4.1516e+09        0.000420502        0.000140711          0.0020397          0.0585271          0.0036424          0.0929298        1.57777e-05        1.41861e-06         1.1265e-07         2.2415e-05         0.00013545          0.0221117          0.0872018        3.94875e-06        4.77453e-05        9.27717e-08           0.732759
40         0.00101728        2.51181e-05        4.76089e-06             101325            0.18954        4.76089e-06            1757.04                  0           0.818656            2421.35        2.96347e+09         0.00040941        0.000142731         0.00212137          0.0570934         0.00379696          0.0931073        1.34581e-05        8.08415e-07        6.47984e-08        1.19816e-05        7.09845e-05          0.0205599          0.0898833        2.29025e-06        2.64658e-05        5.36279e-08           0.732759
41          0.0010424        2.51181e-05        4.73411e-06             101325           0.188474        4.73411e-06            1768.17                  0           0.830978            1969.17        2.23475e+09        0.000401397        0.000142665         0.00216029           0.055963         0.00390424          0.0932168        1.20562e-05        4.58086e-07        3.70019e-08        6.41325e-06        3.72524e-05          0.0191459           0.092234        1.31817e-06        1.46132e-05        3.07467e-08           0.732759
42         0.00106752        2.51181e-05        4.71026e-06             101325           0.187525        4.71026e-06             1778.3                  0           0.841626            1626.55        1.78859e+09        0.000394948        0.000141064         0.00216892          0.0550425         0.00397755          0.0932996        1.11592e-05        2.59084e-07        2.10597e-08         3.4438e-06        1.96051e-05          0.0178778          0.0942947        7.58005e-07        8.06202e-06        1.75581e-08           0.732759
43         0.00109264        2.51181e-05        4.68859e-06             101325           0.186662        4.68859e-06            1787.65                  0           0.850935            1363.11        1.50678e+09        0.000389082        0.000138349         0.00215649          0.0542723         0.00402611          0.0933769        1.05416e-05        1.46577e-07         1.1975e-08        1.85736e-06        1.03565e-05          0.0167492          0.0961041        4.38113e-07        4.45247e-06         1.0012e-08            0.73276
44         0.00111775        2.51181e-05        4.66868e-06             101325           0.185869        4.66868e-06            1796.38                  0           0.859151            1156.32        1.31831e+09        0.000383227        0.000134839         0.00212957          0.0536136         0.00405628          0.0934586        1.00816e-05        8.30586e-08        6.81262e-09        1.00684e-06        5.49477e-06          0.0157475          0.0976973        2.56153e-07        2.46447e-06        5.70935e-09            0.73276
45         0.00114287        2.51181e-05        4.65023e-06             101325           0.185135        4.65023e-06            1804.56                  0           0.866463            990.614        1.18284e+09        0.000377093        0.000130778         0.00209277          0.0530406         0.00407247          0.0935487        9.71291e-06        4.71759e-08        3.88092e-09        5.48814e-07        2.92931e-06          0.0148581           0.099105        1.52666e-07        1.36813e-06         3.2589e-09            0.73276
46         0.00116799        2.51181e-05        4.63305e-06             101325           0.184451        4.63305e-06            1812.26                  0           0.873014            855.417        1.07814e+09        0.000370564        0.000126352          0.0020493          0.0525355         0.00407778          0.0936478        9.39951e-06        2.68689e-08        2.21491e-09        3.00878e-07        1.56959e-06          0.0140666           0.100354        9.36128e-08        7.62089e-07          1.863e-09            0.73276
47         0.00119311        2.51181e-05          4.617e-06             101325           0.183812          4.617e-06            1819.53                  0           0.878924            743.524        9.92128e+08        0.000363623        0.000121703         0.00200141          0.0520852         0.00407446          0.0937555        9.12134e-06        1.53482e-08        1.26678e-09        1.65922e-07        8.45464e-07          0.0133595           0.101468        5.96776e-08        4.26055e-07        1.06697e-09            0.73276
48         0.00121823        2.51181e-05        4.60195e-06             101325           0.183213        4.60195e-06             1826.4                  0           0.884288            649.894         9.1823e+08         0.00035631        0.000116939         0.00195071          0.0516804         0.00406419          0.0938701        8.86707e-06        8.79362e-09        7.26152e-10        9.20375e-08        4.57876e-07          0.0127249           0.102467        3.99473e-08        2.39091e-07        6.12288e-10            0.73276
49         0.00124335        2.51181e-05         4.5878e-06             101325           0.182649         4.5878e-06            1832.92                  0           0.889184            570.893        8.52831e+08        0.000348687        0.000112139         0.00189835          0.0513137         0.00404826          0.0939904        8.63006e-06        5.05326e-09        4.17218e-10          5.135e-08        2.49329e-07          0.0121527           0.103367         2.8271e-08        1.34684e-07        3.52096e-10            0.73276
50         0.00126846        2.51181e-05        4.57447e-06             101325           0.182119        4.57447e-06             1839.1                  0           0.893679            503.808        7.93877e+08        0.000340826        0.000107366         0.00184515          0.0509793         0.00402765          0.0941147        8.40629e-06        2.91231e-09        2.40275e-10         2.8812e-08        1.36514e-07          0.0116337           0.104183        2.11831e-08        7.61584e-08        2.02898e-10            0.73276
51         0.00129358        2.51181e-05        4.56189e-06             101325           0.181618        4.56189e-06            1844.98                  0           0.897828            446.549        7.40134e+08        0.000332794        0.000102664         0.00179172          0.0506725         0.00400316          0.0942419        8.19319e-06        1.68314e-09        1.38692e-10        1.62551e-08         7.5154e-08          0.0111605           0.104927        1.67291e-08        4.32268e-08        1.17165e-10            0.73276
52          0.0013187        2.51181e-05        4.54998e-06             101325           0.181144        4.54998e-06            1850.59                  0           0.901678            397.463        6.90812e+08        0.000324656        9.80656e-05          0.0017385          0.0503895         0.00397544          0.0943706        7.98903e-06        9.75387e-10        8.02365e-11        9.21941e-09        4.15982e-08          0.0107264           0.105609         1.3804e-08        2.46265e-08        6.77974e-11            0.73276
53         0.00134382        2.51181e-05        4.53869e-06             101325           0.180694        4.53869e-06            1855.94                  0           0.905267            355.216        6.45354e+08        0.000316465        9.35935e-05         0.00168581          0.0501273           0.003945          0.0945001        7.79258e-06         5.6671e-10        4.65218e-11         5.2556e-09        2.31479e-08          0.0103261           0.106238         1.1781e-08        1.40817e-08        3.93106e-11            0.73276
54         0.00136894        2.51181e-05        4.52796e-06             101325           0.180267        4.52796e-06            1861.05                  0            0.90863            318.717         6.0334e+08        0.000308268        8.92634e-05         0.00163389           0.049883         0.00391228          0.0946296        7.60293e-06        3.30089e-10        2.70325e-11        3.01061e-09        1.29486e-08         0.00995484           0.106821        1.03022e-08        8.08197e-09         2.2839e-11            0.73276
55         0.00139405        2.51181e-05        4.51775e-06             101325            0.17986        4.51775e-06            1865.95                  0           0.911794            287.062        5.64427e+08        0.000300103        8.50849e-05          0.0015829          0.0496545         0.00387765          0.0947585        7.41933e-06        1.92732e-10        1.57416e-11        1.73265e-09        7.28044e-09         0.00960868           0.107365        9.16221e-09         4.6562e-09        1.32957e-11            0.73276
56         0.00141917        2.51181e-05        4.50802e-06             101325           0.179473        4.50802e-06            1870.64                  0           0.914784            259.501        5.28325e+08           0.000292        8.10632e-05         0.00153297          0.0494399         0.00384139          0.0948862        7.24122e-06        1.12798e-10        9.18633e-12        1.00162e-09        4.11406e-09          0.0092843           0.107875        8.24132e-09        2.69335e-09        7.75549e-12            0.73276
57         0.00144429        2.51181e-05        4.49872e-06             101325           0.179103        4.49872e-06            1875.14                  0            0.91762            235.406        4.94781e+08        0.000283983        7.72005e-05         0.00148417          0.0492376         0.00380376          0.0950125        7.06809e-06        6.61693e-11        5.37232e-12        5.81505e-10        2.33619e-09         0.00897885           0.108355        7.46899e-09        1.56489e-09        4.53293e-12            0.73276
58         0.00146941        2.51181e-05        4.48983e-06             101325           0.178749        4.48983e-06            1879.48                  0           0.920321            214.252         4.6357e+08         0.00027607        7.34962e-05         0.00143654          0.0490462         0.00376498           0.095137        6.89953e-06        3.89055e-11        3.14858e-12        3.38996e-10        1.33298e-09         0.00868995           0.108809        6.80271e-09        9.13921e-10         2.6548e-12            0.73276
59         0.00149453        2.51181e-05        4.48131e-06             101325            0.17841        4.48131e-06            1883.65                  0             0.9229            195.599         4.3449e+08        0.000268276         6.9948e-05         0.00139012          0.0488645          0.0037252          0.0952596        6.73517e-06        2.29277e-11        1.84933e-12        1.98411e-10        7.64131e-10         0.00841555            0.10924        6.21611e-09        5.37124e-10        1.55808e-12            0.73276
60         0.00151964        2.51181e-05        4.47313e-06             101325           0.178084        4.47313e-06            1887.67                  0           0.925371            179.077        4.07361e+08        0.000260611        6.65524e-05         0.00134492          0.0486916         0.00368459          0.0953801        6.57471e-06         1.3543e-11        1.08862e-12        1.16578e-10        4.40046e-10         0.00815391           0.109651        5.69227e-09        3.18251e-10        9.16383e-13            0.73276
61         0.00154476        2.51181e-05        4.46528e-06             101325           0.177771        4.46528e-06            1891.55                  0           0.927746            164.376        3.82021e+08        0.000253081        6.33049e-05         0.00130092          0.0485264         0.00364326          0.0954985        6.41785e-06        8.01828e-12        6.42282e-13        6.87562e-11        2.54552e-10         0.00790357           0.110044        5.21988e-09        1.90633e-10        5.40174e-13            0.73276
62         0.00156988        2.51181e-05        4.45772e-06             101325            0.17747        4.45772e-06             1895.3                  0           0.930034            151.236        3.58322e+08        0.000245692        6.02004e-05         0.00125811          0.0483684         0.00360132          0.0956146        6.26436e-06        4.75864e-12         3.7983e-13        4.07021e-11          1.479e-10         0.00766327           0.110422        4.79098e-09        1.15908e-10        3.19156e-13            0.73276
63           0.001595        2.51181e-05        4.45044e-06             101325           0.177181        4.45044e-06            1898.93                  0           0.932242            139.437        3.36133e+08        0.000238447        5.72336e-05         0.00121648          0.0482168         0.00355884          0.0957285        6.11402e-06        2.83101e-12        2.25165e-13        2.41831e-11        8.63072e-11         0.00743193           0.110786        4.39975e-09        7.19392e-11        1.89034e-13            0.73276
64         0.00162012        2.51181e-05        4.44342e-06             101325           0.176901        4.44342e-06            1902.44                  0           0.934379            128.796        3.15336e+08        0.000231347        5.43989e-05           0.001176           0.048071         0.00351591          0.0958402        5.96663e-06        1.68845e-12        1.33811e-13        1.44207e-11        5.05812e-11         0.00720865           0.111136        4.04168e-09        4.59102e-11        1.12258e-13            0.73276
65         0.00164523        2.51181e-05        4.43664e-06             101325           0.176631        4.43664e-06            1905.84                  0           0.936451            119.157        2.95823e+08        0.000224391        5.16907e-05         0.00113665          0.0479306         0.00347259          0.0959497        5.82203e-06        1.00961e-12        7.97267e-14        8.63047e-12          2.977e-11         0.00699264           0.111476        3.71318e-09        3.03809e-11        6.68518e-14            0.73276
66         0.00167035        2.51181e-05        4.43008e-06             101325            0.17637        4.43008e-06            1909.15                  0           0.938462            110.391        2.77499e+08        0.000217581        4.91036e-05         0.00109838          0.0477952         0.00342891          0.0960569        5.68006e-06        6.05305e-13        4.76295e-14        5.18392e-12        1.75956e-11         0.00678324           0.111805        3.41128e-09        2.10187e-11        3.99337e-14            0.73276
67         0.00169547        2.51181e-05        4.42374e-06             101325           0.176118        4.42374e-06            1912.35                  0           0.940418            102.386        2.60277e+08        0.000210913        4.66321e-05         0.00106117          0.0476644         0.00338494           0.096162        5.54059e-06        3.63905e-13        2.85332e-14        3.12511e-12        1.04438e-11         0.00657989           0.112124        3.13348e-09        1.52934e-11         2.3935e-14            0.73276
68         0.00172059        2.51181e-05        4.41761e-06             101325           0.175874        4.41761e-06            1915.47                  0           0.942322            95.0507        2.44078e+08        0.000204387        4.42712e-05         0.00102499          0.0475379         0.00334069           0.096265         5.4035e-06        2.19399e-13        1.71423e-14         1.8909e-12        6.22506e-12         0.00638209           0.112435        2.87759e-09        1.17227e-11        1.44004e-14            0.73276
69         0.00174571        2.51181e-05        4.41166e-06             101325           0.175637        4.41166e-06             1918.5                  0           0.944178            88.3062        2.28832e+08        0.000198001        4.20159e-05        0.000989818          0.0474153         0.00329622          0.0963659         5.2687e-06        1.32664e-13        1.03295e-14        1.14838e-12        3.72613e-12         0.00618944           0.112738        2.64174e-09        9.43577e-12        8.70154e-15            0.73276
70         0.00177083        2.51181e-05         4.4059e-06             101325           0.175407         4.4059e-06            1921.45                  0           0.945989             82.086        2.14474e+08        0.000191752        3.98615e-05        0.000955611          0.0472965         0.00325153          0.0964648        5.13611e-06        8.04619e-14        6.24342e-15        7.00064e-13         2.2398e-12         0.00600159           0.113033        2.42424e-09        7.91915e-12        5.28463e-15            0.73276
71         0.00179594        2.51181e-05         4.4003e-06             101325           0.175185         4.4003e-06            1924.32                  0           0.947758            76.3336        2.00948e+08        0.000185639        3.78035e-05        0.000922346          0.0471813         0.00320666          0.0965617        5.00564e-06        4.89536e-14        3.78568e-15        4.28398e-13         1.3521e-12         0.00581825           0.113321         2.2236e-09        6.86914e-12        3.22884e-15            0.73276
72         0.00182106        2.51181e-05        4.39487e-06             101325           0.174968        4.39487e-06            1927.11                  0           0.949486            71.0008          1.882e+08         0.00017966        3.58378e-05        0.000889997          0.0470695         0.00316164          0.0966567        4.87726e-06          2.988e-14        2.30297e-15        2.63173e-13        8.19722e-13         0.00563915           0.113602        2.03849e-09        6.10538e-12        1.98722e-15            0.73276
73         0.00184618        2.51181e-05         4.3896e-06             101325           0.174758         4.3896e-06            1929.83                  0           0.951176            66.0468        1.76182e+08        0.000173813        3.39604e-05        0.000858539          0.0469609         0.00311647          0.0967497         4.7509e-06        1.82986e-14        1.40572e-15         1.6231e-13        4.99114e-13          0.0054641           0.113877         1.8677e-09        5.52031e-12        1.23405e-15            0.73276
74          0.0018713        2.51181e-05        4.38448e-06             101325           0.174555        4.38448e-06            1932.49                  0           0.952829            61.4363        1.64851e+08        0.000168095        3.21676e-05        0.000827948          0.0468554         0.00307118          0.0968409        4.62653e-06        1.12446e-14        8.61033e-16        1.00506e-13        3.05229e-13         0.00529292           0.114146        1.71013e-09        5.04944e-12        7.74889e-16            0.73276
75         0.00189642        2.51181e-05         4.3795e-06             101325           0.174356         4.3795e-06            1935.07                  0           0.954447             57.139        1.54167e+08        0.000162506        3.04558e-05        0.000798203          0.0467529          0.0030258          0.0969303        4.50414e-06        6.93414e-15        5.29289e-16        6.24899e-14        1.87483e-13         0.00512546            0.11441        1.56479e-09        4.65388e-12        4.93299e-16            0.73276
76         0.00192153        2.51181e-05        4.37466e-06             101325           0.174164        4.37466e-06            1937.59                  0            0.95603            53.1288        1.44093e+08        0.000157043        2.88218e-05        0.000769283          0.0466534         0.00298034          0.0970179        4.38371e-06        4.29152e-15        3.26557e-16        3.90148e-14        1.15673e-13         0.00496162           0.114667        1.43077e-09        4.30996e-12        3.19378e-16            0.73276
77         0.00194665        2.51181e-05        4.36995e-06             101325           0.173976        4.36995e-06            1940.05                  0           0.957579             49.383        1.34596e+08        0.000151705        2.72624e-05         0.00074117          0.0465566         0.00293481          0.0971038        4.26523e-06        2.66586e-15        2.02237e-16        2.44614e-14        7.16891e-14         0.00480129           0.114919        1.30725e-09        4.00317e-12        2.11022e-16            0.73276
78         0.00197177        2.51181e-05        4.36538e-06             101325           0.173794        4.36538e-06            1942.44                  0           0.959096            45.8817        1.25644e+08        0.000146491        2.57748e-05        0.000713847          0.0464626         0.00288925          0.0971879        4.14872e-06        1.66231e-15        1.25729e-16        1.54028e-14        4.46327e-14          0.0046444           0.115165        1.19345e-09        3.72446e-12         1.4279e-16            0.73276
79         0.00199689        2.51181e-05        4.36093e-06             101325           0.173617        4.36093e-06            1944.77                  0           0.960581            42.6075        1.17208e+08        0.000141401        2.43562e-05        0.000687298          0.0463713         0.00284367          0.0972703        4.03418e-06        1.04058e-15        7.84741e-17        9.74119e-15         2.7916e-14         0.00449089           0.115407        1.08868e-09        3.46809e-12        9.92549e-17            0.73276
80         0.00202201        2.51181e-05        4.35661e-06             101325           0.173445        4.35661e-06            1947.05                  0           0.962034             39.545        1.09262e+08        0.000136432        2.30039e-05        0.000661508          0.0462826         0.00279809           0.097351        3.92163e-06        6.53975e-16        4.91778e-17        6.18803e-15        1.75419e-14         0.00434072           0.115643        9.92271e-10        3.23033e-12        7.10246e-17            0.73276
81         0.00204712        2.51181e-05        4.35241e-06             101325           0.173278        4.35241e-06            1949.26                  0           0.963456            36.6804         1.0178e+08        0.000131585        2.17154e-05        0.000636463          0.0461965         0.00275254            0.09743        3.81111e-06         4.1268e-16        3.09458e-17        3.94868e-15        1.10752e-14         0.00419386           0.115873        9.03636e-10        3.00867e-12        5.23582e-17            0.73276
82         0.00207224        2.51181e-05        4.34832e-06             101325           0.173115        4.34832e-06            1951.42                  0           0.964847            34.0013        9.47393e+07        0.000126858        2.04885e-05        0.000612153           0.046113         0.00270705          0.0975074        3.70264e-06        2.61498e-16        1.95552e-17        2.53128e-15        7.02581e-15         0.00405028           0.116099         8.2221e-10        2.80137e-12        3.97287e-17            0.73276
83         0.00209736        2.51181e-05        4.34435e-06             101325           0.172957        4.34435e-06            1953.53                  0           0.966207            31.4965        8.81177e+07        0.000122252        1.93207e-05        0.000588564           0.046032         0.00266163          0.0975831        3.59626e-06        1.66405e-16        1.24105e-17        1.63023e-15        4.47859e-15         0.00390998           0.116319        7.47472e-10        2.60715e-12        3.09579e-17            0.73276
84         0.00212248        2.51181e-05         4.3405e-06             101325           0.172804         4.3405e-06            1955.58                  0           0.967537            29.1559        8.18943e+07        0.000117765          1.821e-05        0.000565687          0.0459536         0.00261632          0.0976572        3.49201e-06        1.06353e-16         7.9108e-18         1.0549e-15        2.86885e-15         0.00377295           0.116535        6.78937e-10        2.42503e-12        2.46914e-17            0.73276
85          0.0021476        2.51181e-05        4.33675e-06             101325           0.172655        4.33675e-06            1957.57                  0           0.968835              26.97        7.60495e+07        0.000113397        1.71543e-05        0.000543511          0.0458776         0.00257115          0.0977297        3.38994e-06        6.82739e-17        5.06518e-18        6.85886e-16        1.84681e-15         0.00363918           0.116745        6.16152e-10        2.25422e-12        2.00807e-17            0.73276
86         0.00217271        2.51181e-05        4.33311e-06             101325            0.17251        4.33311e-06            1959.51                  0           0.970104            24.9301        7.05646e+07        0.000109148        1.61516e-05        0.000522026          0.0458041         0.00252614          0.0978005         3.2901e-06        4.40282e-17        3.25801e-18        4.48134e-16        1.19483e-15         0.00350869            0.11695        5.58695e-10        2.09404e-12        1.65891e-17            0.73276
87         0.00219783        2.51181e-05        4.32959e-06             101325           0.172369        4.32959e-06             1961.4                  0           0.971341             23.028        6.54217e+07        0.000105018        1.51998e-05        0.000501223          0.0457331         0.00248132          0.0978697        3.19254e-06        2.85249e-17         2.1054e-18        2.94245e-16        7.76939e-16         0.00338148            0.11715         5.0617e-10        1.94391e-12         1.3873e-17            0.73276
88         0.00222295        2.51181e-05        4.32616e-06             101325           0.172233        4.32616e-06            1963.23                  0           0.972548            21.2562         6.0604e+07        0.000101006        1.42972e-05        0.000481094          0.0456645         0.00243674          0.0979373        3.09731e-06         1.8569e-17        1.36706e-18        1.94172e-16         5.0779e-16         0.00325755           0.117344        4.58206e-10         1.8033e-12        1.17097e-17            0.73276
89         0.00224807        2.51181e-05        4.32285e-06             101325           0.172101        4.32285e-06            1965.01                  0           0.973724            19.6074        5.60951e+07        9.71113e-05        1.34419e-05         0.00046163          0.0455982         0.00239241          0.0980032        3.00445e-06        1.21474e-17        8.91997e-19        1.28789e-16        3.33597e-16         0.00313692           0.117534        4.14458e-10        1.67172e-12        9.95192e-18            0.73276
90         0.00227319        2.51181e-05        4.31963e-06             101325           0.171973        4.31963e-06            1966.74                  0            0.97487            18.0748        5.18795e+07        9.33343e-05        1.26321e-05        0.000442822          0.0455344         0.00234838          0.0980676        2.91403e-06        7.98677e-18        5.84942e-19        8.58647e-17        2.20305e-16          0.0030196           0.117718        3.74602e-10         1.5487e-12        8.50037e-18            0.73276
91          0.0022983        2.51181e-05        4.31652e-06             101325           0.171849        4.31652e-06            1968.41                  0           0.975984            16.6518        4.79422e+07        8.96743e-05        1.18661e-05        0.000424662          0.0454729         0.00230469          0.0981303        2.82608e-06        5.27876e-18        3.85566e-19        5.75489e-17        1.46254e-16         0.00290559           0.117897        3.38333e-10        1.43381e-12         7.2865e-18            0.73276
92         0.00232342        2.51181e-05        4.31351e-06             101325           0.171729        4.31351e-06            1970.04                  0           0.977068            15.3322        4.42687e+07        8.61307e-05        1.11421e-05        0.000407141          0.0454138         0.00226136          0.0981915        2.74065e-06        3.50796e-18        2.55499e-19        3.87781e-17        9.76111e-17         0.00279489           0.118071        3.05369e-10        1.32662e-12        6.26166e-18            0.73276
93         0.00234854        2.51181e-05        4.31059e-06             101325           0.171613        4.31059e-06            1971.61                  0           0.978121              14.11        4.08453e+07        8.27029e-05        1.04585e-05         0.00039025           0.045357         0.00221844           0.098251         2.6578e-06        2.34445e-18         1.7024e-19        2.62728e-17        6.54962e-17         0.00268752            0.11824        2.75444e-10        1.22674e-12        5.39032e-18            0.73276
94         0.00237366        2.51181e-05        4.30778e-06             101325           0.171501        4.30778e-06            1973.14                  0           0.979143            12.9793        3.76586e+07        7.93904e-05        9.81361e-06        0.000373981          0.0453025         0.00217596          0.0983089        2.57756e-06        1.57621e-18        1.14081e-19        1.78999e-17        4.41854e-17         0.00258347           0.118403        2.48311e-10        1.13376e-12        4.64575e-18            0.73276
95         0.00239878        2.51181e-05        4.30506e-06             101325           0.171393        4.30506e-06            1974.61                  0           0.980134            11.9348        3.46956e+07        7.61923e-05        9.20588e-06        0.000358323          0.0452503         0.00213396          0.0983651        2.49996e-06        1.06638e-18        7.69029e-20        1.22651e-17        2.99714e-17         0.00248273           0.118562        2.23737e-10        1.04733e-12        4.00728e-18            0.73276
96          0.0024239        2.51181e-05        4.30243e-06             101325           0.171288        4.30243e-06            1976.03                  0           0.981094             10.971        3.19438e+07        7.31077e-05        8.63371e-06        0.000343269          0.0452002         0.00209248          0.0984198        2.42503e-06        7.26276e-19        5.21646e-20        8.45351e-18         2.0442e-17         0.00238531           0.118715        2.01509e-10         9.6706e-13        3.45853e-18            0.73276
97         0.00244901        2.51181e-05         4.2999e-06             101325           0.171188         4.2999e-06            1977.41                  0           0.982024            10.0829        2.93914e+07        7.01356e-05        8.09556e-06        0.000328808          0.0451524         0.00205155          0.0984729        2.35281e-06        4.98166e-19        3.56167e-20        5.86163e-18        1.40199e-17         0.00229118           0.118862        1.81425e-10        8.92613e-13        2.98618e-18            0.73276
98         0.00247413        2.51181e-05        4.29747e-06             101325            0.17109        4.29747e-06            1978.74                  0           0.982922            9.26539        2.70266e+07        6.72748e-05         7.5899e-06         0.00031493          0.0451067         0.00201122          0.0985243         2.2833e-06        3.44308e-19        2.44871e-20        4.08977e-18         9.6692e-18         0.00220034           0.119005          1.633e-10        8.23646e-13        2.57926e-18            0.73276
99         0.00249925        2.51181e-05        4.29512e-06             101325           0.170997        4.29512e-06            1980.02                  0           0.983791             8.5139        2.48383e+07        6.45242e-05        7.11526e-06        0.000301625          0.0450631         0.00197152          0.0985742        2.21652e-06        2.39921e-19        1.69595e-20        2.87193e-18        6.70634e-18         0.00211275           0.119143        1.46959e-10        7.59829e-13        2.22855e-18            0.73276
100         0.00252437        2.51181e-05        4.29286e-06             101325           0.170907        4.29286e-06            1981.25                  0           0.984629            7.82383        2.28157e+07        6.18823e-05        6.67017e-06        0.000288881          0.0450217         0.00193249          0.0986225        2.15248e-06         1.6866e-19        1.18383e-20        2.03026e-18        4.67789e-18         0.00202841           0.119275        1.32243e-10        7.00847e-13        1.92625e-18            0.73276
101         0.00254949        2.51181e-05        4.29069e-06             101325           0.170821        4.29069e-06            1982.43                  0           0.985436            7.19086        2.09485e+07        5.93475e-05        6.25322e-06        0.000276687          0.0449822         0.00189417          0.0986692        2.09117e-06        1.19695e-19        8.33301e-21        1.44529e-18        3.28178e-18         0.00194726           0.119403        1.19005e-10        6.46395e-13         1.6657e-18            0.73276
102          0.0025746        2.51181e-05        4.28861e-06             101325           0.170738        4.28861e-06            1983.57                  0           0.986214            6.61084        1.92267e+07        5.69182e-05        5.86301e-06        0.000265032          0.0449447         0.00185658          0.0987143        2.03258e-06        8.58185e-20        5.91837e-21         1.0364e-18        2.31575e-18         0.00186929           0.119525        1.07107e-10        5.96182e-13        1.44118e-18            0.73276
103         0.00259972        2.51181e-05        4.28661e-06             101325           0.170658        4.28661e-06            1984.66                  0           0.986963             6.0798        1.76408e+07        5.45926e-05        5.49819e-06        0.000253903          0.0449091         0.00181977          0.0987578         1.9767e-06        6.22086e-20        4.24389e-21        7.48886e-19        1.64371e-18         0.00179445           0.119643        9.64229e-11        5.49928e-13        1.24776e-18            0.73276
104         0.00262484        2.51181e-05         4.2847e-06             101325           0.170582         4.2847e-06            1985.71                  0           0.987682              5.594        1.61817e+07        5.23688e-05        5.15744e-06        0.000243289          0.0448754         0.00178376          0.0987998         1.9235e-06        4.56253e-20        3.07449e-21        5.45503e-19        1.17366e-18          0.0017227           0.119755        8.68381e-11        5.07366e-13        1.08117e-18            0.73276
105         0.00264996        2.51181e-05        4.28287e-06             101325           0.170509        4.28287e-06            1986.72                  0           0.988373            5.14987        1.48404e+07        5.02447e-05        4.83948e-06        0.000233175          0.0448435         0.00174859          0.0988403        1.87295e-06        3.38805e-20        2.25173e-21        4.00733e-19        8.43124e-19         0.00165398           0.119863        7.82459e-11         4.6824e-13        9.37728e-19            0.73276
106         0.00267508        2.51181e-05        4.28112e-06             101325            0.17044        4.28112e-06            1987.68                  0           0.989035            4.74404        1.36088e+07        4.82182e-05        4.54306e-06        0.000223549          0.0448133         0.00171428          0.0988792        1.82501e-06        2.54886e-20         1.6683e-21        2.97022e-19        6.09415e-19         0.00158824           0.119967        7.05492e-11        4.32308e-13        8.14241e-19            0.73276
107         0.00270019        2.51181e-05        4.27944e-06             101325           0.170373        4.27944e-06             1988.6                  0           0.989669            4.37335        1.24788e+07        4.62869e-05        4.26698e-06        0.000214397          0.0447849         0.00168086          0.0989167        1.77962e-06         1.9436e-20        1.25114e-21         2.2223e-19        4.43265e-19         0.00152543           0.120065        6.36592e-11         3.9934e-13        7.07945e-19            0.73276
108         0.00272531        2.51181e-05        4.27784e-06             101325           0.170309        4.27784e-06            1989.48                  0           0.990276            4.03482        1.14429e+07        4.44485e-05        4.01007e-06        0.000205705          0.0447581         0.00164835          0.0989526        1.73674e-06        1.50269e-20        9.50247e-22        1.67923e-19        3.24494e-19         0.00146548            0.12016        5.74949e-11        3.69118e-13        6.16449e-19            0.73276
109         0.00275043        2.51181e-05        4.27632e-06             101325           0.170249        4.27632e-06            1990.32                  0           0.990855            3.72564         1.0494e+07        4.27006e-05         3.7712e-06         0.00019746          0.0447328         0.00161678          0.0989871        1.69631e-06        1.17812e-20          7.312e-22        1.28208e-19        2.39121e-19         0.00140833           0.120249        5.19828e-11        3.41436e-13        5.37685e-19            0.73276
110         0.00277555        2.51181e-05        4.27487e-06             101325           0.170191        4.27487e-06            1991.12                  0           0.991409            3.44322        9.62516e+06        4.10406e-05        3.54931e-06        0.000189646          0.0447091         0.00158617          0.0990201        1.65826e-06        9.36589e-21        5.70189e-22        9.89502e-20        1.77413e-19         0.00135391           0.120335        4.70559e-11          3.161e-13         4.6987e-19            0.73276
111         0.00280067        2.51181e-05        4.27349e-06             101325           0.170136        4.27349e-06            1991.88                  0           0.991937            3.18513        8.83013e+06        3.94659e-05        3.34335e-06        0.000182249          0.0446868         0.00155652          0.0990518        1.62252e-06        7.54799e-21        4.50638e-22        7.72306e-20        1.32558e-19         0.00130216           0.120416        4.26535e-11        2.92928e-13        4.11463e-19            0.73276
112         0.00282578        2.51181e-05        4.27217e-06             101325           0.170084        4.27217e-06            1992.61                  0           0.992439            2.94912        8.10288e+06        3.79738e-05        3.15233e-06        0.000175255          0.0446659         0.00152786           0.099082          1.589e-06        6.16384e-21         3.6094e-22        6.09791e-20        9.97698e-20         0.00125299           0.120493        3.87209e-11        2.71749e-13        3.61137e-19            0.73276
113          0.0028509        2.51181e-05        4.27093e-06             101325           0.170034        4.27093e-06            1993.29                  0           0.992917            2.73313         7.4378e+06        3.65616e-05        2.97529e-06        0.000168649          0.0446463         0.00150019          0.0991108        1.55764e-06        5.09757e-21        2.92916e-22        4.87193e-20        7.56646e-20         0.00120633           0.120567        3.52084e-11        2.52404e-13        3.17749e-19            0.73276
114         0.00287602        2.51181e-05        4.26975e-06             101325           0.169987        4.26975e-06            1993.95                  0           0.993372            2.53525        6.82965e+06        3.52265e-05        2.81134e-06        0.000162415           0.044628         0.00147352          0.0991384        1.52835e-06        4.26653e-21        2.40761e-22        3.93926e-20        5.78407e-20         0.00116211           0.120636        3.20715e-11        2.34744e-13        2.80316e-19            0.73276
115         0.00290114        2.51181e-05        4.26863e-06             101325           0.169942        4.26863e-06            1994.57                  0           0.993803            2.35373        6.27354e+06        3.39657e-05         2.6596e-06         0.00015654          0.0446108         0.00144786          0.0991646        1.50104e-06        3.61132e-21        2.00333e-22        3.22359e-20        4.45843e-20         0.00112024           0.120702        2.92701e-11        2.18629e-13        2.47995e-19            0.73276
116         0.00292626        2.51181e-05        4.26757e-06             101325             0.1699        4.26757e-06            1995.15                  0           0.994212            2.18698        5.76495e+06        3.27765e-05        2.51927e-06        0.000151008          0.0445948          0.0014232          0.0991895        1.47562e-06        3.08892e-21        1.68651e-22        2.66956e-20        3.46665e-20         0.00108064           0.120764         2.6768e-11        2.03931e-13        2.20061e-19            0.73276
117         0.00295138        2.51181e-05        4.26656e-06             101325            0.16986        4.26656e-06            1995.71                  0           0.994599            2.03355        5.29969e+06         3.1656e-05        2.38956e-06        0.000145805          0.0445799         0.00139955          0.0992132          1.452e-06        2.66791e-21        1.43552e-22        2.23682e-20        2.72021e-20         0.00104325           0.120823        2.45329e-11         1.9053e-13        1.95894e-19            0.73276
118         0.00297649        2.51181e-05        4.26562e-06             101325           0.169823        4.26562e-06            1996.23                  0           0.994965            1.89213         4.8739e+06        3.06015e-05        2.26974e-06        0.000140916          0.0445661          0.0013769          0.0992357        1.43009e-06        2.32511e-21         1.2346e-22        1.89575e-20          2.155e-20         0.00100796           0.120878        2.25358e-11        1.78316e-13        1.74959e-19            0.73276
119         0.00300161        2.51181e-05        4.26472e-06             101325           0.169787        4.26472e-06            1996.73                  0           0.995311            1.76154        4.48403e+06          2.961e-05        2.15913e-06        0.000136328          0.0445531         0.00135525           0.099257        1.40981e-06         2.0433e-21        1.07212e-22        1.62451e-20        1.72439e-20        0.000974709            0.12093        2.07509e-11        1.67188e-13        1.56802e-19            0.73276
120         0.00302673        2.51181e-05        4.26388e-06             101325           0.169753        4.26388e-06            1997.19                  0           0.995637            1.64073        4.12684e+06         2.8679e-05        2.05707e-06        0.000132026          0.0445411         0.00133458          0.0992772        1.39106e-06        1.80954e-21        9.39455e-23        1.40686e-20        1.39426e-20        0.000943407            0.12098         1.9155e-11         1.5705e-13        1.41033e-19            0.73276
121         0.00305185        2.51181e-05        4.26309e-06             101325           0.169722        4.26309e-06            1997.63                  0           0.995945            1.52875        3.79936e+06        2.78056e-05        1.96294e-06        0.000127996            0.04453         0.00131488          0.0992963        1.37374e-06        1.61403e-21        8.30144e-23        1.23067e-20        1.13956e-20        0.000913975           0.121026        1.77275e-11        1.47816e-13        1.27317e-19            0.73276
122         0.00307697        2.51181e-05        4.26235e-06             101325           0.169692        4.26235e-06            1998.05                  0           0.996235            1.42475        3.49889e+06        2.69873e-05        1.87618e-06        0.000124224          0.0445196         0.00129614          0.0993143        1.35779e-06        1.44927e-21        7.39302e-23        1.08681e-20        9.41798e-21        0.000886333           0.121069        1.64499e-11        1.39408e-13        1.15368e-19            0.73276
123         0.00310208        2.51181e-05        4.26165e-06             101325           0.169665        4.26165e-06            1998.43                  0           0.996507              1.328        3.22298e+06        2.62212e-05        1.79624e-06        0.000120699            0.04451         0.00127834          0.0993312         1.3431e-06        1.30946e-21        6.63208e-23        9.68367e-21        7.87241e-21        0.000860401            0.12111         1.5306e-11        1.31752e-13        1.04943e-19            0.73276
124          0.0031272        2.51181e-05        4.26099e-06             101325           0.169638        4.26099e-06             1998.8                  0           0.996763            1.23783        2.96941e+06         2.5505e-05        1.72262e-06        0.000117407          0.0445012         0.00126145          0.0993472        1.32959e-06        1.19007e-21           5.99e-23        8.70067e-21        6.65657e-21        0.000836102           0.121148        1.42812e-11        1.24782e-13        9.58311e-20            0.73276
125         0.00315232        2.51181e-05        4.26038e-06             101325           0.169614        4.26038e-06            1999.14                  0           0.997003            1.15366        2.73618e+06         2.4836e-05        1.65486e-06        0.000114336          0.0444929         0.00124547          0.0993623         1.3172e-06        1.08753e-21        5.44456e-23        7.87863e-21        5.69378e-21        0.000813359           0.121184        1.33625e-11        1.18436e-13        8.78543e-20            0.73276
126         0.00317744        2.51181e-05         4.2598e-06             101325           0.169591         4.2598e-06            1999.46                  0           0.997227            1.07499        2.52148e+06        2.42119e-05        1.59252e-06        0.000111473          0.0444853         0.00123036          0.0993764        1.30583e-06        9.99022e-22        4.97834e-23        7.18625e-21         4.9263e-21        0.000792096           0.121217        1.25385e-11         1.1266e-13        8.08591e-20            0.73276
127         0.00320256        2.51181e-05        4.25927e-06             101325            0.16957        4.25927e-06            1999.76                  0           0.997438            1.00137        2.32368e+06        2.36302e-05        1.53519e-06        0.000108808          0.0444783          0.0012161          0.0993897        1.29542e-06        9.22262e-22        4.57762e-23        6.59912e-21        4.31042e-21        0.000772241           0.121248        1.17988e-11        1.07402e-13        7.47143e-20            0.73276
128         0.00322767        2.51181e-05        4.25876e-06             101325            0.16955        4.25876e-06            2000.04                  0           0.997634           0.932413        2.14133e+06        2.30887e-05        1.48248e-06        0.000106329          0.0444719         0.00120266          0.0994021         1.2859e-06        8.55414e-22        4.23143e-23        6.09814e-21        3.81292e-21        0.000753722           0.121278        1.11346e-11        1.02616e-13        6.93073e-20            0.73276
129         0.00325279        2.51181e-05         4.2583e-06             101325           0.169531         4.2583e-06             2000.3                  0           0.997818           0.867779        1.97312e+06        2.25852e-05        1.43406e-06        0.000104025          0.0444659         0.00119002          0.0994137        1.27719e-06         7.9698e-22        3.93098e-23        5.66817e-21         3.4084e-21         0.00073647           0.121305        1.05377e-11         9.8261e-14        6.45415e-20            0.73276
130         0.00327791        2.51181e-05        4.25786e-06             101325           0.169514        4.25786e-06            2000.54                  0           0.997989            0.80717        1.81786e+06        2.21174e-05         1.3896e-06        0.000101887          0.0444604         0.00117816          0.0994246        1.26924e-06         7.4573e-22        3.66915e-23        5.29719e-21        3.07735e-21        0.000720418            0.12133         1.0001e-11        9.42974e-14        6.03342e-20            0.73276
131         0.00330303        2.51181e-05        4.25746e-06             101325           0.169498        4.25746e-06            2000.76                  0           0.998149            0.75033        1.67452e+06        2.16835e-05        1.34879e-06        9.99047e-05          0.0444554         0.00116703          0.0994347        1.26199e-06        7.00643e-22        3.44014e-23        4.97557e-21         2.8047e-21        0.000705501           0.121353        9.51822e-12        9.06909e-14        5.66141e-20            0.73276
132         0.00332815        2.51181e-05        4.25708e-06             101325           0.169483        4.25708e-06            2000.97                  0           0.998297           0.697033        1.54215e+06        2.12814e-05        1.31136e-06        9.80687e-05          0.0444507         0.00115662          0.0994442        1.25539e-06        6.60875e-22        3.23916e-23        4.69551e-21        2.57877e-21        0.000691656           0.121375         9.0837e-12        8.74101e-14        5.33199e-20            0.73276
133         0.00335326        2.51181e-05        4.25673e-06             101325           0.169469        4.25673e-06            2001.17                  0           0.998435           0.647079        1.41989e+06        2.09093e-05        1.27705e-06        9.63704e-05          0.0444465          0.0011469          0.0994529        1.24937e-06        6.25715e-22        3.06227e-23         4.4507e-21        2.39042e-21        0.000678825           0.121395        8.69249e-12        8.44263e-14         5.0399e-20            0.73276
134         0.00337838        2.51181e-05        4.25641e-06             101325           0.169456        4.25641e-06            2001.35                  0           0.998562           0.600295        1.30701e+06        2.05654e-05        1.24563e-06        9.48015e-05          0.0444426         0.00113783          0.0994611         1.2439e-06        5.94566e-22         2.9062e-23        4.23597e-21        2.23252e-21        0.000666951           0.121414        8.34019e-12        8.17137e-14         4.7806e-20            0.73276
135          0.0034035        2.51181e-05        4.25611e-06             101325           0.169444        4.25611e-06            2001.51                  0            0.99868           0.556525        1.20282e+06         2.0248e-05        1.21688e-06        9.33541e-05           0.044439          0.0011294          0.0994686        1.23893e-06        5.66925e-22        2.76819e-23        4.04706e-21        2.09942e-21        0.000655978           0.121431        8.02289e-12        7.92487e-14        4.55015e-20            0.73276
136         0.00342862        2.51181e-05        4.25584e-06             101325           0.169433        4.25584e-06            2001.67                  0            0.99879           0.515633        1.10671e+06        1.99556e-05        1.19059e-06        9.20209e-05          0.0444357         0.00112156          0.0994756        1.23442e-06        5.42362e-22        2.64594e-23        3.88045e-21        1.98668e-21        0.000645855           0.121447        7.73713e-12        7.70103e-14        4.34518e-20            0.73276
137         0.00345374        2.51181e-05        4.25558e-06             101325           0.169423        4.25558e-06            2001.81                  0           0.998891           0.477494        1.01815e+06        1.96867e-05        1.16659e-06         9.0795e-05          0.0444327         0.00111431          0.0994821        1.23033e-06        5.20514e-22         2.5375e-23        3.73322e-21        1.89074e-21        0.000636535           0.121462        7.47984e-12        7.49793e-14        4.16276e-20            0.73276
138         0.00347885        2.51181e-05        4.25535e-06             101325           0.169414        4.25535e-06            2001.94                  0           0.998983           0.441999             936632        1.94399e-05        1.14472e-06        8.96699e-05            0.04443          0.0011076           0.099488        1.22663e-06        5.01068e-22        2.44123e-23        3.60292e-21        1.80875e-21        0.000627971           0.121475        7.24832e-12        7.31386e-14        4.00037e-20            0.73276
139         0.00350397        2.51181e-05        4.25513e-06             101325           0.169405        4.25513e-06            2002.06                  0           0.999069           0.409051             861736        1.92138e-05        1.12481e-06        8.86398e-05          0.0444275         0.00110142          0.0994935        1.22328e-06        4.83758e-22        2.35572e-23        3.48749e-21        1.73845e-21        0.000620121           0.121487        7.04019e-12        7.14728e-14        3.85582e-20            0.73276
140         0.00352909        2.51181e-05        4.25494e-06             101325           0.169397        4.25494e-06            2002.17                  0           0.999147           0.378561             793072        1.90074e-05        1.10674e-06        8.76992e-05          0.0444252         0.00109574          0.0994985        1.22027e-06        4.68355e-22        2.27978e-23        3.38521e-21          1.678e-21        0.000612946           0.121499        6.85333e-12        6.99681e-14        3.72723e-20            0.73276
141         0.00355421        2.51181e-05        4.25476e-06             101325            0.16939        4.25476e-06            2002.27                  0           0.999219           0.350449             730293        1.88195e-05        1.09038e-06        8.68432e-05          0.0444232         0.00109054          0.0995031        1.21755e-06        4.54665e-22         2.2124e-23        3.29463e-21         1.6259e-21         0.00060641           0.121509        6.68591e-12        6.86123e-14        3.61299e-20            0.73276
142         0.00357933        2.51181e-05         4.2546e-06             101325           0.169384         4.2546e-06            2002.36                  0           0.999284           0.324646             673097        1.86492e-05        1.07562e-06        8.60672e-05          0.0444214          0.0010858          0.0995073        1.21512e-06        4.42522e-22        2.15272e-23        3.21452e-21        1.58097e-21        0.000600482           0.121518        6.53632e-12        6.73946e-14        3.51169e-20            0.73276
143         0.00360445        2.51181e-05        4.25445e-06             101325           0.169378        4.25445e-06            2002.44                  0           0.999343           0.301091             621219        1.84957e-05        1.06237e-06        8.53675e-05          0.0444197         0.00108151           0.099511        1.21295e-06        4.31782e-22        2.10001e-23        3.14386e-21        1.54221e-21        0.000595132           0.121527        6.40318e-12        6.63057e-14        3.42216e-20            0.73276
144         0.00362956        2.51181e-05        4.25432e-06             101325           0.169373        4.25432e-06            2002.51                  0           0.999396           0.279733             574433        1.83581e-05        1.05055e-06        8.47405e-05          0.0444182         0.00107765          0.0995144        1.21103e-06        4.22328e-22        2.05366e-23        3.08178e-21        1.50884e-21        0.000590335           0.121534         6.2853e-12        6.53375e-14        3.34339e-20            0.73276
145         0.00365468        2.51181e-05        4.25421e-06             101325           0.169368        4.25421e-06            2002.58                  0           0.999443           0.260527             532550        1.82358e-05        1.04008e-06        8.41834e-05          0.0444169         0.00107421          0.0995174        1.20933e-06         4.1406e-22        2.01317e-23        3.02759e-21        1.48023e-21        0.000586072           0.121541        6.18168e-12        6.44833e-14        3.27454e-20            0.73276
146          0.0036798        2.51181e-05         4.2541e-06             101325           0.169364         4.2541e-06            2002.63                  0           0.999486           0.243441             495416        1.81284e-05        1.03092e-06        8.36941e-05          0.0444158         0.00107117          0.0995201        1.20785e-06        4.06899e-22        1.97812e-23        2.98072e-21        1.45587e-21        0.000582325           0.121547        6.09153e-12        6.37375e-14        3.21493e-20            0.73276
147         0.00370492        2.51181e-05        4.25401e-06             101325           0.169361        4.25401e-06            2002.68                  0           0.999523           0.228451             462916        1.80356e-05        1.02301e-06         8.3271e-05          0.0444148         0.00106854          0.0995224        1.20659e-06        4.00779e-22         1.9482e-23        2.94072e-21        1.43535e-21        0.000579083           0.121552         6.0142e-12        6.30959e-14        3.16403e-20            0.73276
148         0.00373004        2.51181e-05        4.25394e-06             101325           0.169358        4.25394e-06            2002.72                  0           0.999554           0.215543             434972         1.7957e-05        1.01635e-06         8.2913e-05           0.044414         0.00106631          0.0995243        1.20552e-06        3.95656e-22        1.92316e-23        2.90726e-21        1.41839e-21         0.00057634           0.121556        5.94925e-12        6.25557e-14        3.12144e-20            0.73276
149         0.00375515        2.51181e-05        4.25388e-06             101325           0.169355        4.25388e-06            2002.76                  0           0.999581           0.204715             411546        1.78927e-05         1.0109e-06          8.262e-05          0.0444133         0.00106448          0.0995259        1.20465e-06        3.91499e-22        1.90286e-23        2.88013e-21        1.40476e-21        0.000574094            0.12156        5.89641e-12        6.21152e-14        3.08689e-20            0.73276
150         0.00378027        2.51181e-05        4.25383e-06             101325           0.169353        4.25383e-06            2002.78                  0           0.999603           0.195978             392640        1.78428e-05        1.00667e-06        8.23924e-05          0.0444128         0.00106305          0.0995271        1.20398e-06        3.88292e-22         1.8872e-23        2.85922e-21        1.39433e-21         0.00057235           0.121562        5.85556e-12        6.17742e-14        3.06025e-20            0.73276
151         0.00380539        2.51181e-05         4.2538e-06             101325           0.169352         4.2538e-06             2002.8                  0           0.999619           0.189355             378300        1.78075e-05        1.00369e-06        8.22315e-05          0.0444124         0.00106204           0.099528         1.2035e-06        3.86037e-22        1.87619e-23        2.84451e-21        1.38704e-21        0.000571116           0.121564        5.82679e-12        6.15336e-14        3.04152e-20            0.73276
152         0.00383051        2.51181e-05        4.25378e-06             101325           0.169351        4.25378e-06            2002.81                  0            0.99963           0.184883             368616        1.77872e-05        1.00198e-06        8.21391e-05          0.0444122         0.00106146          0.0995285        1.20323e-06        3.84745e-22        1.86989e-23        2.83609e-21        1.38288e-21        0.000570407           0.121565         5.8103e-12        6.13957e-14         3.0308e-20            0.73276
