# Time 0.00057
# eta = 0.002
# length = 0.000416806
#--- 	  	 LEM Line data  --- 
#(1) wafer              (2) x             (3) dx              (4) m              (5) p            (6) rho              (7) m              (8) T              (9) Z             (10) C          (11) dCdt       (12) heatRel                  (13) Y_H2                  (14) Y_H                  (15) Y_O                  (16) Y_O2                  (17) Y_OH                  (18) Y_H2O                  (19) Y_HO2                  (20) Y_CH2                  (21) Y_CH2(S)                  (22) Y_CH3                  (23) Y_CH4                  (24) Y_CO                  (25) Y_CO2                  (26) Y_HCO                  (27) Y_CH2O                  (28) Y_CH2OH                  (29) Y_N2
0         1.2559e-05        2.51181e-05        2.83815e-05             101325            1.12992        2.83815e-05            300.459                  0                  0                  0         5.0262e-12        2.31585e-08        3.45876e-17        2.45044e-12           0.222559         1.3544e-12        2.19326e-05        2.03907e-08        1.42737e-17        7.39574e-19        1.99439e-07           0.044632        7.33917e-07        2.56772e-05        9.95232e-18        9.08336e-08        1.61485e-21            0.73276
1        3.76771e-05        2.51181e-05        2.83615e-05             101325            1.12912        2.83615e-05            300.671                  0        0.000225848        1.09661e-07             2.8528        3.56694e-08        5.83543e-17        2.89744e-12           0.222542        1.99438e-12        3.21264e-05        2.93531e-08          3.006e-17        1.55882e-18         2.9368e-07          0.0446273        1.14298e-06        3.75192e-05        2.10799e-17         1.3746e-07        3.41912e-21            0.73276
2        6.27952e-05        2.51181e-05        2.83284e-05             101325            1.12781        2.83284e-05            301.022                  0        0.000319277        1.58834e-07            5.41722        5.87376e-08        9.66004e-17        3.02732e-12           0.222512        3.07503e-12        4.90344e-05        4.36365e-08         7.1901e-17        3.73484e-18        4.51878e-07          0.0446196        1.91322e-06        5.70363e-05        5.08802e-17        2.20451e-07        8.25611e-21            0.73276
3        8.79133e-05        2.51181e-05        2.82738e-05             101325            1.12564        2.82738e-05            301.603                  0        0.000487498        2.53265e-07             11.962         1.0051e-07        1.55382e-16        2.88251e-12           0.222463        4.91111e-12        7.71286e-05        6.67177e-08        1.82278e-16         9.4941e-18         7.1716e-07          0.0446067         3.3332e-06         8.9275e-05        1.30505e-16         3.6632e-07        2.12499e-20            0.73276
4        0.000113031        2.51181e-05        2.81877e-05             101325            1.12221        2.81877e-05            302.523                  0        0.000765499         4.2544e-07            28.1629         1.7323e-07         2.4235e-16        2.47772e-12           0.222384         7.9291e-12        0.000121824        1.02528e-07        4.66834e-16        2.44161e-17        1.14308e-06          0.0445861        5.85281e-06        0.000140209        3.39207e-16        6.12281e-07        5.57087e-20            0.73276
5         0.00013815        2.51181e-05        2.80564e-05             101325            1.11698        2.80564e-05            303.938                  0         0.00120565         7.4003e-07            67.3944        2.96723e-07        3.80232e-16        1.89642e-12           0.222264        1.28085e-11        0.000190766        1.56518e-07        1.18192e-15        6.21972e-17        1.80627e-06          0.0445542          1.022e-05         0.00021812        8.75037e-16        1.01585e-06        1.46086e-19            0.73276
6        0.000163268        2.51181e-05        2.78623e-05             101325            1.10925        2.78623e-05            306.054                  0         0.00188104        1.32776e-06            159.675        5.02258e-07        6.45518e-16        1.27226e-12           0.222083        2.06563e-11        0.000294391        2.36101e-07        2.93511e-15        1.55829e-16        2.81265e-06          0.0445063        1.76459e-05        0.000334049        2.22567e-15        1.66341e-06        3.81979e-19            0.73276
7        0.000188386        2.51181e-05        2.75838e-05             101325            1.09817        2.75838e-05            309.141                  0         0.00289024        2.46267e-06            369.441        8.37789e-07        1.26291e-15        7.36923e-13           0.221818        3.33381e-11        0.000446463        3.51234e-07        7.14232e-15        3.84003e-16        4.30365e-06          0.0444358        3.00402e-05        0.000502135        5.58428e-15        2.68081e-06        1.00083e-18            0.73276
8        0.000213504        2.51181e-05        2.71967e-05             101325            1.08275        2.71967e-05            313.537                  0         0.00436125        4.73699e-06            828.766        1.37459e-06        2.83026e-15        3.63964e-13           0.221439        5.41337e-11         0.00066448         5.1523e-07        1.70809e-14        9.34419e-16        6.46087e-06          0.0443345         5.0321e-05        0.000739674         1.3885e-14        4.24556e-06        2.65298e-18            0.73276
9        0.000238622        2.51181e-05        2.66763e-05             101325            1.06204        2.66763e-05            319.645                  0         0.00645367        9.46629e-06            1795.98        2.21484e-06        6.90085e-15        1.52364e-13            0.22091        8.90689e-11        0.000969789        7.45944e-07        4.03516e-14          2.259e-15         9.5077e-06          0.0441921        8.27912e-05         0.00106675        3.44487e-14        6.59868e-06        7.20069e-18            0.73276
10         0.00026374        2.51181e-05         2.6002e-05             101325            1.03519         2.6002e-05            327.923                  0         0.00935764        1.96543e-05            3753.58        3.49892e-06        1.75984e-14        5.46115e-14           0.220189        1.49605e-10         0.00138731        1.06758e-06        9.46982e-14         5.4607e-15         1.3706e-05          0.0439969        0.000133535         0.00150535        8.58964e-14        1.00536e-05         2.0247e-17            0.73276
11        0.000288858        2.51181e-05        2.51614e-05             101325            1.00172        2.51614e-05             338.86                  0          0.0132884        4.23376e-05            7564.38        5.41063e-06         4.6205e-14         1.8215e-14            0.21923        2.57962e-10         0.00194471        1.51339e-06        2.21747e-13        1.32592e-14        1.93466e-05          0.0437353         0.00021075          0.0020779        2.16442e-13        1.49983e-05        5.94515e-17            0.73276
12        0.000313976        2.51181e-05        2.41553e-05             101325            0.96167        2.41553e-05            352.946                  0          0.0184762          9.433e-05              14713         8.1777e-06        1.24179e-13        1.00448e-14           0.217987        4.57455e-10         0.00267116        2.12944e-06        5.18817e-13        3.23673e-14        2.67342e-05          0.0433931        0.000324895         0.00280551         5.5214e-13         2.1887e-05        1.82536e-16            0.73276
13        0.000339094        2.51181e-05        2.29999e-05             101325            0.91567        2.29999e-05            370.634                  0          0.0251521        0.000216235            27675.5        1.20657e-05        3.39471e-13        2.11979e-14           0.216411        8.31648e-10          0.0035957        2.97965e-06        1.20992e-12        7.91343e-14        3.61691e-05           0.042956        0.000488538         0.00370624        1.42193e-12        3.12194e-05        5.81994e-16            0.73276
14        0.000364212        2.51181e-05        2.17257e-05             101325           0.864941        2.17257e-05            392.311                  0          0.0335331        0.000505816            50494.1        1.73649e-05        9.35117e-13        7.83885e-14           0.214462         1.5374e-09         0.00474563        4.15166e-06        2.79546e-12        1.92195e-13        4.79294e-05          0.0424103        0.000715845         0.00479379        3.67081e-12          4.351e-05        1.90031e-15            0.73276
15         0.00038933        2.51181e-05        2.03732e-05             101325           0.811096        2.03732e-05            418.268                  0          0.0438082         0.00119405              89691        2.43718e-05        2.57131e-12         3.2302e-13           0.212101        2.85705e-09          0.0061452        5.76334e-06        6.34728e-12        4.58787e-13        6.22598e-05          0.0417436         0.00102177           0.006077        9.41155e-12        5.92523e-05        6.24753e-15            0.73276
16        0.000414449        2.51181e-05        1.89866e-05             101325           0.755892        1.89866e-05            448.694                  0          0.0561308         0.00280822             155762        3.33699e-05        7.02239e-12        1.38769e-12           0.209299        5.27122e-09         0.00781484        7.96932e-06        1.40485e-11        1.06489e-12        7.93695e-05          0.0409455         0.00142112         0.00756026        2.37486e-11        7.88864e-05        2.03809e-14            0.73276
17        0.000439567        2.51181e-05        1.76073e-05             101325            0.70098        1.76073e-05            483.679                  0          0.0706165         0.00649465             265645        4.46137e-05        1.91048e-11        6.06738e-12           0.206032        9.54999e-09         0.00977114        1.09669e-05         3.0138e-11        2.38388e-12        9.94401e-05          0.0400072         0.00192769         0.00924463          5.862e-11        0.000102776        6.55279e-14            0.73276
18        0.000464685        2.51181e-05        1.62695e-05             101325           0.647722        1.62695e-05            523.231                  0          0.0873489          0.0146046             446857        5.83185e-05        5.23677e-11        2.65547e-11           0.202281        1.68706e-08          0.0120273        1.50014e-05        6.26374e-11        5.13269e-12        0.000122641          0.0389217         0.00255368          0.0111293         1.4143e-10          0.0001312        2.08687e-13            0.73276
19        0.000489803        2.51181e-05        1.49983e-05             101325            0.59711        1.49983e-05            567.298                  0           0.106388          0.0316928             744725        7.46585e-05        1.46751e-10        1.14893e-10           0.198032        2.90431e-08          0.0145941        2.03693e-05        1.27189e-10        1.06918e-11        0.000149152          0.0376834         0.00330937          0.0132128        3.35629e-10        0.000164345        6.69078e-13            0.73276
20        0.000514921        2.51181e-05        1.38091e-05             101325           0.549766        1.38091e-05            615.788                  0            0.12778           0.066284        1.23664e+06        9.37692e-05        4.23911e-10        4.86155e-10           0.193272        4.91855e-08          0.0174805        2.74197e-05        2.57999e-10        2.19575e-11         0.00017918          0.0362873         0.00420321          0.0154944         7.9444e-10        0.000202319        2.20063e-12            0.73276
21        0.000540039        2.51181e-05        1.27098e-05             101325           0.506003        1.27098e-05            668.591                  0           0.151568            0.13478         2.0656e+06        0.000115754        1.25634e-09        1.99026e-09           0.187989        8.40059e-08          0.0206943        3.65492e-05        5.43599e-10        4.60473e-11         0.00021299          0.0347294         0.00524192          0.0179743        1.91231e-09        0.000245149        7.47812e-12            0.73276
22        0.000565157        2.51181e-05        1.17023e-05             101325           0.465892        1.17023e-05            725.589                  0           0.177793            0.27307        3.53059e+06        0.000140689          3.759e-09        7.79602e-09           0.182173        1.51186e-07          0.0242431        4.81847e-05         1.2451e-09        1.03144e-10        0.000250924          0.0330056         0.00643074          0.0206542        4.76488e-09        0.000292785         2.5938e-11            0.73276
23        0.000590275        2.51181e-05        1.07843e-05             101325           0.429345        1.07843e-05            786.664                  0           0.206505           0.576222        6.34063e+06        0.000168633        1.11298e-08        2.89156e-08           0.175813        3.01583e-07          0.0281336        6.27418e-05         3.1685e-09        2.54105e-10        0.000293442          0.0311122         0.00777359          0.0235369        1.23637e-08          0.0003451        8.96247e-11            0.73276
24        0.000615393        2.51181e-05        9.95114e-06             101325           0.396174        9.95114e-06            851.701                  0           0.237752            1.33268          1.231e+07        0.000199626         3.2068e-08        1.00723e-07             0.1689        6.80952e-07          0.0323713        8.05339e-05        8.75313e-09        6.80427e-10        0.000341183          0.0290459         0.00927307          0.0266256        3.30412e-08        0.000401885        3.01189e-10            0.73276
25        0.000640511        2.51181e-05        9.19669e-06             101325           0.366138        9.19669e-06            920.579                  0           0.271581            3.44468        2.61557e+07        0.000233693        8.89914e-08        3.27959e-07           0.161427        1.68846e-06          0.0369596        0.000101601        2.49961e-08        1.89692e-09        0.000395026          0.0268044          0.0109301          0.0299232        8.88732e-08        0.000462819        9.67605e-10            0.73276
26        0.000665629        2.51181e-05        8.51456e-06             101325           0.338981        8.51456e-06            993.159                  0           0.308023            9.62239        5.98386e+07        0.000270832         2.3685e-07        9.97244e-07           0.153397        4.35308e-06          0.0418968        0.000125413        7.06179e-08        5.26755e-09         0.00045606          0.0243872          0.0127432          0.0334307        2.34622e-07        0.000527413          2.941e-09            0.73276
27        0.000690748        2.51181e-05         7.8985e-06             101325           0.314454         7.8985e-06            1069.25                  0           0.347075            27.4264        1.42295e+08        0.000310979        6.03983e-07        2.83742e-06           0.144821        1.11571e-05          0.0471721        0.000150402         1.9188e-07        1.41336e-08        0.000525154          0.0217979          0.0147067          0.0371453        5.95445e-07         0.00059484         8.4049e-09            0.73276
28        0.000715866        2.51181e-05        7.34292e-06             101325           0.292336        7.34292e-06            1148.56                  0            0.38867            76.1103        3.39223e+08        0.000353985        1.47471e-06        7.58196e-06           0.135726         2.7689e-05          0.0527651        0.000173442        4.93404e-07        3.59945e-08        0.000601573           0.019045          0.0168107          0.0410629         1.4313e-06        0.000663614        2.24891e-08           0.732759
29        0.000740984        2.51181e-05        6.84329e-06             101325           0.272445        6.84329e-06            1230.56                  0           0.432685            199.735        7.87927e+08        0.000399457        3.43633e-06        1.90891e-05           0.126147        6.55836e-05          0.0586382        0.000189637         1.1868e-06        8.59257e-08        0.000679808          0.0161474          0.0190371          0.0451791        3.21948e-06         0.00073074        5.60348e-08           0.732758
30        0.000766102        2.51181e-05        6.39681e-06             101325           0.254669        6.39681e-06            1314.32                  0            0.47891            485.984        1.74166e+09         0.00044631        7.58075e-06        4.53092e-05           0.116163          0.0001467          0.0647134        0.000193429        2.62988e-06        1.89315e-07         0.00074446          0.0131496          0.0213467          0.0494863        6.67535e-06        0.000789736         1.2851e-07           0.732758
31         0.00079122        2.51181e-05        6.00337e-06             101325           0.239006        6.00337e-06            1398.03                  0           0.526891            1074.62         3.5721e+09        0.000491819        1.56164e-05        0.000101067           0.105936        0.000306337          0.0708332        0.000181487        5.22327e-06        3.74706e-07        0.000766738          0.0101444          0.0236524          0.0539686         1.2454e-05        0.000827039        2.64505e-07           0.732757
32        0.000816338        2.51181e-05        5.66656e-06             101325           0.225597        5.66656e-06             1478.5                  0           0.575702            2103.65        6.57789e+09        0.000530144        2.94383e-05         0.00021018          0.0957919        0.000588247          0.0767145         0.00015516        8.85029e-06         6.3514e-07        0.000713257         0.00729715          0.0257716          0.0585946         2.0111e-05        0.000818528        4.65394e-07           0.732756
33        0.000841456        2.51181e-05        5.39291e-06             101325           0.214702        5.39291e-06            1550.99                  0           0.623668            3524.77        1.04008e+10        0.000551861        4.95727e-05        0.000401634          0.0862705         0.00102046          0.0819454        0.000120419        1.19332e-05        8.62286e-07        0.000576805         0.00483347          0.0273933           0.063305         2.6715e-05        0.000737037         6.5255e-07           0.732756
34        0.000866574        2.51181e-05        5.18666e-06             101325           0.206491        5.18666e-06            1610.68                  0           0.668358            4894.55        1.34257e+10        0.000548916        7.33619e-05        0.000689854          0.0780103         0.00157653          0.0861189        8.56854e-05        1.22284e-05        8.96514e-07        0.000401259         0.00294787          0.0281671          0.0680004        2.81175e-05        0.000583322        6.95908e-07           0.732756
35        0.000891692        2.51181e-05        5.04231e-06             101325           0.200744        5.04231e-06             1655.7                  0           0.707378            5581.89        1.37958e+10         0.00052421        9.60791e-05         0.00104396          0.0714284         0.00216691          0.0890645        5.76755e-05        9.82918e-06         7.3438e-07        0.000247162         0.00168184          0.0279507          0.0725429        2.37432e-05         0.00040485        5.81267e-07           0.732756
36         0.00091681        2.51181e-05        4.94498e-06             101325           0.196869        4.94498e-06            1688.11                  0           0.739655            5381.21        1.16459e+10        0.000490745        0.000114399         0.00139548          0.0665199         0.00269499          0.0909261        3.84952e-05        6.69613e-06        5.09946e-07        0.000141153        0.000918701          0.0269293          0.0767947        1.70046e-05        0.000254067        4.09581e-07           0.732757
37        0.000941929        2.51181e-05        4.87826e-06             101325           0.194213        4.87826e-06            1711.68                  0           0.765702            4637.01        8.63277e+09        0.000460098        0.000127516         0.00168786          0.0629769         0.00311328           0.092009        2.66729e-05        4.15521e-06        3.21769e-07        7.75385e-05        0.000489935          0.0254422           0.080665         1.0985e-05        0.000149799        2.61243e-07           0.732758
38        0.000967047        2.51181e-05        4.82991e-06             101325           0.192288        4.82991e-06            1729.69                  0           0.786763            3775.31        6.01056e+09        0.000436843        0.000136019         0.00190112          0.0604211         0.00342217          0.0926058        1.97623e-05        2.45685e-06        1.92901e-07        4.18297e-05        0.000258221          0.0237811          0.0841223        6.69263e-06        8.53267e-05        1.57881e-07           0.732758
39        0.000992165        2.51181e-05        4.79237e-06             101325           0.190793        4.79237e-06            1744.32                  0           0.804059            3019.11        4.15388e+09        0.000420677         0.00014085         0.00204109          0.0585373         0.00364253           0.092927        1.57837e-05         1.4173e-06        1.12552e-07        2.23984e-05        0.000135438          0.0221278          0.0871766         3.9482e-06        4.77256e-05        9.26913e-08           0.732759
40         0.00101728        2.51181e-05        4.76137e-06             101325            0.18956        4.76137e-06            1756.84                  0           0.818534            2423.38        2.96568e+09        0.000409607        0.000142885         0.00212292           0.057103          0.0037972          0.0931041        1.34645e-05        8.07586e-07        6.47358e-08        1.19717e-05        7.09723e-05          0.0205748            0.08986        2.28974e-06         2.6452e-05        5.35762e-08           0.732759
41          0.0010424        2.51181e-05        4.73459e-06             101325           0.188493        4.73459e-06            1767.97                  0           0.830861            1971.07        2.23695e+09        0.000401618        0.000142832         0.00216199          0.0559721         0.00390459          0.0932132        1.20629e-05        4.57564e-07        3.69622e-08        6.40731e-06        3.72425e-05          0.0191598          0.0922121        1.31777e-06        1.46038e-05        3.07137e-08           0.732759
42         0.00106752        2.51181e-05        4.71074e-06             101325           0.187544        4.71074e-06            1778.09                  0           0.841513            1628.32         1.7908e+09        0.000395193        0.000141243         0.00217075          0.0550513         0.00397802          0.0932956        1.11661e-05        2.58756e-07        2.10346e-08        3.44024e-06        1.95979e-05           0.017891          0.0942741        7.57724e-07        8.05584e-06        1.75372e-08           0.732759
43         0.00109264        2.51181e-05        4.68907e-06             101325           0.186681        4.68907e-06            1787.45                  0           0.850825            1364.77        1.50901e+09         0.00038935        0.000138538         0.00215844          0.0542809         0.00402671          0.0933725        1.05488e-05        1.46371e-07        1.19592e-08        1.85521e-06        1.03515e-05          0.0167618          0.0960844         4.3793e-07        4.44844e-06         9.9988e-09            0.73276
44         0.00111776        2.51181e-05        4.66915e-06             101325           0.185888        4.66915e-06            1796.17                  0           0.859044            1157.88        1.32056e+09        0.000383519        0.000135037         0.00213163          0.0536221         0.00405701          0.0934538        1.00889e-05        8.29296e-08        6.80267e-09        1.00554e-06        5.49145e-06          0.0157597          0.0976781        2.56045e-07        2.46188e-06        5.70101e-09            0.73276
45         0.00114287        2.51181e-05        4.65071e-06             101325           0.185154        4.65071e-06            1804.35                  0           0.866355             992.08         1.1851e+09        0.000377409        0.000130985         0.00209495          0.0530491         0.00407333          0.0935435        9.72048e-06        4.70951e-08        3.87466e-09        5.48024e-07        2.92714e-06          0.0148701          0.0990862        1.52611e-07        1.36647e-06        3.25365e-09            0.73276
46         0.00116799        2.51181e-05        4.63354e-06             101325            0.18447        4.63354e-06            1812.04                  0           0.872907            856.804        1.08041e+09        0.000370902        0.000126567         0.00205159          0.0525439         0.00407878          0.0936423         9.4073e-06        2.68182e-08        2.21097e-09        3.00396e-07        1.56819e-06          0.0140784           0.100336        9.35941e-08        7.61034e-07        1.85969e-09            0.73276
47         0.00119311        2.51181e-05        4.61749e-06             101325           0.183831        4.61749e-06             1819.3                  0           0.878815            744.841        9.94397e+08        0.000363985        0.000121926         0.00200381          0.0520938         0.00407561          0.0937496        9.12939e-06        1.53164e-08         1.2643e-09        1.65626e-07        8.44577e-07          0.0133714            0.10145        5.96828e-08        4.25387e-07        1.06489e-09            0.73276
48         0.00121823        2.51181e-05        4.60245e-06             101325           0.183233        4.60245e-06            1826.17                  0           0.884177            651.153        9.20505e+08        0.000356695        0.000117168         0.00195323          0.0516891          0.0040655          0.0938639        8.87539e-06        8.77363e-09        7.24596e-10        9.18549e-08        4.57315e-07           0.012737           0.102448        3.99678e-08        2.38669e-07        6.10979e-10            0.73276
49         0.00124335        2.51181e-05        4.58832e-06             101325            0.18267        4.58832e-06            1832.68                  0            0.88907            572.103        8.55114e+08        0.000349096        0.000112375         0.00190098          0.0513226         0.00404973          0.0939838        8.63869e-06        5.04069e-09         4.1624e-10         5.1237e-08        2.48976e-07           0.012165           0.103348        2.83011e-08        1.34418e-07        3.51273e-10            0.73276
50         0.00126846        2.51181e-05          4.575e-06             101325            0.18214          4.575e-06            1838.86                  0           0.893562            504.978        7.96167e+08        0.000341258        0.000107609          0.0018479          0.0509884         0.00402929          0.0941078        8.41526e-06        2.90439e-09        2.39659e-10        2.87418e-08        1.36292e-07          0.0116464           0.104163         2.1219e-08         7.5991e-08         2.0238e-10            0.73276
51         0.00129358        2.51181e-05        4.56243e-06             101325           0.181639        4.56243e-06            1844.73                  0           0.897706            447.687        7.42434e+08        0.000333251        0.000102913         0.00179459          0.0506819         0.00400499          0.0942345        8.20254e-06        1.67816e-09        1.38304e-10        1.62113e-08        7.50145e-08          0.0111735           0.104906        1.67684e-08        4.31215e-08         1.1684e-10            0.73276
52          0.0013187        2.51181e-05        4.55053e-06             101325           0.181165        4.55053e-06            1850.33                  0           0.901551            398.575        6.93122e+08        0.000325138        9.83211e-05          0.0017415          0.0503993         0.00397745          0.0943629        7.99878e-06        9.72245e-10        7.99924e-11        9.19199e-09        4.15107e-08            0.01074           0.105587        1.38453e-08        2.45603e-08        6.75927e-11            0.73276
53         0.00134382        2.51181e-05        4.53926e-06             101325           0.180717        4.53926e-06            1855.67                  0           0.905135            356.309        6.47676e+08        0.000316973        9.38554e-05         0.00168894          0.0501373         0.00394721          0.0944921        7.80278e-06        5.64727e-10         4.6368e-11         5.2384e-09         2.3093e-08          0.0103402           0.106216        1.18231e-08        1.40401e-08        3.91818e-11            0.73276
54         0.00136894        2.51181e-05        4.52854e-06             101325            0.18029        4.52854e-06            1860.77                  0           0.908492            319.795        6.05674e+08        0.000308803        8.95316e-05         0.00163715          0.0498934         0.00391471          0.0946211        7.61359e-06        3.28836e-10        2.69355e-11        2.99979e-09        1.29141e-08         0.00996958           0.106798        1.03448e-08        8.05579e-09        2.27579e-11            0.73276
55         0.00139405        2.51181e-05        4.51835e-06             101325           0.179884        4.51835e-06            1865.66                  0           0.911649             288.13        5.66774e+08        0.000300665        8.53592e-05          0.0015863          0.0496654         0.00388029          0.0947496        7.43049e-06         1.9194e-10        1.56805e-11        1.72581e-09        7.25882e-09         0.00962411           0.107341        9.20474e-09        4.63974e-09        1.32446e-11            0.73276
56         0.00141917        2.51181e-05        4.50864e-06             101325           0.179498        4.50864e-06            1870.34                  0           0.914632            260.562        5.30685e+08        0.000292589        8.13437e-05          0.0015365          0.0494512         0.00384427          0.0948769        7.25291e-06        1.12297e-10         9.1477e-12        9.97297e-10        4.10046e-09         0.00930046            0.10785        8.28362e-09        2.68301e-09         7.7233e-12            0.73276
57         0.00144429        2.51181e-05        4.49936e-06             101325           0.179128        4.49936e-06            1874.84                  0           0.917462            236.464        4.97154e+08          0.0002846         7.7487e-05         0.00148784          0.0492494         0.00380689          0.0950027        7.08034e-06        6.58521e-11         5.3479e-12        5.78766e-10        2.32764e-09          0.0089958           0.108328        7.51094e-09        1.55838e-09        4.51262e-12            0.73276
58         0.00146941        2.51181e-05        4.49049e-06             101325           0.178775        4.49049e-06            1879.16                  0           0.920154            215.308        4.65955e+08        0.000276716        7.37886e-05         0.00144036          0.0490585         0.00376835          0.0951268        6.91236e-06        3.87043e-11        3.13314e-12        3.37255e-10        1.32758e-09         0.00870771           0.108781        6.84422e-09        9.09838e-10        2.64198e-12            0.73276
59         0.00149453        2.51181e-05        4.48199e-06             101325           0.178437        4.48199e-06            1883.32                  0           0.922726            196.655        4.36887e+08        0.000268952        7.02461e-05         0.00139408          0.0488773         0.00372885          0.0952489        6.74862e-06           2.28e-11        1.83955e-12        1.97303e-10        7.60724e-10         0.00843417           0.109211        6.25711e-09        5.34566e-10        1.54997e-12            0.73276
60         0.00151964        2.51181e-05        4.47383e-06             101325           0.178112        4.47383e-06            1887.32                  0           0.925189            180.134        4.09769e+08        0.000261316         6.6856e-05         0.00134901          0.0487048         0.00368852           0.095369        6.58878e-06        1.34618e-11        1.08242e-12        1.15871e-10        4.37891e-10         0.00817342            0.10962        5.73273e-09        3.16656e-10        9.11258e-13            0.73276
61         0.00154476        2.51181e-05          4.466e-06             101325             0.1778          4.466e-06            1891.19                  0           0.927555            165.434        3.84437e+08        0.000253816        6.36137e-05         0.00130516          0.0485402         0.00364748          0.0954869        6.43258e-06        7.96661e-12        6.38346e-13        6.83039e-11        2.53186e-10         0.00792399           0.110012        5.25976e-09        1.89644e-10        5.36928e-13            0.73276
62         0.00156988        2.51181e-05        4.45846e-06             101325             0.1775        4.45846e-06            1894.93                  0           0.929834            152.295        3.60745e+08        0.000246458        6.05142e-05          0.0012625          0.0483827         0.00360584          0.0956025        6.27977e-06        4.72571e-12        3.77328e-13        4.04122e-11        1.47032e-10         0.00768462           0.110388        4.83025e-09        1.15304e-10        3.17098e-13            0.73276
63           0.001595        2.51181e-05         4.4512e-06             101325           0.177211         4.4512e-06            1898.55                  0           0.932033            140.497        3.38561e+08        0.000239243         5.7552e-05         0.00122101          0.0482316         0.00356368           0.095716        6.13012e-06           2.81e-12        2.23571e-13         2.3997e-11        8.57549e-11         0.00745423            0.11075        4.43836e-09        7.15781e-11        1.87728e-13            0.73276
64         0.00162012        2.51181e-05         4.4442e-06             101325           0.176932         4.4442e-06            1902.05                  0           0.934161            129.857        3.17766e+08        0.000232173        5.47216e-05         0.00118068          0.0480864         0.00352108          0.0958272        5.98343e-06        1.67502e-12        1.32795e-13        1.43009e-11         5.0229e-11         0.00723191             0.1111        4.07961e-09        4.57033e-11        1.11427e-13            0.73276
65         0.00164524        2.51181e-05        4.43744e-06             101325           0.176663        4.43744e-06            1905.44                  0           0.936224            120.218        2.98254e+08        0.000225248        5.20174e-05         0.00114146          0.0479465         0.00347809          0.0959361        5.83955e-06        1.00101e-12        7.90778e-14        8.55317e-12        2.95448e-11         0.00701688           0.111438        3.75039e-09        3.02718e-11        6.63233e-14            0.73276
66         0.00167035        2.51181e-05        4.43091e-06             101325           0.176403        4.43091e-06            1908.73                  0           0.938226             111.45        2.79926e+08        0.000218467        4.94338e-05         0.00110333          0.0478116         0.00343476          0.0960429         5.6983e-06        5.99788e-13        4.72143e-14        5.13393e-12        1.74513e-11         0.00680845           0.111765        3.44774e-09        2.09719e-11        3.95971e-14            0.73276
67         0.00169547        2.51181e-05        4.42459e-06             101325           0.176152        4.42459e-06            1911.93                  0           0.940172            103.443        2.62698e+08        0.000211829        4.69654e-05         0.00106626          0.0476813         0.00339114          0.0961475        5.55956e-06        3.60359e-13         2.8267e-14        3.09271e-12        1.03512e-11         0.00660607           0.112083        3.16914e-09        1.52861e-11        2.37204e-14            0.73276
68         0.00172059        2.51181e-05        4.41847e-06             101325           0.175908        4.41847e-06            1915.03                  0           0.942068            96.1045         2.4649e+08        0.000205332        4.46071e-05         0.00103021          0.0475553         0.00334727            0.09625        5.42321e-06        2.17116e-13        1.69713e-14        1.86985e-12        6.16538e-12         0.00640924           0.112392        2.91242e-09        1.17406e-11        1.42636e-14            0.73276
69         0.00174571        2.51181e-05        4.41255e-06             101325           0.175672        4.41255e-06            1918.05                  0           0.943915             89.355        2.31231e+08        0.000198975         4.2354e-05         0.00099516          0.0474332         0.00330316          0.0963505        5.28915e-06        1.31191e-13        1.02194e-14        1.13467e-12         3.6876e-12         0.00621755           0.112694         2.6757e-09        9.46967e-12        8.61436e-15            0.73276
70         0.00177083        2.51181e-05         4.4068e-06             101325           0.175443         4.4068e-06            1920.99                  0           0.945717            83.1283        2.16858e+08        0.000192754        4.02012e-05        0.000961075          0.0473149         0.00325886          0.0964489        5.15728e-06        7.95093e-14        6.17239e-15        6.91112e-13        2.21486e-12         0.00603064           0.112987         2.4573e-09        7.96315e-12        5.22916e-15            0.73276
71         0.00179594        2.51181e-05        4.40122e-06             101325           0.175221        4.40122e-06            1923.84                  0           0.947477            77.3677        2.03313e+08        0.000186668        3.81444e-05        0.000927926          0.0472001         0.00321438          0.0965453        5.02754e-06        4.83362e-14        3.73975e-15        4.22537e-13         1.3359e-12         0.00584821           0.113274        2.25573e-09        6.91945e-12        3.19365e-15            0.73276
72         0.00182106        2.51181e-05        4.39581e-06             101325           0.175006        4.39581e-06            1926.63                  0           0.949197            72.0251        1.90542e+08        0.000180715        3.61792e-05        0.000895686          0.0470887         0.00316974          0.0966399        4.89987e-06        2.94789e-14        2.27319e-15        2.59325e-13        8.09179e-13            0.00567           0.113554        2.06965e-09        6.15953e-12        1.96501e-15            0.73276
73         0.00184618        2.51181e-05        4.39056e-06             101325           0.174797        4.39056e-06            1929.34                  0           0.950879            67.0596        1.78499e+08        0.000174892        3.43018e-05        0.000864331          0.0469806         0.00312497          0.0967325        4.77421e-06        1.80374e-14        1.38637e-15        1.59778e-13         4.9223e-13         0.00549582           0.113828        1.89787e-09        5.57668e-12        1.22017e-15            0.73276
74          0.0018713        2.51181e-05        4.38545e-06             101325           0.174593        4.38545e-06            1931.98                  0           0.952524            62.4358        1.67139e+08        0.000169198        3.25084e-05        0.000833835          0.0468754         0.00308009          0.0968233        4.65053e-06         1.1074e-14        8.48425e-16        9.88341e-14         3.0072e-13         0.00532546           0.114095        1.73928e-09        5.10695e-12        7.66343e-16            0.73276
75         0.00189642        2.51181e-05        4.38049e-06             101325           0.174396        4.38049e-06            1934.56                  0           0.954133            58.1236        1.56422e+08         0.00016363        3.07955e-05        0.000804178          0.0467733          0.0030351          0.0969123         4.5288e-06        6.82252e-15        5.21051e-16        6.13828e-14        1.84521e-13          0.0051588           0.114357         1.5929e-09        4.71181e-12        4.88167e-16            0.73276
76         0.00192153        2.51181e-05        4.37566e-06             101325           0.174204        4.37566e-06            1937.07                  0           0.955709            54.0968        1.46312e+08        0.000158188        2.91598e-05        0.000775337           0.046674         0.00299004          0.0969995          4.409e-06        4.21825e-15        3.21161e-16        3.82795e-14        1.13721e-13         0.00499571           0.114613        1.45783e-09        4.36781e-12        3.16426e-16            0.73276
77         0.00194665        2.51181e-05        4.37097e-06             101325           0.174017        4.37097e-06            1939.52                  0           0.957252            50.3327        1.36776e+08        0.000152869        2.75982e-05        0.000747295          0.0465775         0.00294492           0.097085        4.29113e-06        2.61763e-15        1.98691e-16        2.39715e-14        7.03987e-14         0.00483608           0.114864        1.33324e-09        4.06058e-12        2.09456e-16            0.73276
78         0.00197177        2.51181e-05        4.36641e-06             101325           0.173835        4.36641e-06             1941.9                  0           0.958762            46.8117        1.27782e+08        0.000147673        2.61078e-05        0.000720034          0.0464837         0.00289976          0.0971687        4.17519e-06        1.63047e-15        1.23393e-16        1.50753e-14        4.37767e-14         0.00467984            0.11511        1.21836e-09        3.78116e-12        1.42097e-16            0.73276
79         0.00199689        2.51181e-05        4.36197e-06             101325           0.173658        4.36197e-06            1944.23                  0           0.960241            43.5162        1.19301e+08        0.000142598        2.46858e-05        0.000693537          0.0463926         0.00285457          0.0972508        4.06119e-06         1.0195e-15          7.693e-17        9.52163e-15        2.73462e-14         0.00452694            0.11535         1.1125e-09        3.52388e-12         9.9104e-17            0.73276
80         0.00202201        2.51181e-05        4.35766e-06             101325           0.173487        4.35766e-06             1946.5                  0           0.961689            40.4311        1.11307e+08        0.000137644        2.33296e-05        0.000667791          0.0463041         0.00280939          0.0973312        3.94914e-06        6.39976e-16         4.8154e-17        6.04031e-15        1.71613e-14         0.00437731           0.115585        1.01501e-09        3.28505e-12        7.12026e-17            0.73276
81         0.00204712        2.51181e-05        4.35346e-06             101325            0.17332        4.35346e-06            1948.71                  0           0.963106            37.5426        1.03775e+08        0.000132808        2.20368e-05         0.00064278          0.0462182         0.00276422            0.09741        3.83908e-06        4.03354e-16        3.02649e-17        3.84895e-15        1.08201e-14         0.00423094           0.115815        9.25299e-10         3.0622e-12        5.27276e-17            0.73276
82         0.00207224        2.51181e-05        4.34938e-06             101325           0.173157        4.34938e-06            1950.87                  0           0.964492            34.8384        9.66825e+07        0.000128092         2.0805e-05        0.000618493          0.0461347         0.00271911          0.0974871        3.73102e-06        2.55265e-16        1.91009e-17        2.46371e-15        6.85419e-15         0.00408779            0.11604          8.428e-10         2.8536e-12        4.02015e-17            0.73276
83         0.00209736        2.51181e-05        4.34542e-06             101325           0.172999        4.34542e-06            1952.97                  0           0.965848            32.3076        9.00065e+07        0.000123493        1.96319e-05        0.000594918          0.0460538         0.00267406          0.0975626          3.625e-06        1.62226e-16        1.21063e-17        1.58429e-15         4.3627e-15         0.00394785            0.11626        7.67001e-10        2.65799e-12        3.14777e-17            0.73276
84         0.00212248        2.51181e-05        4.34156e-06             101325           0.172846        4.34156e-06            1955.01                  0           0.967174            29.9399        8.37269e+07        0.000119012        1.85154e-05        0.000572044          0.0459753         0.00262911          0.0976365        3.52106e-06        1.03541e-16         7.7065e-18        1.02355e-15        2.79031e-15         0.00381112           0.116475         6.9742e-10        2.47441e-12        2.52228e-17            0.73276
85          0.0021476        2.51181e-05        4.33782e-06             101325           0.172697        4.33782e-06               1957                  0            0.96847            27.7263        7.78242e+07        0.000114648        1.74535e-05        0.000549861          0.0458993         0.00258428          0.0977088        3.41925e-06        6.63764e-17        4.92747e-18        6.64419e-16        1.79337e-15         0.00367759           0.116684        6.33609e-10        2.30207e-12        2.06017e-17            0.73276
86         0.00217272        2.51181e-05        4.33418e-06             101325           0.172552        4.33418e-06            1958.94                  0           0.969736             25.658        7.22801e+07        0.000110401        1.64441e-05         0.00052836          0.0458258          0.0025396          0.0977795        3.31961e-06        4.27431e-17        3.16487e-18        4.33377e-16        1.15833e-15         0.00354726           0.116889        5.75147e-10        2.14032e-12        1.70866e-17            0.73276
87         0.00219783        2.51181e-05        4.33065e-06             101325           0.172412        4.33065e-06            1960.83                  0           0.970972            23.7271        6.70769e+07         0.00010627        1.54854e-05        0.000507531          0.0457546          0.0024951          0.0978486        3.22219e-06        2.76517e-17         2.0422e-18        2.84062e-16        7.51903e-16         0.00342015           0.117089        5.21642e-10        1.98858e-12        1.43398e-17            0.73276
88         0.00222295        2.51181e-05        4.32722e-06             101325           0.172275        4.32722e-06            1962.66                  0           0.972178            21.9261         6.2198e+07        0.000102255        1.45755e-05        0.000487365          0.0456858         0.00245082          0.0979161        3.12703e-06        1.79736e-17        1.32402e-18        1.87119e-16        4.90551e-16         0.00329625           0.117283        4.72726e-10        1.84632e-12        1.21422e-17            0.73276
89         0.00224807        2.51181e-05         4.3239e-06             101325           0.172143         4.3239e-06            1964.44                  0           0.973354            20.2479        5.76273e+07        9.83561e-05        1.37126e-05        0.000467855          0.0456194         0.00240678          0.0979821         3.0342e-06          1.174e-17         8.6258e-19        1.23885e-16        3.21678e-16         0.00317558           0.117473        4.28057e-10        1.71306e-12        1.03488e-17            0.73276
90         0.00227319        2.51181e-05        4.32068e-06             101325           0.172015        4.32068e-06            1966.17                  0             0.9745            18.6859        5.33495e+07        9.45724e-05         1.2895e-05        0.000448991          0.0455553         0.00236302          0.0980464        2.94373e-06        7.70716e-18        5.64768e-19        8.24417e-17        2.12029e-16         0.00305816           0.117658        3.87311e-10        1.58836e-12        8.86192e-18            0.73276
91         0.00229831        2.51181e-05        4.31756e-06             101325            0.17189        4.31756e-06            1967.85                  0           0.975615            17.2335        4.93499e+07        9.09035e-05         1.2121e-05        0.000430766          0.0454935         0.00231957          0.0981092        2.85567e-06        5.08621e-18        3.71682e-19        5.51503e-17        1.40485e-16         0.00294397           0.117837        3.50187e-10        1.47177e-12        7.61399e-18            0.73276
92         0.00232342        2.51181e-05        4.31454e-06             101325            0.17177        4.31454e-06            1969.48                  0             0.9767            15.8848        4.56143e+07        8.73492e-05        1.13888e-05        0.000413172          0.0454341         0.00227646          0.0981703        2.77008e-06        3.37493e-18        2.45912e-19        3.70907e-17        9.35715e-17         0.00283304           0.118011        3.16403e-10        1.36289e-12        6.55691e-18            0.73276
93         0.00234854        2.51181e-05        4.31161e-06             101325           0.171654        4.31161e-06            1971.06                  0           0.977755            14.6337         4.2129e+07        8.39088e-05        1.06968e-05        0.000396199          0.0453769         0.00223374          0.0982299        2.68699e-06        2.25226e-18        1.63599e-19        2.50813e-17        6.26556e-17         0.00272537            0.11818        2.85695e-10        1.26132e-12        5.65545e-18            0.73276
94         0.00237366        2.51181e-05        4.30879e-06             101325           0.171541        4.30879e-06            1972.59                  0            0.97878            13.4748        3.88809e+07        8.05818e-05        1.00435e-05        0.000379839           0.045322         0.00219144          0.0982879        2.60645e-06        1.51214e-18        1.09465e-19        1.70552e-17        4.21794e-17         0.00262095           0.118344        2.57816e-10        1.16668e-12        4.88302e-18            0.73276
95         0.00239878        2.51181e-05        4.30605e-06             101325           0.171432        4.30605e-06            1974.07                  0           0.979774            12.4024        3.58574e+07        7.73674e-05        9.42729e-06        0.000364084          0.0452694         0.00214959          0.0983444         2.5285e-06        1.02174e-18        7.36849e-20         1.1664e-17        2.85485e-17          0.0025198           0.118503        2.32534e-10        1.07859e-12        4.21898e-18            0.73276
96          0.0024239        2.51181e-05        4.30342e-06             101325           0.171327        4.30342e-06             1975.5                  0           0.980738            11.4115        3.30461e+07        7.42648e-05        8.84657e-06        0.000348925          0.0452189         0.00210824          0.0983992        2.45316e-06        6.95099e-19        4.99148e-20        8.02414e-18        1.94283e-17         0.00242189           0.118657        2.09636e-10        9.96702e-13        3.64691e-18            0.73276
97         0.00244901        2.51181e-05        4.30087e-06             101325           0.171226        4.30087e-06            1976.88                  0           0.981672             10.497        3.04351e+07        7.12731e-05        8.29987e-06        0.000334352          0.0451706         0.00206742          0.0984525        2.38046e-06        4.76349e-19        3.40397e-20        5.55379e-18        1.32945e-17         0.00232724           0.118806        1.88919e-10        9.20666e-13        3.15342e-18            0.73276
98         0.00247413        2.51181e-05        4.29842e-06             101325           0.171128        4.29842e-06            1978.22                  0           0.982576            9.65398        2.80132e+07        6.83913e-05        7.78569e-06        0.000320356          0.0451244         0.00202717          0.0985042        2.31043e-06        3.29019e-19        2.33791e-20        3.86828e-18        9.14786e-18         0.00223581           0.118949        1.70198e-10        8.50146e-13         2.7274e-18            0.73276
99         0.00249925        2.51181e-05        4.29605e-06             101325           0.171034        4.29605e-06            1979.51                  0           0.983449            8.87783        2.57692e+07        6.56182e-05        7.30259e-06        0.000306926          0.0450804         0.00198752          0.0985543        2.24308e-06        2.29197e-19        1.61796e-20        2.71201e-18        6.32997e-18         0.00214759           0.119088        1.53299e-10         7.8482e-13        2.35951e-18            0.73276
100         0.00252437        2.51181e-05        4.29378e-06             101325           0.170944        4.29378e-06            1980.75                  0           0.984293            8.16405        2.36926e+07        6.29525e-05        6.84913e-06        0.000294053          0.0450384         0.00194851          0.0986028        2.17842e-06        1.61138e-19        1.12885e-20        1.91442e-18        4.40499e-18         0.00206257           0.119222         1.3806e-10        7.24374e-13        2.04182e-18            0.73276
101         0.00254949        2.51181e-05        4.29159e-06             101325           0.170856        4.29159e-06            1981.94                  0           0.985107            7.50835        2.17731e+07        6.03928e-05        6.42392e-06        0.000281726          0.0449983         0.00191017          0.0986498        2.11644e-06        1.14424e-19        7.94508e-21        1.36112e-18        3.08303e-18         0.00198071            0.11935        1.24334e-10        6.68508e-13        1.76752e-18            0.73276
102          0.0025746        2.51181e-05        4.28948e-06             101325           0.170773        4.28948e-06            1983.09                  0           0.985892            6.90663        2.00008e+07        5.79375e-05        6.02559e-06        0.000269933          0.0449603         0.00187255          0.0986953        2.05715e-06        8.21327e-20        5.64465e-21        9.75054e-19        2.17036e-18         0.00190199           0.119474        1.11982e-10        6.16931e-13        1.53076e-18            0.73276
103         0.00259972        2.51181e-05        4.28747e-06             101325           0.170692        4.28747e-06             1984.2                  0           0.986647            6.35495        1.83663e+07         5.5585e-05        5.65281e-06        0.000258663          0.0449242         0.00183567          0.0987392        2.00053e-06        5.96411e-20        4.05092e-21        7.04066e-19         1.5369e-18         0.00182636           0.119593        1.00876e-10        5.69368e-13        1.32647e-18            0.73276
104         0.00262484        2.51181e-05        4.28553e-06             101325           0.170615        4.28553e-06            1985.26                  0           0.987374            5.84957        1.68605e+07        5.33334e-05        5.30428e-06        0.000247904          0.0448899         0.00179957          0.0987815        1.94655e-06        4.38477e-20        2.93872e-21        5.12678e-19        1.09486e-18         0.00175378           0.119707         9.0901e-11        5.25552e-13        1.15024e-18            0.73276
105         0.00264996        2.51181e-05        4.28368e-06             101325           0.170541        4.28368e-06            1986.28                  0           0.988072            5.38695        1.54747e+07        5.11809e-05        4.97873e-06        0.000237644          0.0448574         0.00176428          0.0988224         1.8952e-06         3.2661e-20        2.15656e-21        3.76648e-19        7.84738e-19         0.00168422           0.119816        8.19481e-11        4.85228e-13        9.98286e-19            0.73276
106         0.00267508        2.51181e-05         4.2819e-06             101325           0.170471         4.2819e-06            1987.25                  0           0.988742            4.96371        1.42006e+07        4.91254e-05        4.67494e-06         0.00022787          0.0448267         0.00172982          0.0988617        1.84643e-06        2.46632e-20        1.60197e-21        2.79323e-19        5.65975e-19         0.00161762           0.119921        7.39189e-11        4.48156e-13        8.67288e-19            0.73276
107          0.0027002        2.51181e-05         4.2802e-06             101325           0.170403         4.2802e-06            1988.18                  0           0.989384            4.57666        1.30302e+07        4.71647e-05        4.39172e-06        0.000218568          0.0447977         0.00169623          0.0988996        1.80021e-06        1.88884e-20         1.2053e-21        2.09212e-19        4.10813e-19         0.00155392           0.120021        6.67231e-11        4.14105e-13        7.54379e-19            0.73276
108         0.00272531        2.51181e-05        4.27858e-06             101325           0.170339        4.27858e-06            1989.08                  0           0.989999            4.22282        1.19561e+07        4.52965e-05         4.1279e-06        0.000209726          0.0447703         0.00166352           0.098936        1.75648e-06        1.46747e-20        9.18964e-22        1.58345e-19        3.00155e-19         0.00149307           0.120116        6.02781e-11        3.82856e-13        6.57073e-19            0.73276
109         0.00275043        2.51181e-05        4.27703e-06             101325           0.170277        4.27703e-06            1989.93                  0           0.990587            3.89937         1.0971e+07        4.35186e-05        3.88237e-06         0.00020133          0.0447445         0.00163172          0.0989709        1.71519e-06        1.15658e-20        7.10245e-22        1.21166e-19        2.20796e-19         0.00143501           0.120207        5.45089e-11        3.54204e-13        5.73213e-19            0.73276
110         0.00277555        2.51181e-05        4.27556e-06             101325           0.170218        4.27556e-06            1990.74                  0           0.991149            3.60367        1.00681e+07        4.18285e-05        3.65407e-06        0.000193365          0.0447202         0.00160086          0.0990044        1.67627e-06        9.24543e-21        5.56542e-22        9.37801e-20        1.63564e-19         0.00137967           0.120294        4.93468e-11        3.27954e-13        5.00933e-19            0.73276
111         0.00280067        2.51181e-05        4.27415e-06             101325           0.170162        4.27415e-06            1991.51                  0           0.991685            3.33327        9.24102e+06        4.02236e-05        3.44196e-06        0.000185819          0.0446974         0.00157094          0.0990365        1.63967e-06        7.49288e-21        4.42141e-22        7.34455e-20        1.22055e-19         0.00132699           0.120377        4.47299e-11        3.03922e-13        4.38621e-19            0.73276
112         0.00282579        2.51181e-05        4.27282e-06             101325           0.170109        4.27282e-06            1992.25                  0           0.992197            3.08587        8.48377e+06        3.87015e-05        3.24504e-06        0.000178677          0.0446759         0.00154198          0.0990672         1.6053e-06        6.15302e-21        3.56049e-22        5.82201e-20        9.17774e-20         0.00127689           0.120456        4.06017e-11        2.81936e-13        3.84882e-19            0.73276
113          0.0028509        2.51181e-05        4.27155e-06             101325           0.170059        4.27155e-06            1992.95                  0           0.992684            2.85938        7.79065e+06        3.72594e-05        3.06237e-06        0.000171923          0.0446558           0.001514          0.0990965        1.57309e-06         5.1161e-21        2.90526e-22        4.67213e-20        6.95631e-20         0.00122931           0.120531        3.69114e-11        2.61834e-13        3.38515e-19            0.73276
114         0.00287602        2.51181e-05        4.27034e-06             101325            0.17001        4.27034e-06            1993.62                  0           0.993147            2.65184        7.15634e+06        3.58948e-05        2.89304e-06        0.000165545           0.044637           0.001487          0.0991245        1.54296e-06        4.30386e-21        2.40084e-22        3.79592e-20        5.31686e-20         0.00118416           0.120601        3.36129e-11        2.43465e-13        2.98484e-19            0.73276
115         0.00290114        2.51181e-05        4.26919e-06             101325           0.169965        4.26919e-06            1994.25                  0           0.993587            2.46145         6.5759e+06        3.46048e-05        2.73619e-06        0.000159527          0.0446194         0.00146099          0.0991512        1.51483e-06        3.66004e-21        2.00806e-22        3.12213e-20        4.09969e-20         0.00114138           0.120669        3.06648e-11         2.2669e-13        2.63899e-19            0.73276
116         0.00292626        2.51181e-05        4.26811e-06             101325           0.169922        4.26811e-06            1994.85                  0           0.994004            2.28657        6.04472e+06        3.33868e-05          2.591e-06        0.000153856          0.0446029         0.00143598          0.0991766        1.48861e-06        3.14388e-21        1.69873e-22        2.59913e-20        3.19052e-20         0.00110088           0.120732        2.80298e-11        2.11376e-13        2.33992e-19            0.73276
117         0.00295138        2.51181e-05        4.26709e-06             101325           0.169881        4.26709e-06            1995.42                  0             0.9944            2.12571        5.55852e+06         3.2238e-05        2.45668e-06        0.000148516          0.0445876         0.00141195          0.0992008        1.46422e-06        2.72554e-21        1.45241e-22        2.18934e-20        2.50719e-20         0.00106259           0.120792        2.56744e-11        1.97403e-13        2.08106e-19            0.73276
118         0.00297649        2.51181e-05        4.26612e-06             101325           0.169842        4.26612e-06            1995.96                  0           0.994775            1.97751        5.11337e+06        3.11557e-05         2.3325e-06        0.000143494          0.0445732         0.00138892          0.0992238        1.44156e-06        2.38301e-21        1.25416e-22        1.86518e-20        1.99037e-20         0.00102643           0.120849        2.35685e-11        1.84657e-13        1.85676e-19            0.73276
119         0.00300161        2.51181e-05         4.2652e-06             101325           0.169806         4.2652e-06            1996.46                  0           0.995129            1.84074        4.70563e+06        3.01372e-05        2.21776e-06        0.000138776          0.0445599         0.00136687          0.0992456        1.42055e-06        2.09988e-21        1.09297e-22        1.60634e-20        1.59695e-20         0.00099231           0.120903        2.16852e-11        1.73034e-13        1.66216e-19            0.73276
120         0.00302673        2.51181e-05        4.26434e-06             101325           0.169772        4.26434e-06            1996.94                  0           0.995464             1.7143        4.33195e+06        2.91798e-05        2.11179e-06        0.000134347          0.0445475          0.0013458          0.0992663         1.4011e-06        1.86379e-21        9.60642e-23        1.39772e-20        1.29551e-20        0.000960163           0.120953        2.00004e-11        1.62438e-13        1.49312e-19            0.73276
121         0.00305185        2.51181e-05        4.26352e-06             101325           0.169739        4.26352e-06            1997.39                  0           0.995779            1.59718        3.98928e+06        2.82807e-05        2.01399e-06        0.000130195          0.0445359         0.00132569          0.0992858        1.38312e-06        1.66535e-21        8.51032e-23        1.22803e-20        1.06299e-20        0.000929906           0.121001        1.84926e-11        1.52781e-13        1.34607e-19            0.73276
122         0.00307697        2.51181e-05        4.26276e-06             101325           0.169709        4.26276e-06            1997.82                  0           0.996077            1.48851        3.67482e+06        2.74374e-05        1.92377e-06        0.000126305          0.0445252         0.00130653          0.0993043        1.36652e-06        1.49734e-21        7.59478e-23         1.0888e-20        8.82423e-21        0.000901459           0.121046        1.71427e-11        1.43981e-13        1.21796e-19            0.73276
123         0.00310208        2.51181e-05        4.26204e-06             101325            0.16968        4.26204e-06            1998.22                  0           0.996357             1.3875        3.38605e+06        2.66472e-05        1.84058e-06        0.000122666          0.0445153         0.00128832          0.0993218        1.35122e-06        1.35415e-21        6.82414e-23        9.73569e-21        7.41224e-21        0.000874745           0.121087        1.59335e-11        1.35962e-13        1.10618e-19            0.73276
124          0.0031272        2.51181e-05        4.26136e-06             101325           0.169653        4.26136e-06            1998.59                  0            0.99662            1.29344        3.12065e+06        2.59076e-05        1.76391e-06        0.000119263          0.0445061         0.00127102          0.0993382        1.33715e-06        1.23139e-21        6.17089e-23        8.77443e-21        6.30038e-21        0.000849686           0.121127        1.48498e-11        1.28658e-13         1.0085e-19            0.73276
125         0.00315232        2.51181e-05        4.26073e-06             101325           0.169628        4.26073e-06            1998.95                  0           0.996868            1.20572        2.87654e+06        2.52161e-05        1.69328e-06        0.000116086          0.0444975         0.00125462          0.0993537        1.32421e-06        1.12558e-21         5.6136e-23        7.96639e-21        5.41866e-21        0.000826208           0.121164        1.38779e-11        1.22004e-13        9.22997e-20            0.73276
126         0.00317744        2.51181e-05        4.26013e-06             101325           0.169604        4.26013e-06            1999.28                  0             0.9971             1.1238        2.65183e+06        2.45702e-05        1.62825e-06        0.000113122          0.0444896          0.0012391          0.0993683        1.31233e-06        1.03395e-21        5.13538e-23        7.28229e-21        4.71447e-21        0.000804235           0.121198        1.30059e-11        1.15943e-13        8.48027e-20            0.73276
127         0.00320256        2.51181e-05        4.25958e-06             101325           0.169582        4.25958e-06            1999.58                  0           0.997317             1.0472        2.44482e+06        2.39677e-05         1.5684e-06        0.000110359          0.0444823         0.00122443           0.099382        1.30143e-06        9.54249e-22        4.72286e-23        6.69928e-21        4.14806e-21        0.000783695            0.12123        1.22231e-11        1.10423e-13        7.82183e-20            0.73276
128         0.00322768        2.51181e-05        4.25906e-06             101325           0.169561        4.25906e-06            1999.87                  0            0.99752           0.975497        2.25399e+06        2.34062e-05        1.51334e-06        0.000107787          0.0444756         0.00121059          0.0993948        1.29145e-06        8.84657e-22        4.36531e-23        6.19938e-21        3.68925e-21        0.000764517           0.121261        1.15198e-11        1.05396e-13        7.24259e-20            0.73276
129         0.00325279        2.51181e-05        4.25858e-06             101325           0.169542        4.25858e-06            2000.14                  0            0.99771           0.908332        2.07797e+06        2.28835e-05        1.46272e-06        0.000105395          0.0444694         0.00119756          0.0994068        1.28232e-06        8.23683e-22        4.05407e-23        5.76835e-21        3.31498e-21        0.000746632           0.121289        1.08877e-11        1.00818e-13        6.73218e-20            0.73276
130         0.00327791        2.51181e-05        4.25812e-06             101325           0.169524        4.25812e-06            2000.39                  0           0.997888           0.845383        1.91551e+06        2.23976e-05         1.4162e-06        0.000103172          0.0444636         0.00118531          0.0994181        1.27398e-06        7.70092e-22        3.78211e-23        5.39481e-21        3.00757e-21        0.000729973           0.121315        1.03192e-11        9.66498e-14         6.2817e-20            0.73276
131         0.00330303        2.51181e-05         4.2577e-06             101325           0.169507         4.2577e-06            2000.63                  0           0.998053            0.78637        1.76552e+06        2.19462e-05        1.37347e-06        0.000101109          0.0444584         0.00117381          0.0994286        1.26636e-06        7.22859e-22        3.54365e-23         5.0696e-21        2.75338e-21        0.000714475           0.121339        9.80772e-12        9.28552e-14        5.88349e-20            0.73276
132         0.00332815        2.51181e-05        4.25731e-06             101325           0.169492        4.25731e-06            2000.84                  0           0.998207            0.73105          1.627e+06        2.15276e-05        1.33426e-06        9.91963e-05          0.0444535         0.00116304          0.0994384        1.25941e-06        6.81129e-22        3.33394e-23        4.78531e-21        2.54184e-21        0.000700078           0.121362        9.34727e-12        8.94014e-14        5.53098e-20            0.73276
133         0.00335327        2.51181e-05        4.25695e-06             101325           0.169477        4.25695e-06            2001.05                  0            0.99835            0.67921        1.49907e+06        2.11397e-05        1.29828e-06        9.74255e-05          0.0444491         0.00115296          0.0994475        1.25308e-06         6.4418e-22          3.149e-23        4.53588e-21        2.36468e-21        0.000686719           0.121383        8.93262e-12        8.62586e-14         5.2185e-20            0.73276
134         0.00337838        2.51181e-05        4.25661e-06             101325           0.169464        4.25661e-06            2001.23                  0           0.998483            0.63066        1.38093e+06        2.07809e-05        1.26531e-06         9.5788e-05           0.044445         0.00114355           0.099456        1.24731e-06        6.11404e-22        2.98553e-23        4.31634e-21        2.21545e-21        0.000674344           0.121402        8.55913e-12        8.33999e-14        4.94117e-20            0.73276
135          0.0034035        2.51181e-05         4.2563e-06             101325           0.169452         4.2563e-06            2001.41                  0           0.998606           0.585235        1.27187e+06        2.04495e-05        1.23512e-06        9.42758e-05          0.0444412         0.00113478          0.0994638        1.24207e-06        5.82285e-22        2.84075e-23        4.12259e-21        2.08904e-21        0.000662896            0.12142        8.22267e-12        8.08008e-14        4.69476e-20            0.73276
136         0.00342862        2.51181e-05        4.25601e-06             101325            0.16944        4.25601e-06            2001.57                  0            0.99872            0.54279        1.17125e+06        2.01438e-05         1.2075e-06        9.28817e-05          0.0444378         0.00112663          0.0994711        1.23731e-06        5.56381e-22        2.71233e-23        3.95121e-21        1.98142e-21        0.000652324           0.121437        7.91959e-12        7.84394e-14        4.47565e-20            0.73276
137         0.00345374        2.51181e-05        4.25575e-06             101325            0.16943        4.25575e-06            2001.72                  0           0.998826           0.503195        1.07851e+06        1.98624e-05        1.18227e-06        9.15985e-05          0.0444346         0.00111907          0.0994779        1.23299e-06        5.33318e-22        2.59827e-23        3.79935e-21        1.88937e-21        0.000642581           0.121452        7.64665e-12        7.62958e-14        4.28068e-20            0.73276
138         0.00347886        2.51181e-05         4.2555e-06             101325            0.16942         4.2555e-06            2001.85                  0           0.998923           0.466333             993130        1.96038e-05        1.15925e-06        9.04198e-05          0.0444318         0.00111208          0.0994841        1.22908e-06        5.12774e-22        2.49689e-23        3.66461e-21        1.81032e-21        0.000633619           0.121466        7.40099e-12        7.43519e-14        4.10716e-20            0.73276
139         0.00350397        2.51181e-05        4.25528e-06             101325           0.169411        4.25528e-06            2001.98                  0           0.999012           0.432103             914659        1.93668e-05        1.13829e-06        8.93396e-05          0.0444291         0.00110562          0.0994898        1.22554e-06        4.94472e-22        2.40674e-23        3.54498e-21        1.74219e-21        0.000625396           0.121479        7.18009e-12        7.25918e-14        3.95272e-20            0.73276
140         0.00352909        2.51181e-05        4.25508e-06             101325           0.169403        4.25508e-06            2002.09                  0           0.999094           0.400414             842692        1.91502e-05        1.11924e-06        8.83524e-05          0.0444268         0.00109969          0.0994951        1.22234e-06        4.78176e-22        2.32662e-23        3.43875e-21        1.68332e-21        0.000617873           0.121491        6.98173e-12        7.10012e-14        3.81536e-20            0.73276
141         0.00355421        2.51181e-05        4.25489e-06             101325           0.169395        4.25489e-06             2002.2                  0           0.999169           0.371184             776871        1.89528e-05        1.10199e-06        8.74531e-05          0.0444246         0.00109425          0.0994998        1.21947e-06        4.63683e-22        2.25546e-23        3.34448e-21        1.63236e-21        0.000611014           0.121502        6.80395e-12        6.95672e-14        3.69334e-20            0.73276
142         0.00357933        2.51181e-05        4.25472e-06             101325           0.169389        4.25472e-06            2002.29                  0           0.999237           0.344344             716882        1.87738e-05        1.08642e-06        8.66373e-05          0.0444227         0.00108929          0.0995042        1.21689e-06        4.50819e-22        2.19238e-23        3.26096e-21         1.5882e-21        0.000604787           0.121511        6.64507e-12        6.82788e-14        3.58515e-20            0.73276
143         0.00360445        2.51181e-05        4.25457e-06             101325           0.169382        4.25457e-06            2002.38                  0           0.999299           0.319831             662452        1.86122e-05        1.07244e-06         8.5901e-05          0.0444209         0.00108479          0.0995082        1.21459e-06        4.39436e-22        2.13663e-23        3.18718e-21        1.54995e-21        0.000599162            0.12152        6.50362e-12         6.7126e-14        3.48954e-20            0.73276
144         0.00362956        2.51181e-05        4.25443e-06             101325           0.169377        4.25443e-06            2002.45                  0           0.999355           0.297596             613347        1.84673e-05        1.05995e-06        8.52408e-05          0.0444194         0.00108074          0.0995117        1.21255e-06        4.29412e-22        2.08758e-23        3.12227e-21        1.51689e-21        0.000594115           0.121528        6.37835e-12        6.61006e-14        3.40542e-20            0.73276
145         0.00365468        2.51181e-05         4.2543e-06             101325           0.169372         4.2543e-06            2002.52                  0           0.999405           0.277595             569375        1.83385e-05        1.04888e-06        8.46538e-05           0.044418         0.00107712          0.0995149        1.21075e-06        4.20641e-22        2.04471e-23        3.06553e-21        1.48844e-21        0.000589626           0.121535        6.26822e-12        6.51955e-14         3.3319e-20            0.73276
146          0.0036798        2.51181e-05         4.2542e-06             101325           0.169368         4.2542e-06            2002.58                  0            0.99945           0.259797             530377        1.82253e-05        1.03919e-06        8.41379e-05          0.0444168         0.00107393          0.0995177        1.20918e-06         4.1304e-22        2.00758e-23         3.0164e-21        1.46413e-21        0.000585678           0.121541        6.17237e-12         6.4405e-14        3.26825e-20            0.73276
147         0.00370492        2.51181e-05         4.2541e-06             101325           0.169364         4.2541e-06            2002.63                  0           0.999489           0.244179             496236        1.81273e-05        1.03083e-06        8.36914e-05          0.0444157         0.00107116          0.0995201        1.20783e-06        4.06544e-22        1.97586e-23        2.97443e-21         1.4436e-21         0.00058226           0.121547        6.09015e-12        6.37247e-14         3.2139e-20            0.73276
148         0.00373004        2.51181e-05        4.25402e-06             101325           0.169361        4.25402e-06            2002.68                  0           0.999522           0.230728             466875        1.80444e-05        1.02378e-06        8.33136e-05          0.0444149         0.00106881          0.0995221         1.2067e-06        4.01103e-22        1.94932e-23        2.93929e-21        1.42658e-21        0.000579366           0.121551        6.02107e-12        6.31517e-14        3.16842e-20            0.73276
149         0.00375515        2.51181e-05        4.25396e-06             101325           0.169358        4.25396e-06            2002.71                  0            0.99955           0.219445             442257        1.79764e-05        1.01801e-06        8.30041e-05          0.0444142         0.00106688          0.0995238        1.20577e-06        3.96687e-22        1.92778e-23        2.91078e-21        1.41288e-21        0.000576996           0.121555        5.96486e-12        6.26843e-14        3.13152e-20            0.73276
150         0.00378027        2.51181e-05        4.25391e-06             101325           0.169356        4.25391e-06            2002.74                  0           0.999573           0.210341             422388        1.79237e-05        1.01353e-06        8.27637e-05          0.0444136         0.00106538          0.0995251        1.20506e-06         3.9328e-22        1.91117e-23        2.88878e-21        1.40238e-21        0.000575153           0.121558         5.9214e-12        6.23224e-14        3.10308e-20            0.73276
151         0.00380539        2.51181e-05        4.25387e-06             101325           0.169355        4.25387e-06            2002.76                  0            0.99959           0.203439             407316        1.78864e-05        1.01037e-06        8.25937e-05          0.0444132         0.00106432           0.099526        1.20456e-06        3.90883e-22        1.89948e-23        2.87331e-21        1.39503e-21         0.00057385            0.12156        5.89078e-12         6.2067e-14        3.08307e-20            0.73276
152         0.00383051        2.51181e-05        4.25385e-06             101325           0.169354        4.25385e-06            2002.77                  0           0.999602            0.19878             397137        1.78649e-05        1.00856e-06        8.24959e-05           0.044413         0.00106371          0.0995266        1.20427e-06        3.89511e-22        1.89279e-23        2.86445e-21        1.39083e-21        0.000573101           0.121561        5.87323e-12        6.19205e-14        3.07162e-20            0.73276
