# Time 0.0006
# eta = 0.002
# length = 0.000376607
#--- 	  	 LEM Line data  --- 
#(1) wafer              (2) x             (3) dx              (4) m              (5) p            (6) rho              (7) m              (8) T              (9) Z             (10) C          (11) dCdt       (12) heatRel                  (13) Y_H2                  (14) Y_H                  (15) Y_O                  (16) Y_O2                  (17) Y_OH                  (18) Y_H2O                  (19) Y_HO2                  (20) Y_CH2                  (21) Y_CH2(S)                  (22) Y_CH3                  (23) Y_CH4                  (24) Y_CO                  (25) Y_CO2                  (26) Y_HCO                  (27) Y_CH2O                  (28) Y_CH2OH                  (29) Y_N2
0        1.25591e-05        2.51181e-05        2.83737e-05             101325            1.12961        2.83737e-05            300.542                  0                  0                  0           -55.8125          2.981e-08        3.52117e-17        2.04516e-12           0.222552        1.58387e-12        2.59548e-05        2.34836e-08        1.98825e-17        1.03061e-18        2.37998e-07          0.0446302        9.63348e-07        3.02573e-05        1.39671e-17        1.13402e-07        2.25389e-21            0.73276
1        3.76772e-05        2.51181e-05        2.83509e-05             101325             1.1287        2.83509e-05            300.784                  0        0.000266735        1.29294e-07            3.81946        4.54381e-08        5.86001e-17        2.40024e-12           0.222532        2.31244e-12        3.76215e-05        3.35018e-08        4.09862e-17        2.12673e-18        3.46722e-07          0.0446248        1.48533e-06        4.37371e-05        2.89735e-17        1.69741e-07        4.67434e-21            0.73276
2        6.27953e-05        2.51181e-05        2.83141e-05             101325            1.12724        2.83141e-05            301.174                  0        0.000372863        1.86019e-07            7.14892        7.36599e-08        9.51054e-17        2.47055e-12           0.222499         3.5165e-12        5.64791e-05        4.90804e-08        9.49977e-17         4.9378e-18        5.24586e-07          0.0446161        2.44918e-06        6.53618e-05        6.78266e-17        2.67715e-07        1.09459e-20            0.73276
3        8.79135e-05        2.51181e-05        2.82545e-05             101325            1.12487        2.82545e-05            301.809                  0        0.000559735        2.93485e-07             15.394        1.24022e-07        1.50687e-16        2.30344e-12           0.222445        5.53241e-12        8.72943e-05        7.38716e-08        2.32992e-16        1.21465e-17        8.17853e-07          0.0446019        4.20109e-06        0.000100458        1.68482e-16         4.3723e-07        2.72899e-20            0.73276
4        0.000113032        2.51181e-05        2.81619e-05             101325            1.12118        2.81619e-05            302.801                  0        0.000863326        4.87704e-07            35.2236        2.10477e-07         2.3526e-16        1.92959e-12            0.22236        8.80233e-12        0.000135615        1.11852e-07        5.78228e-16        3.02763e-17        1.28174e-06          0.0445796        7.26677e-06        0.000155057        4.24803e-16        7.18955e-07        6.94321e-20            0.73276
5         0.00013815        2.51181e-05        2.80227e-05             101325            1.11564        2.80227e-05            304.304                  0         0.00133687        8.40061e-07             81.932        3.55265e-07        3.79118e-16        1.43437e-12           0.222232        1.40242e-11         0.00020917        1.68488e-07        1.42164e-15        7.49173e-17        1.99407e-06          0.0445456        1.25057e-05        0.000237389        1.06531e-15         1.1748e-06         1.7714e-19            0.73276
6        0.000163268        2.51181e-05        2.78196e-05             101325            1.10755        2.78196e-05            306.524                  0          0.0020536        1.49375e-06            188.954          5.929e-07        6.75023e-16        9.33386e-13           0.222041        2.23299e-11        0.000318386        2.51169e-07        3.43578e-15        1.82734e-16        3.06093e-06           0.044495        2.12865e-05        0.000358267        2.63968e-15        1.89635e-06        4.51731e-19            0.73276
7        0.000188386        2.51181e-05        2.75316e-05             101325            1.09609        2.75316e-05            309.726                  0         0.00311094        2.74616e-06            426.322        9.75464e-07        1.37573e-15        5.24139e-13           0.221766        3.56162e-11        0.000476883        3.69787e-07        8.15335e-15        4.39292e-16         4.6222e-06          0.0444214         3.5729e-05        0.000531365        6.46486e-15        3.01517e-06        1.15675e-18            0.73276
8        0.000213504        2.51181e-05        2.71357e-05             101325            1.08032        2.71357e-05             314.24                  0         0.00463406          5.232e-06            934.439        1.57912e-06        3.12883e-15        2.51472e-13           0.221376        5.72197e-11        0.000701843        5.37561e-07        1.90575e-14        1.04507e-15        6.85555e-06          0.0443166         5.9016e-05        0.000773232        1.57231e-14        4.71423e-06        3.00267e-18            0.73276
9        0.000238622        2.51181e-05        2.66088e-05             101325            1.05935        2.66088e-05            320.454                  0         0.00677769         1.0346e-05            1982.69        2.51126e-06        7.58418e-15        1.02636e-13           0.220836        9.32487e-11         0.00101413        7.72251e-07        4.40984e-14        2.47518e-15        9.97752e-06          0.0441707        9.57578e-05         0.00110293        3.82306e-14        7.23869e-06        7.99313e-18            0.73276
10         0.00026374        2.51181e-05        2.59315e-05             101325            1.03238        2.59315e-05            328.812                  0         0.00972498        2.12356e-05            4066.24        3.91715e-06         1.9069e-14        3.61856e-14           0.220106        1.55277e-10         0.00143801        1.09799e-06        1.01587e-13        5.87313e-15        1.42402e-05           0.043972         0.00015236         0.00154122        9.35936e-14        1.09034e-05        2.20679e-17            0.73276
11        0.000288859        2.51181e-05        2.50926e-05             101325           0.998982        2.50926e-05            339.784                  0          0.0136827        4.51945e-05            8059.47        5.98408e-06        4.92787e-14        1.24206e-14           0.219142        2.65611e-10         0.00200049          1.548e-06        2.33954e-13        1.40221e-14        1.99224e-05          0.0437074        0.000237306         0.00210929        2.31906e-13        1.60935e-05        6.36678e-17            0.73276
12        0.000313977        2.51181e-05        2.40932e-05             101325           0.959197        2.40932e-05            353.847                  0          0.0188721        9.94623e-05            15453.2         8.9408e-06        1.30422e-13        8.44171e-15           0.217897        4.67449e-10          0.0027301        2.16839e-06        5.39277e-13        3.37082e-14        2.73161e-05           0.043363        0.000361252         0.00282722        5.82498e-13        2.32555e-05        1.92161e-16            0.73276
13        0.000339095        2.51181e-05        2.29489e-05             101325           0.913639        2.29489e-05            371.447                  0          0.0255168         0.00022523            28718.7        1.30506e-05        3.51512e-13        2.06667e-14           0.216325        8.43596e-10         0.00365545        3.02307e-06        1.24099e-12        8.12723e-14        3.67099e-05          0.0429247        0.000536808         0.00371243        1.47889e-12        3.28761e-05        6.02657e-16            0.73276
14        0.000364213        2.51181e-05        2.16886e-05             101325           0.863464        2.16886e-05            392.967                  0          0.0338287        0.000520681              51875        1.85977e-05        9.56394e-13        7.75877e-14           0.214384        1.54861e-09         0.00480365        4.19968e-06        2.83379e-12        1.94951e-13        4.83741e-05          0.0423787        0.000778001          0.0047786        3.76897e-12        4.54529e-05        1.93779e-15            0.73276
15        0.000389331        2.51181e-05        2.03509e-05             101325           0.810208        2.03509e-05            418.706                  0          0.0439964         0.00121568              91391        2.58697e-05        2.60287e-12        3.19773e-13           0.212038        2.85953e-09         0.00619911        5.81596e-06         6.3698e-12        4.60403e-13          6.255e-05          0.0417129         0.00109946         0.00603518        9.55432e-12        6.14609e-05        6.28481e-15            0.73276
16        0.000414449        2.51181e-05        1.89782e-05             101325           0.755556        1.89782e-05            448.868                  0          0.0561765         0.00283107             157655        3.51386e-05        7.05227e-12        1.37338e-12           0.209254        5.24692e-09         0.00786264        8.02625e-06         1.3982e-11        1.05925e-12        7.94488e-05          0.0409165         0.00151548          0.0074877        2.38801e-11        8.13217e-05        2.02731e-14            0.73276
17        0.000439567        2.51181e-05        1.76105e-05             101325           0.701107        1.76105e-05            483.559                  0          0.0704921         0.00649306             267401        4.66464e-05        1.90778e-11        6.00396e-12           0.206008        9.46473e-09         0.00981137        1.10275e-05        2.98019e-11        2.35506e-12        9.92581e-05          0.0399807         0.00203928         0.00913868        5.84952e-11        0.000105384        6.46247e-14            0.73276
18        0.000464686        2.51181e-05        1.62815e-05             101325           0.648198        1.62815e-05            522.806                  0           0.087036          0.0145045             447767        6.05965e-05         5.2101e-11        2.62727e-11            0.20228        1.66684e-08          0.0120591        1.50643e-05        6.16475e-11        5.04578e-12        0.000122157          0.0388982         0.00268241          0.0109889         1.4031e-10        0.000133911        2.04622e-13            0.73276
19        0.000489804        2.51181e-05        1.50161e-05             101325            0.59782        1.50161e-05            566.573                  0           0.105878           0.031324             743423        7.71519e-05        1.45657e-10        1.13637e-10           0.198054        2.86413e-08          0.0146171        2.04325e-05        1.24791e-10        1.04778e-11        0.000148336          0.0376632         0.00345453          0.0130384        3.31597e-10        0.000167087        6.54004e-13            0.73276
20        0.000514922        2.51181e-05        1.38303e-05             101325            0.55061        1.38303e-05            614.784                  0           0.127075          0.0653094        1.23065e+06         9.6439e-05        4.20117e-10        4.80685e-10           0.193316        4.84682e-08          0.0174947        2.74804e-05        2.52715e-10        2.14844e-11        0.000178013          0.0362707         0.00436351          0.0152877        7.82831e-10        0.000205011        2.14924e-12            0.73276
21         0.00054004        2.51181e-05        1.27324e-05             101325             0.5069        1.27324e-05            667.337                  0           0.150675           0.132591        2.05053e+06        0.000118554        1.24421e-09        1.96768e-09           0.188055        8.27955e-08          0.0207002        3.66036e-05        5.32267e-10        4.50466e-11        0.000211462          0.0347163         0.00541556          0.0177382        1.88195e-09        0.000247713        7.30896e-12            0.73276
22        0.000565158        2.51181e-05        1.17248e-05             101325           0.466785        1.17248e-05            724.121                  0            0.17673           0.268573        3.49844e+06        0.000143568        3.72296e-09        7.71008e-09           0.182259        1.49145e-07          0.0242411        4.82283e-05        1.22008e-09        1.01001e-10        0.000249034           0.032996         0.00661555          0.0203923        4.68901e-09        0.000295145        2.53912e-11            0.73276
23        0.000590276        2.51181e-05        1.08057e-05             101325           0.430195        1.08057e-05             785.02                  0            0.20529           0.567199        6.27588e+06        0.000171537        1.10314e-08        2.86196e-08           0.175916        2.97934e-07          0.0281245        6.27692e-05        3.10968e-09        2.49264e-10        0.000291196           0.031106          0.0079671          0.0232533        1.21787e-08         0.00034719        8.78974e-11            0.73276
24        0.000615394        2.51181e-05        9.97082e-06             101325           0.396957        9.97082e-06            849.921                  0           0.236409             1.3138        1.21808e+07          0.0002025        3.18223e-08        9.98097e-08           0.169017         6.7378e-07          0.0323559          8.054e-05        8.60704e-09        6.68839e-10         0.00033859           0.029043          0.0094726           0.026325        3.26012e-08        0.000403643        2.95928e-10            0.73276
25        0.000640513        2.51181e-05        9.21441e-06             101325           0.366843        9.21441e-06            918.702                  0           0.270135            3.40199        2.58948e+07        0.000236482        8.84304e-08        3.25442e-07           0.161557         1.6732e-06          0.0369387        0.000101582        2.46256e-08        1.86834e-09        0.000392097          0.0268047          0.0111329          0.0296103        8.78626e-08        0.000464198        9.52359e-10            0.73276
26        0.000665631        2.51181e-05        8.53022e-06             101325           0.339604        8.53022e-06            991.222                  0           0.306502            9.51987        5.93077e+07        0.000273483        2.35667e-07        9.91025e-07           0.153535        4.31952e-06          0.0418714        0.000125365        6.96929e-08        5.19752e-09        0.000452813          0.0243904          0.0129465          0.0331106        2.32418e-07        0.000528378        2.89934e-09            0.73276
27        0.000690749        2.51181e-05        7.91213e-06             101325           0.314997        7.91213e-06            1067.29                  0           0.345506            27.1785        1.41221e+08        0.000313444        6.01663e-07        2.82355e-06           0.144966         1.1084e-05          0.0471433        0.000150331        1.89662e-07        1.39678e-08        0.000521619          0.0218037          0.0149079          0.0368229        5.90939e-07        0.000595374        8.29824e-09            0.73276
28        0.000715867        2.51181e-05        7.35465e-06             101325           0.292802        7.35465e-06             1146.6                  0           0.387081            75.5346        3.37103e+08         0.00035622        1.47046e-06        7.55384e-06           0.135874        2.75348e-05          0.0527338        0.000173363        4.88367e-07         3.5621e-08        0.000597817          0.0190531          0.0170071          0.0407428        1.42276e-06        0.000663727         2.2234e-08           0.732759
29        0.000740985        2.51181e-05        6.85329e-06             101325           0.272842        6.85329e-06            1228.64                  0           0.431103            198.494        7.83922e+08        0.000401427        3.42922e-06        1.90375e-05           0.126296        6.52733e-05          0.0586055        0.000189577        1.17609e-06        8.51355e-08        0.000675963          0.0161575          0.0192263          0.0448659         3.2046e-06         0.00073048        5.54685e-08           0.732758
30        0.000766103        2.51181e-05        6.40525e-06             101325           0.255005        6.40525e-06            1312.46                  0            0.47736            483.572        1.73463e+09        0.000447994        7.57056e-06        4.52261e-05            0.11631        0.000146113          0.0646803        0.000193421        2.60894e-06        1.87775e-07        0.000740759           0.013161          0.0215268          0.0491839        6.65216e-06        0.000789211        1.27361e-07           0.732758
31        0.000791221        2.51181e-05        6.01045e-06             101325           0.239287        6.01045e-06            1396.26                  0           0.525397            1070.58        3.56118e+09        0.000493222        1.56064e-05         0.00010096           0.106079         0.00030531          0.0708013        0.000181548        5.18702e-06        3.72039e-07        0.000763514          0.0101562          0.0238219          0.0536807        1.24235e-05        0.000826426        2.62448e-07           0.732757
32        0.000816339        2.51181e-05        5.67247e-06             101325           0.225832        5.67247e-06            1476.84                  0           0.574287            2098.33        6.56422e+09        0.000531306        2.94409e-05        0.000210106          0.0959257        0.000586642          0.0766854        0.000155278        8.79838e-06        6.31305e-07        0.000710833         0.00730799            0.02593          0.0583242        2.00817e-05        0.000818048        4.62362e-07           0.732756
33        0.000841458        2.51181e-05        5.39784e-06             101325           0.214898        5.39784e-06            1549.46                  0           0.622354            3520.33        1.03899e+10        0.000552857        4.96175e-05        0.000401774          0.0863922          0.0010183          0.0819209        0.000120555        1.18769e-05        8.58081e-07        0.000575279         0.00484211           0.027541          0.0630542        2.67024e-05        0.000736839         6.4918e-07           0.732756
34        0.000866576        2.51181e-05        5.19081e-06             101325           0.206656        5.19081e-06            1609.27                  0           0.667159            4894.67         1.3426e+10        0.000549816        7.34924e-05        0.000690585          0.0781174         0.00157411          0.0860996        8.58044e-05        1.21829e-05        8.93079e-07        0.000400415         0.00295367           0.028305          0.0677703         2.8128e-05        0.000583352         6.9314e-07           0.732756
35        0.000891694        2.51181e-05        5.04591e-06             101325           0.200887        5.04591e-06            1654.41                  0           0.706299            5588.56        1.38092e+10         0.00052505        9.63318e-05         0.00104578           0.071521         0.00216466          0.0890493        5.77628e-05        9.79839e-06        7.32054e-07        0.000246699         0.00168515           0.028079          0.0723336        2.37647e-05        0.000404929        5.79392e-07           0.732756
36        0.000916812        2.51181e-05        4.94821e-06             101325           0.196997        4.94821e-06            1686.89                  0           0.738685            5392.83        1.16657e+10        0.000491552        0.000114788         0.00139873          0.0666001         0.00269322          0.0909131         3.8557e-05        6.67615e-06        5.08451e-07        0.000140883        0.000920354          0.0270477          0.0766049        1.70228e-05        0.000254093        4.08375e-07           0.732757
37         0.00094193        2.51181e-05        4.88127e-06             101325           0.194332        4.88127e-06            1710.51                  0           0.764824            4650.65        8.65242e+09        0.000460913        0.000128034         0.00169259          0.0630476         0.00311213          0.0919964        2.67203e-05        4.14216e-06          3.208e-07        7.73736e-05         0.00049068          0.0255507           0.080493        1.09955e-05        0.000149772        2.60459e-07           0.732758
38        0.000967048        2.51181e-05        4.83277e-06             101325           0.192402        4.83277e-06            1728.55                  0            0.78596            3789.02        6.02781e+09         0.00043771        0.000136654         0.00190718          0.0604846         0.00342168          0.0925922        1.98033e-05        2.44831e-06        1.92268e-07        4.17274e-05        0.000258523          0.0238804          0.0839658         6.6971e-06        8.52761e-05        1.57365e-07           0.732758
39        0.000992166        2.51181e-05        4.79514e-06             101325           0.190903        4.79514e-06            1743.19                  0           0.803316            3032.08        4.16895e+09        0.000421631        0.000141586         0.00204829          0.0585956         0.00364271          0.0929116        1.58224e-05        1.41174e-06        1.12138e-07        2.23348e-05        0.000135541          0.0222189          0.0870335        3.94935e-06        4.76736e-05        9.23519e-08           0.732759
40         0.00101728        2.51181e-05        4.76408e-06             101325           0.189667        4.76408e-06            1755.72                  0           0.817839             2435.4        2.97937e+09        0.000410671        0.000143708         0.00213109          0.0571574         0.00379805          0.0930868        1.35027e-05        8.03991e-07         6.4467e-08        1.19323e-05        7.09939e-05           0.020659          0.0897279        2.28946e-06        2.64084e-05        5.33542e-08           0.732759
41          0.0010424        2.51181e-05        4.73726e-06             101325           0.188599        4.73726e-06            1766.84                  0           0.830203            1982.15         2.2499e+09        0.000402803         0.00014373         0.00217099          0.0560237         0.00390614          0.0931937        1.21014e-05        4.55255e-07        3.67884e-08        6.38291e-06        3.72351e-05          0.0192382           0.092089        1.31707e-06        1.45707e-05        3.05694e-08           0.732759
42         0.00106752        2.51181e-05        4.71338e-06             101325           0.187649        4.71338e-06            1776.97                  0           0.840883            1638.56         1.8034e+09        0.000396504        0.000142205         0.00218048          0.0551007         0.00398026           0.093274        1.12051e-05        2.57279e-07        2.09227e-08        3.42515e-06        1.95832e-05          0.0179648          0.0941581        7.57038e-07        8.03209e-06         1.7444e-08           0.732759
43         0.00109264        2.51181e-05        4.69171e-06             101325           0.186786        4.69171e-06            1786.31                  0           0.850215            1374.25        1.52145e+09        0.000390789        0.000139556         0.00216885          0.0543288         0.00402967          0.0933489        1.05885e-05         1.4543e-07        1.18875e-08        1.84588e-06        1.03375e-05          0.0168322          0.0959738        4.37423e-07        4.43207e-06        9.93882e-09            0.73276
44         0.00111776        2.51181e-05        4.67179e-06             101325           0.185993        4.67179e-06            1795.02                  0           0.858446             1166.7        1.33293e+09        0.000385083        0.000136106         0.00214268           0.053669          0.0040607          0.0934282        1.01294e-05        8.23314e-08        6.75684e-09        9.99765e-07         5.4804e-06          0.0158276          0.0975715        2.55738e-07        2.45087e-06        5.66259e-09            0.73276
45         0.00114288        2.51181e-05        4.65337e-06             101325           0.185259        4.65337e-06            1803.18                  0           0.865764            1000.33        1.19745e+09        0.000379098        0.000132099         0.00210661          0.0530955         0.00407778           0.093516        9.76188e-06        4.67153e-08        3.84545e-09         5.4444e-07        2.91914e-06          0.0149363          0.0989821        1.52473e-07         1.3592e-06        3.22912e-09            0.73276
46         0.00116799        2.51181e-05        4.63622e-06             101325           0.184577        4.63622e-06            1810.85                  0           0.872316            864.552        1.09275e+09        0.000372716        0.000127724         0.00206386          0.0525903           0.004084          0.0936129        9.44976e-06        2.65774e-08        2.19239e-09        2.98168e-07        1.56267e-06          0.0141438           0.100233         9.3585e-08        7.56291e-07        1.84408e-09            0.73276
47         0.00119311        2.51181e-05        4.62021e-06             101325           0.183939        4.62021e-06            1818.09                  0            0.87822            752.165        1.00674e+09        0.000365922        0.000123122          0.0020167          0.0521404         0.00408164          0.0937182        9.17306e-06        1.51638e-08         1.2525e-09        1.64238e-07        8.40873e-07          0.0134366           0.101347        5.97642e-08        4.22321e-07        1.05496e-09            0.73276
48         0.00121823        2.51181e-05        4.60521e-06             101325           0.183342        4.60521e-06            1824.93                  0           0.883572            658.118        9.32852e+08        0.000358757        0.000118402         0.00196673          0.0517364         0.00407236          0.0938307        8.92046e-06        8.67697e-09        7.17109e-10        9.09887e-08        4.54879e-07          0.0128028           0.102344        4.01099e-08        2.36701e-07        6.04685e-10            0.73276
49         0.00124335        2.51181e-05        4.59112e-06             101325           0.182781        4.59112e-06             1831.4                  0           0.888451            578.771        8.67479e+08        0.000351284        0.000113646          0.0019151          0.0513707         0.00405746          0.0939486        8.68533e-06        4.97948e-09        4.11495e-10         5.0695e-08        2.47394e-07          0.0122319           0.103242        2.84822e-08         1.3316e-07        3.47286e-10            0.73276
50         0.00126847        2.51181e-05        4.57786e-06             101325           0.182253        4.57786e-06            1837.54                  0           0.892925            511.402        8.08562e+08        0.000343575        0.000108915         0.00186266          0.0510377         0.00403794          0.0940706        8.46367e-06        2.86563e-09        2.36654e-10        2.84018e-08        1.35275e-07          0.0117149           0.104055        2.14243e-08        7.51901e-08        1.99857e-10            0.73276
51         0.00129358        2.51181e-05        4.56536e-06             101325           0.181755        4.56536e-06            1843.38                  0           0.897047            453.915        7.54869e+08        0.000335699        0.000104254         0.00181001          0.0507326         0.00401459          0.0941954        8.25289e-06        1.65361e-09        1.36401e-10        1.59976e-08        7.43641e-08          0.0112442           0.104795        1.69879e-08        4.26129e-08        1.15243e-10            0.73276
52          0.0013187        2.51181e-05        4.55354e-06             101325           0.181285        4.55354e-06            1848.93                  0           0.900867             404.65        7.05607e+08        0.000327721        9.96967e-05         0.00175758          0.0504517         0.00398807          0.0943217        8.05127e-06        9.56698e-10        7.87883e-11        9.05743e-09        4.10966e-08          0.0108131           0.105472        1.40725e-08        2.42379e-08        6.65836e-11            0.73276
53         0.00134382        2.51181e-05        4.54234e-06             101325           0.180839        4.54234e-06            1854.22                  0           0.904422            362.266         6.6022e+08        0.000319694        9.52655e-05         0.00170571          0.0501916          0.0039589          0.0944487        7.85758e-06        5.54876e-10        4.56059e-11        5.15347e-09        2.28301e-08          0.0104163           0.106096         1.2054e-08         1.3836e-08         3.8544e-11            0.73276
54         0.00136894        2.51181e-05        4.53171e-06             101325           0.180416        4.53171e-06            1859.28                  0           0.907748            325.665        6.18285e+08        0.000311665        9.09759e-05         0.00165463          0.0499497         0.00392751          0.0945756        7.67089e-06        3.22593e-10        2.64532e-11        2.94608e-09        1.27474e-08          0.0100489           0.106673        1.05768e-08        7.92674e-09        2.23549e-11            0.73276
55         0.00139406        2.51181e-05        4.52161e-06             101325           0.180014        4.52161e-06            1864.11                  0           0.910871            293.938        5.79458e+08        0.000303673        8.68377e-05         0.00160451          0.0497239         0.00389428          0.0947018        7.49046e-06        1.87981e-10        1.53751e-11        1.69179e-09        7.15326e-09         0.00970706           0.107211        9.43641e-09        4.55821e-09        1.29899e-11            0.73276
56         0.00141917        2.51181e-05        4.51199e-06             101325           0.179631        4.51199e-06            1868.73                  0           0.913818             266.33        5.43446e+08        0.000295746        8.28561e-05         0.00155546          0.0495121          0.0038595          0.0948268        7.31571e-06        1.09785e-10        8.95433e-12        9.75705e-10        4.03363e-09          0.0093873           0.107713        8.51396e-09        2.63154e-09        7.56224e-12            0.73276
57         0.00144429        2.51181e-05        4.50282e-06             101325           0.179266        4.50282e-06            1873.17                  0           0.916608            242.208        5.09994e+08        0.000287911        7.90329e-05         0.00150755          0.0493127         0.00382343          0.0949503        7.14613e-06        6.42571e-11        5.22538e-12        5.65037e-10        2.28532e-09          0.0090868           0.108185         7.7394e-09        1.52593e-09        4.41075e-12            0.73276
58         0.00146941        2.51181e-05        4.49405e-06             101325           0.178916        4.49405e-06            1877.43                  0            0.91926            221.043        4.78873e+08        0.000280184        7.53675e-05         0.00146084          0.0491244         0.00378627          0.0950719         6.9813e-06        3.76909e-11        3.05546e-12        3.28511e-10        1.30078e-09         0.00880311           0.108631        7.07043e-09        8.89411e-10        2.57752e-12            0.73276
59         0.00149453        2.51181e-05        4.48566e-06             101325           0.178582        4.48566e-06            1881.53                  0           0.921788             202.39        4.49882e+08        0.000272579        7.18575e-05         0.00141535          0.0489459         0.00374821          0.0951916        6.82085e-06        2.21556e-11        1.79026e-12        1.91723e-10        7.43725e-10         0.00853418           0.109054        6.48085e-09        5.21745e-10        1.50916e-12            0.73276
60         0.00151965        2.51181e-05        4.47761e-06             101325           0.178262        4.47761e-06            1885.47                  0           0.924207            185.876        4.22836e+08        0.000265106         6.8499e-05         0.00137108          0.0487763         0.00370939          0.0953091        6.66444e-06        1.30516e-11        1.05112e-12        1.12305e-10        4.27101e-10         0.00827824           0.109456        5.95382e-09        3.08648e-10        8.85392e-13            0.73276
61         0.00154477        2.51181e-05        4.46989e-06             101325           0.177955        4.46989e-06            1889.28                  0           0.926527            171.189         3.9757e+08        0.000257771        6.52873e-05         0.00132803          0.0486145         0.00366992          0.0954244         6.5118e-06        7.70525e-12        6.18448e-13        6.60202e-11        2.46328e-10         0.00803378            0.10984        5.47804e-09        1.84685e-10        5.20523e-13            0.73276
62         0.00156988        2.51181e-05        4.46247e-06             101325           0.177659        4.46247e-06            1892.95                  0           0.928758            158.064        3.73937e+08         0.00025058        6.22173e-05         0.00128617          0.0484599         0.00362993          0.0955374        6.36266e-06        4.55898e-12        3.64665e-13        3.89472e-11        1.42667e-10         0.00779953           0.110208        5.04558e-09        1.12277e-10        3.06684e-13            0.73276
63           0.001595        2.51181e-05        4.45533e-06             101325           0.177375        4.45533e-06            1896.49                  0           0.930909            146.282        3.51802e+08        0.000243533        5.92832e-05         0.00124549          0.0483117         0.00358948          0.0956482        6.21679e-06        2.70351e-12        2.15502e-13        2.30554e-11        8.29718e-11         0.00757438           0.110562        4.65059e-09        6.97771e-11        1.81111e-13            0.73276
64         0.00162012        2.51181e-05        4.44845e-06             101325           0.177101        4.44845e-06            1899.93                  0           0.932987            135.655        3.31046e+08        0.000236633        5.64794e-05         0.00120596          0.0481695         0.00354865          0.0957567        6.07399e-06        1.60691e-12        1.27646e-13        1.36946e-11        4.84514e-11         0.00735739           0.110903        4.28857e-09        4.46812e-11        1.07219e-13            0.73276
65         0.00164524        2.51181e-05        4.44181e-06             101325           0.176837        4.44181e-06            1903.25                  0              0.935            126.027        3.11559e+08        0.000229877        5.37999e-05         0.00116754          0.0480326         0.00350749          0.0958629        5.93406e-06        9.57384e-13        7.57876e-14        8.16197e-12        2.84074e-11         0.00714775           0.111232         3.9559e-09        2.97453e-11        6.36447e-14            0.73276
66         0.00167036        2.51181e-05        4.43539e-06             101325           0.176581        4.43539e-06            1906.47                  0           0.936951            117.266        2.93244e+08        0.000223266        5.12392e-05          0.0011302          0.0479006         0.00346606           0.095967        5.79683e-06        5.71802e-13        4.51084e-14        4.88102e-12         1.6722e-11         0.00694477           0.111551        3.64962e-09         2.0761e-11         3.7891e-14            0.73276
67         0.00169547        2.51181e-05        4.42919e-06             101325           0.176335        4.42919e-06             1909.6                  0           0.938847            109.261        2.76013e+08        0.000216796        4.87916e-05          0.0010939          0.0477733         0.00342439          0.0960689        5.66217e-06        3.42376e-13        2.69168e-14        2.92885e-12        9.88253e-12         0.00674785            0.11186        3.36719e-09        1.52765e-11        2.26334e-14            0.73276
68         0.00172059        2.51181e-05        4.42319e-06             101325           0.176096        4.42319e-06            1912.64                  0           0.940691            101.917        2.59787e+08        0.000210466        4.64518e-05         0.00105862          0.0476501         0.00338252          0.0961687        5.52994e-06        2.05539e-13        1.61041e-14        1.76346e-12         5.8636e-12         0.00655648           0.112161        3.10645e-09        1.18595e-11        1.35711e-14            0.73276
69         0.00174571        2.51181e-05        4.41738e-06             101325           0.175864        4.41738e-06            1915.59                  0           0.942487            95.1558        2.44494e+08        0.000204272        4.42147e-05         0.00102431          0.0475308         0.00334047          0.0962664        5.40001e-06        1.23725e-13        9.66133e-15        1.06543e-12         3.4928e-12         0.00637021           0.112454         2.8655e-09        9.67048e-12        8.17365e-15            0.73276
70         0.00177083        2.51181e-05        4.41175e-06             101325            0.17564        4.41175e-06            1918.46                  0           0.944238            88.9096        2.30069e+08        0.000198213        4.20754e-05         0.00099094          0.0474153         0.00329827          0.0963622        5.27229e-06        7.46846e-14        5.81253e-15        6.45946e-13        2.08882e-12         0.00618868           0.112739        2.64268e-09          8.216e-12        4.94931e-15            0.73276
71         0.00179595        2.51181e-05        4.40628e-06             101325           0.175422        4.40628e-06            1921.25                  0           0.945948            83.1212        2.16454e+08        0.000192284        4.00294e-05        0.000958484          0.0473032         0.00325593           0.096456        5.14667e-06         4.5212e-14         3.5072e-15        3.93003e-13        1.25415e-12         0.00601154           0.113017         2.4365e-09        7.20506e-12         3.0167e-15            0.73276
72         0.00182106        2.51181e-05        4.40098e-06             101325           0.175211        4.40098e-06            1923.97                  0           0.947619            77.7421        2.03596e+08        0.000186483        3.80722e-05        0.000926908          0.0471943         0.00321347          0.0965479        5.02309e-06        2.74513e-14        2.12259e-15        2.39965e-13        7.56009e-13         0.00583853           0.113289        2.24563e-09        6.46538e-12        1.85392e-15            0.73276
73         0.00184618        2.51181e-05        4.39582e-06             101325           0.175006        4.39582e-06            1926.62                  0           0.949252             72.731        1.91447e+08        0.000180808        3.61999e-05        0.000896183          0.0470885         0.00317091           0.096638        4.90147e-06        1.67186e-14        1.28861e-15        1.47054e-13        4.57558e-13         0.00566941           0.113555        2.06887e-09        5.89453e-12        1.15125e-15            0.73276
74          0.0018713        2.51181e-05        4.39081e-06             101325           0.174806        4.39081e-06            1929.21                  0            0.95085            68.0526        1.79962e+08        0.000175256        3.44087e-05        0.000866283          0.0469857         0.00312825          0.0967264        4.78176e-06        1.02142e-14         7.8481e-16        9.04492e-14        2.78048e-13         0.00550397           0.113815        1.90516e-09        5.43133e-12        7.24412e-16            0.73276
75         0.00189642        2.51181e-05        4.38594e-06             101325           0.174613        4.38594e-06            1931.73                  0           0.952415            63.6764        1.69103e+08        0.000169823        3.26949e-05        0.000837182          0.0468857         0.00308552           0.096813        4.66391e-06        6.26055e-15        4.79553e-16        5.58421e-14        1.69653e-13         0.00534204           0.114069        1.75351e-09        5.03897e-12        4.63484e-16            0.73276
76         0.00192154        2.51181e-05         4.3812e-06             101325           0.174424         4.3812e-06            1934.18                  0           0.953946            59.5764        1.58832e+08        0.000164509        3.10552e-05        0.000808858          0.0467884         0.00304272          0.0968979        4.54788e-06        3.85003e-15         2.9402e-16        3.46078e-14        1.03942e-13         0.00518348           0.114318        1.61304e-09        4.69516e-12        3.02728e-16            0.73276
77         0.00194666        2.51181e-05        4.37659e-06             101325            0.17424        4.37659e-06            1936.58                  0           0.955447              55.73        1.49117e+08        0.000159311        2.94866e-05        0.000781289          0.0466937         0.00299987          0.0969812        4.43365e-06        2.37573e-15        1.80893e-16        2.15313e-14        6.39474e-14         0.00502817           0.114562        1.48295e-09        4.38624e-12        2.02712e-16            0.73276
78         0.00197177        2.51181e-05        4.37211e-06             101325           0.174062        4.37211e-06            1938.92                  0           0.956918            52.1178        1.39927e+08        0.000154226        2.79862e-05        0.000754454          0.0466015         0.00295698          0.0970628        4.32119e-06        1.47112e-15        1.11689e-16        1.34487e-14        3.95075e-14           0.004876           0.114801        1.36248e-09        4.10374e-12         1.3971e-16            0.73276
79         0.00199689        2.51181e-05        4.36774e-06             101325           0.173888        4.36774e-06             1941.2                  0           0.958359            48.7225        1.31234e+08        0.000149254        2.65511e-05        0.000728337          0.0465118         0.00291406          0.0971429         4.2105e-06        9.14232e-16         6.9212e-17        8.43401e-15         2.4512e-14         0.00472691           0.115036        1.25097e-09         3.8423e-12        9.94006e-17            0.73276
80         0.00202201        2.51181e-05        4.36348e-06             101325           0.173718        4.36348e-06            1943.43                  0           0.959771            45.5293        1.23011e+08        0.000144393        2.51788e-05        0.000702919          0.0464246         0.00287112          0.0972214        4.10158e-06        5.70242e-16        4.30496e-17         5.3108e-15        1.52737e-14         0.00458081           0.115265        1.14778e-09        3.59845e-12        7.31042e-17            0.73276
81         0.00204713        2.51181e-05        4.35934e-06             101325           0.173554        4.35934e-06            1945.61                  0           0.961155            42.5249        1.15236e+08        0.000139641        2.38669e-05        0.000678187          0.0463396         0.00282818          0.0972985        3.99442e-06        3.57023e-16         2.6879e-17        3.35806e-15        9.55862e-15         0.00443767            0.11549        1.05234e-09        3.36986e-12        5.55404e-17            0.73276
82         0.00207225        2.51181e-05        4.35531e-06             101325           0.173393        4.35531e-06            1947.73                  0           0.962512            39.6977        1.07885e+08        0.000134998        2.26132e-05        0.000654125           0.046257         0.00278526           0.097374        3.88905e-06        2.24392e-16        1.68481e-17        2.13231e-15        6.00834e-15         0.00429744            0.11571        9.64121e-10        3.15491e-12         4.3481e-17            0.73276
83         0.00209736        2.51181e-05        4.35138e-06             101325           0.173237        4.35138e-06            1949.81                  0           0.963841             37.037        1.00938e+08        0.000130462        2.14155e-05        0.000630722          0.0461767         0.00274236           0.097448        3.78547e-06         1.4159e-16        1.06029e-17        1.35981e-15        3.79353e-15         0.00416009           0.115926        8.82621e-10        2.95243e-12        3.49415e-17            0.73276
84         0.00212248        2.51181e-05        4.34756e-06             101325           0.173085        4.34756e-06            1951.83                  0           0.965142            34.5335        9.43752e+07        0.000126032        2.02718e-05        0.000607965          0.0460986         0.00269952          0.0975206         3.6837e-06         8.9706e-17        6.69996e-18        8.70974e-16        2.40595e-15         0.00402561           0.116138        8.07382e-10        2.76152e-12        2.86934e-17            0.73276
85          0.0021476        2.51181e-05        4.34384e-06             101325           0.172936        4.34384e-06             1953.8                  0           0.966417            32.1786        8.81784e+07        0.000121709        1.91801e-05        0.000585845          0.0460227         0.00265675          0.0975917        3.58379e-06        5.70716e-17        4.25147e-18        5.60357e-16        1.53287e-15         0.00389398           0.116344        7.37975e-10        2.58145e-12        2.39702e-17            0.73276
86         0.00217272        2.51181e-05        4.34022e-06             101325           0.172792        4.34022e-06            1955.73                  0           0.967666            29.9644        8.23303e+07        0.000117491        1.81387e-05         0.00056435           0.045949         0.00261407          0.0976614        3.48575e-06        3.64658e-17        2.70942e-18        3.62154e-16        9.81122e-16          0.0037652           0.116547        6.73999e-10        2.41163e-12        2.02887e-17            0.73276
87         0.00219784        2.51181e-05        4.33669e-06             101325           0.172652        4.33669e-06             1957.6                  0           0.968887            27.8836        7.68146e+07        0.000113378        1.71456e-05        0.000543473          0.0458775         0.00257149          0.0977296        3.38962e-06        2.34036e-17        1.73435e-18        2.35142e-16        6.30903e-16         0.00363926           0.116745         6.1508e-10        2.25151e-12        1.73401e-17            0.73276
88         0.00222296        2.51181e-05        4.33326e-06             101325           0.172515        4.33326e-06            1959.43                  0           0.970082            25.9295        7.16161e+07        0.000109369        1.61994e-05        0.000523204          0.0458081         0.00252906          0.0977964        3.29544e-06        1.50899e-17        1.11527e-18        1.53398e-16        4.07613e-16         0.00351618           0.116938        5.60867e-10        2.10063e-12        1.49241e-17            0.73276
89         0.00224807        2.51181e-05        4.32993e-06             101325           0.172383        4.32993e-06            1961.21                  0            0.97125            24.0957        6.67198e+07        0.000105465        1.52982e-05        0.000503535          0.0457409         0.00248678          0.0978618        3.20325e-06         9.7765e-18        7.20582e-19        1.00556e-16        2.64607e-16         0.00339594           0.117127        5.11032e-10        1.95855e-12         1.2908e-17            0.73276
90         0.00227319        2.51181e-05        4.32669e-06             101325           0.172254        4.32669e-06            1962.95                  0           0.972391            22.3764        6.21119e+07        0.000101664        1.44407e-05         0.00048446          0.0456758         0.00244468          0.0979258        3.11309e-06        6.36625e-18        4.67873e-19        6.62443e-17        1.72603e-16         0.00327857           0.117311        4.65266e-10        1.82486e-12        1.12018e-17            0.73276
91         0.00229831        2.51181e-05        4.32354e-06             101325           0.172128        4.32354e-06            1964.64                  0           0.973505            20.7657        5.77788e+07        9.79663e-05        1.36252e-05         0.00046597          0.0456129          0.0024028          0.0979884        3.02501e-06         4.1679e-18        3.05364e-19        4.38638e-17        1.13139e-16         0.00316408           0.117491        4.23281e-10        1.69918e-12        9.74267e-18            0.73276
92         0.00232343        2.51181e-05        4.32048e-06             101325           0.172006        4.32048e-06            1966.28                  0           0.974593            19.2584        5.37078e+07         9.4372e-05        1.28502e-05        0.000448058           0.045552         0.00236116          0.0980495        2.93904e-06        2.74437e-18        2.00388e-19        2.91979e-17        7.45274e-17         0.00305247           0.117666        3.84804e-10        1.58113e-12         8.4854e-18            0.73276
93         0.00234855        2.51181e-05        4.31751e-06             101325           0.171888        4.31751e-06            1967.88                  0           0.975654            17.8493        4.98864e+07        9.08806e-05        1.21143e-05        0.000430719          0.0454932         0.00231978          0.0981092        2.85523e-06        1.81825e-18        1.32262e-19         1.9542e-17        4.93388e-17         0.00294375           0.117837        3.49579e-10        1.47036e-12        7.39635e-18            0.73276
94         0.00237366        2.51181e-05        4.31463e-06             101325           0.171774        4.31463e-06            1969.43                  0           0.976688            16.5334        4.63027e+07        8.74918e-05        1.14161e-05        0.000413945          0.0454365         0.00227871          0.0981676        2.77363e-06        1.21279e-18        8.78391e-20        1.31541e-17        3.28289e-17         0.00283794           0.118003        3.17367e-10        1.36653e-12        6.44968e-18            0.73276
95         0.00239878        2.51181e-05        4.31184e-06             101325           0.171663        4.31184e-06            1970.94                  0           0.977694            15.3059        4.29453e+07         8.4205e-05        1.07543e-05        0.000397729          0.0453818         0.00223796          0.0982245        2.69426e-06        8.14921e-19         5.8727e-20        8.90725e-18        2.19558e-17         0.00273504           0.118165        2.87943e-10         1.2693e-12        5.62493e-18            0.73276
96          0.0024239        2.51181e-05        4.30914e-06             101325           0.171555        4.30914e-06             1972.4                  0           0.978674            14.1622         3.9803e+07          8.102e-05        1.01274e-05        0.000382064          0.0453292         0.00219757            0.09828        2.61717e-06        5.52053e-19        3.95491e-20         6.0696e-18        1.47604e-17         0.00263505           0.118322        2.61095e-10        1.17835e-12        4.90544e-18            0.73276
97         0.00244902        2.51181e-05        4.30652e-06             101325           0.171451        4.30652e-06            1973.82                  0           0.979626            13.0978        3.68651e+07        7.79362e-05        9.53419e-06        0.000366943          0.0452786         0.00215758           0.098334         2.5424e-06        3.77372e-19        2.68459e-20        4.16366e-18        9.97557e-18         0.00253798           0.118475        2.36625e-10        1.09337e-12        4.27739e-18            0.73276
98         0.00247414        2.51181e-05        4.30398e-06             101325            0.17135        4.30398e-06            1975.19                  0           0.980552            12.1083        3.41211e+07        7.49531e-05        8.97329e-06         0.00035236          0.0452299         0.00211801          0.0983867        2.46997e-06        2.60569e-19        1.83825e-20        2.87663e-18        6.77814e-18         0.00244384           0.118623        2.14346e-10        1.01405e-12        3.72906e-18            0.73276
99         0.00249925        2.51181e-05        4.30153e-06             101325           0.171252        4.30153e-06            1976.53                  0            0.98145            11.1896        3.15611e+07        7.20699e-05        8.44344e-06        0.000338306          0.0451833          0.0020789          0.0984379        2.39991e-06        1.81941e-19        1.27087e-20        2.00269e-18        4.63085e-18         0.00235261           0.118766        1.94085e-10          9.401e-13        3.25041e-18            0.73276
100         0.00252437        2.51181e-05        4.29916e-06             101325           0.171158        4.29916e-06            1977.81                  0           0.982321            10.3376        2.91753e+07        6.92859e-05        7.94339e-06        0.000324775          0.0451385         0.00204028          0.0984878        2.33225e-06        1.28621e-19        8.87972e-21         1.4058e-18        3.18158e-18         0.00226429           0.118905        1.75679e-10        8.71234e-13        2.83276e-18            0.73276
101         0.00254949        2.51181e-05        4.29688e-06             101325           0.171067        4.29688e-06            1979.06                  0           0.983165            9.54836        2.69543e+07        6.66003e-05        7.47189e-06        0.000311758          0.0450957         0.00200218          0.0985362          2.267e-06        9.21716e-20          6.277e-21        9.95656e-19        2.19846e-18         0.00217888           0.119039        1.58975e-10        8.07171e-13        2.46853e-18            0.73276
102         0.00257461        2.51181e-05        4.29467e-06             101325           0.170979        4.29467e-06            1980.26                  0           0.983982            8.81801        2.48889e+07        6.40121e-05        7.02774e-06        0.000299247          0.0450547         0.00196464          0.0985832        2.20417e-06        6.70326e-20        4.49395e-21         7.1202e-19        1.52814e-18         0.00209636           0.119168        1.43833e-10        7.47642e-13        2.15109e-18            0.73276
103         0.00259973        2.51181e-05        4.29254e-06             101325           0.170894        4.29254e-06            1981.42                  0           0.984772            8.14291        2.29704e+07        6.15203e-05        6.60973e-06        0.000287233          0.0450156         0.00192768          0.0986288        2.14378e-06        4.95242e-20          3.262e-21        5.14542e-19        1.06872e-18          0.0020167           0.119294        1.30119e-10        6.92387e-13        1.87461e-18            0.73276
104         0.00262485        2.51181e-05        4.29049e-06             101325           0.170813        4.29049e-06            1982.54                  0           0.985536             7.5195        2.11902e+07        5.91237e-05         6.2167e-06        0.000275708          0.0449783         0.00189135           0.098673        2.08582e-06        3.71986e-20        2.40286e-21        3.76061e-19        7.52182e-19          0.0019399           0.119414        1.17712e-10        6.41154e-13        1.63398e-18            0.73276
105         0.00264996        2.51181e-05        4.28852e-06             101325           0.170734        4.28852e-06            1983.62                  0           0.986272            6.94437          1.954e+07         5.6821e-05         5.8475e-06        0.000264662          0.0449427         0.00185567          0.0987158        2.03029e-06        2.84188e-20        1.79761e-21        2.78206e-19        5.32929e-19         0.00186592            0.11953        1.06497e-10        5.93699e-13        1.42467e-18            0.73276
106         0.00267508        2.51181e-05        4.28662e-06             101325           0.170658        4.28662e-06            1984.66                  0           0.986983            6.41425        1.80121e+07        5.46107e-05        5.50101e-06        0.000254085          0.0449089         0.00182066          0.0987572        1.97718e-06        2.20844e-20        1.36651e-21        2.08492e-19        3.80231e-19         0.00179474           0.119642        9.63682e-11         5.4979e-13        1.24273e-18            0.73276
107          0.0027002        2.51181e-05         4.2848e-06             101325           0.170586         4.2848e-06            1985.66                  0           0.987667              5.926        1.65987e+07        5.24915e-05        5.17613e-06        0.000243968          0.0448767         0.00178637          0.0987972        1.92646e-06        1.74512e-20        1.05577e-21        1.58389e-19        2.73294e-19         0.00172631            0.11975        8.72288e-11        5.09202e-13        1.08466e-18            0.73276
108         0.00272532        2.51181e-05        4.28305e-06             101325           0.170516        4.28305e-06            1986.62                  0           0.988326            5.47662        1.52924e+07        5.04617e-05        4.87179e-06        0.000234301          0.0448462         0.00175281          0.0988358        1.87813e-06        1.40131e-20        8.28932e-22        1.22043e-19        1.97977e-19         0.00166061           0.119853        7.89882e-11         4.7172e-13        9.47405e-19            0.73276
109         0.00275044        2.51181e-05        4.28137e-06             101325            0.17045        4.28137e-06            1987.54                  0           0.988959            5.06325        1.40864e+07        4.85196e-05        4.58694e-06        0.000225072          0.0448172         0.00172002          0.0988731        1.83213e-06        1.14232e-20        6.61109e-22         9.5413e-20        1.44621e-19          0.0015976           0.119952        7.15636e-11         4.3714e-13        8.28264e-19            0.73276
110         0.00277555        2.51181e-05        4.27977e-06             101325           0.170386        4.27977e-06            1988.43                  0           0.989568             4.6832        1.29738e+07        4.66634e-05        4.32057e-06         0.00021627          0.0447898         0.00168801           0.098909        1.78845e-06        9.44224e-21        5.35206e-22        7.56947e-20        1.06594e-19         0.00153722           0.120047        6.48787e-11        4.05264e-13         7.2488e-19            0.73276
111         0.00280067        2.51181e-05        4.27823e-06             101325           0.170324        4.27823e-06            1989.27                  0           0.990151            4.33388        1.19482e+07        4.48912e-05         4.0717e-06        0.000207885          0.0447639         0.00165681          0.0989436        1.74704e-06        7.90384e-21        4.39396e-22        6.09309e-20        7.93237e-20         0.00147944           0.120138        5.88632e-11        3.75907e-13        6.35187e-19            0.73276
112         0.00282579        2.51181e-05        4.27676e-06             101325           0.170266        4.27676e-06            1990.08                  0            0.99071            4.01287        1.10035e+07         4.3201e-05        3.83937e-06        0.000199905          0.0447394         0.00162645          0.0989769        1.70784e-06        6.69131e-21        3.65438e-22        4.97479e-20        5.96407e-20         0.00142419           0.120224        5.34532e-11        3.48891e-13        5.57379e-19            0.73276
113         0.00285091        2.51181e-05        4.27535e-06             101325            0.17021        4.27535e-06            1990.86                  0           0.991245            3.71789        1.01339e+07        4.15907e-05        3.62266e-06        0.000192318          0.0447163         0.00159693          0.0990088        1.67081e-06        5.72201e-21        3.07535e-22         4.1175e-20        4.53384e-20         0.00137142           0.120307        4.85899e-11         3.2405e-13        4.89881e-19            0.73276
114         0.00287603        2.51181e-05        4.27401e-06             101325           0.170156        4.27401e-06             1991.6                  0           0.991757            3.44681        9.33383e+06        4.00583e-05        3.42068e-06        0.000185112          0.0446945         0.00156828          0.0990395         1.6359e-06        4.93685e-21        2.61582e-22        3.45224e-20        3.48728e-20         0.00132109           0.120386        4.42198e-11        3.01224e-13        4.31319e-19            0.73276
115         0.00290114        2.51181e-05        4.27273e-06             101325           0.170105        4.27273e-06             1992.3                  0           0.992246             3.1976        8.59805e+06        3.86015e-05        3.23258e-06        0.000178275           0.044674          0.0015405          0.0990689        1.60303e-06        4.29307e-21        2.24636e-22         2.9296e-20        2.71583e-20         0.00127312           0.120462        4.02941e-11        2.80263e-13        3.80497e-19            0.73276
116         0.00292626        2.51181e-05        4.27151e-06             101325           0.170057        4.27151e-06            1992.98                  0           0.992713            2.96842        7.92165e+06        3.72181e-05        3.05753e-06        0.000171795          0.0446547         0.00151362          0.0990971        1.57214e-06         3.7594e-21         1.9457e-22        2.51399e-20        2.14277e-20         0.00122746           0.120533        3.67686e-11        2.61029e-13        3.36375e-19            0.73276
117         0.00295138        2.51181e-05        4.27035e-06             101325           0.170011        4.27035e-06            1993.62                  0           0.993157            2.75753        7.30001e+06        3.59058e-05        2.89474e-06         0.00016566          0.0446366         0.00148764           0.099124        1.54317e-06        3.31265e-21        1.69831e-22        2.17952e-20        1.71365e-20         0.00118404           0.120602        3.36028e-11        2.43388e-13        2.98052e-19            0.73276
118          0.0029765        2.51181e-05        4.26925e-06             101325           0.169967        4.26925e-06            1994.23                  0           0.993581            2.56331        6.72876e+06        3.46623e-05        2.74346e-06        0.000159856          0.0446197         0.00146257          0.0991498        1.51604e-06        2.93544e-21        1.49268e-22        1.90726e-20        1.38958e-20          0.0011428           0.120666        3.07605e-11        2.27217e-13        2.64745e-19            0.73276
119         0.00300162        2.51181e-05         4.2682e-06             101325           0.169925         4.2682e-06            1994.81                  0           0.993984             2.3843        6.20386e+06        3.34853e-05        2.60297e-06        0.000154372          0.0446038         0.00143841          0.0991744        1.49068e-06        2.61453e-21         1.3202e-22        1.68322e-20        1.14268e-20         0.00110367           0.120728        2.82087e-11        2.12401e-13        2.35777e-19            0.73276
120         0.00302674        2.51181e-05        4.26721e-06             101325           0.169886        4.26721e-06            1995.36                  0           0.994366            2.21912        5.72151e+06        3.23724e-05        2.47259e-06        0.000149196          0.0445889         0.00141516          0.0991978        1.46701e-06        2.33972e-21        1.17436e-22        1.49696e-20        9.52832e-21         0.00106658           0.120786        2.59174e-11        1.98831e-13        2.10561e-19            0.73276
121         0.00305185        2.51181e-05        4.26627e-06             101325           0.169848        4.26627e-06            1995.88                  0           0.994729            2.06655        5.27819e+06        3.13212e-05        2.35165e-06        0.000144314          0.0445749         0.00139283          0.0992201        1.44496e-06        2.10304e-21        1.05017e-22        1.34064e-20        8.05461e-21         0.00103147           0.120841          2.386e-11        1.86409e-13        1.88592e-19            0.73276
122         0.00307697        2.51181e-05        4.26538e-06             101325           0.169813        4.26538e-06            1996.37                  0           0.995074            1.92543        4.87065e+06        3.03293e-05        2.23955e-06        0.000139715          0.0445619          0.0013714          0.0992413        1.42444e-06        1.89818e-21        9.43739e-23        1.20833e-20        6.89939e-21        0.000998272           0.120893        2.20122e-11        1.75041e-13         1.6943e-19            0.73276
123         0.00310209        2.51181e-05        4.26454e-06             101325           0.169779        4.26454e-06            1996.84                  0             0.9954            1.79474        4.49587e+06        2.93945e-05        2.13569e-06        0.000135387          0.0445498         0.00135088          0.0992614        1.40538e-06        1.72011e-21        8.52028e-23        1.09545e-20        5.98476e-21        0.000966908           0.120943        2.03523e-11         1.6464e-13        1.52699e-19            0.73276
124         0.00312721        2.51181e-05        4.26374e-06             101325           0.169747        4.26374e-06            1997.28                  0           0.995708            1.67355        4.15107e+06        2.85143e-05        2.03953e-06        0.000131318          0.0445385         0.00133126          0.0992806        1.38771e-06        1.56473e-21        7.72614e-23        9.98464e-21        5.25328e-21        0.000937313           0.120989        1.88607e-11        1.55127e-13        1.38073e-19            0.73276
125         0.00315233        2.51181e-05        4.26299e-06             101325           0.169718        4.26299e-06            1997.69                  0           0.995999            1.56102        3.83372e+06        2.76865e-05        1.95054e-06        0.000127496          0.0445279         0.00131252          0.0992987        1.37135e-06         1.4287e-21        7.03553e-23        9.14612e-21        4.66239e-21        0.000909418           0.121033        1.75199e-11        1.46428e-13        1.25269e-19            0.73276
126         0.00317744        2.51181e-05        4.26228e-06             101325           0.169689        4.26228e-06            1998.09                  0           0.996274            1.45638        3.54147e+06        2.69088e-05        1.86824e-06         0.00012391          0.0445181         0.00129466          0.0993158        1.35621e-06        1.30926e-21        6.43266e-23        8.41709e-21        4.18029e-21        0.000883156           0.121074        1.63143e-11        1.38476e-13        1.14047e-19            0.73276
127         0.00320256        2.51181e-05        4.26162e-06             101325           0.169663        4.26162e-06            1998.46                  0           0.996533            1.35896        3.27221e+06        2.61789e-05        1.79215e-06        0.000120549           0.044509         0.00127766           0.099332        1.34223e-06        1.20412e-21         5.9046e-23        7.78008e-21        3.78314e-21        0.000858459           0.121113        1.52297e-11        1.31207e-13        1.04197e-19            0.73276
128         0.00322768        2.51181e-05        4.26099e-06             101325           0.169638        4.26099e-06             1998.8                  0           0.996777            1.26816        3.02399e+06        2.54947e-05        1.72185e-06        0.000117402          0.0445006         0.00126151          0.0993473        1.32934e-06        1.11134e-21         5.4407e-23        7.22105e-21         3.4529e-21        0.000835261           0.121149        1.42537e-11        1.24564e-13        9.55395e-20            0.73276
129          0.0032528        2.51181e-05         4.2604e-06             101325           0.169615         4.2604e-06            1999.13                  0           0.997006            1.18345        2.79505e+06        2.48541e-05        1.65693e-06        0.000114458          0.0444927         0.00124618          0.0993617        1.31747e-06        1.02929e-21        5.03204e-23        6.72856e-21        3.17584e-21        0.000813496           0.121184        1.33749e-11        1.18495e-13        8.79186e-20            0.73276
130         0.00327792        2.51181e-05        4.25985e-06             101325           0.169593        4.25985e-06            1999.44                  0           0.997221            1.10434         2.5838e+06        2.42548e-05        1.59703e-06        0.000111707          0.0444855         0.00123167          0.0993753        1.30655e-06        9.56606e-22         4.6712e-23        6.29323e-21        2.94146e-21        0.000793101           0.121216        1.25834e-11        1.12951e-13         8.1201e-20            0.73276
131         0.00330304        2.51181e-05        4.25933e-06             101325           0.169572        4.25933e-06            1999.72                  0           0.997423            1.03041        2.38879e+06        2.36951e-05        1.54177e-06         0.00010914          0.0444787         0.00121795          0.0993881        1.29652e-06        8.92096e-22        4.35189e-23        5.90729e-21        2.74164e-21        0.000774014           0.121246        1.18702e-11        1.07887e-13        7.52711e-20            0.73276
132         0.00332815        2.51181e-05        4.25885e-06             101325           0.169553        4.25885e-06            1999.99                  0           0.997613           0.961307        2.20872e+06        2.31728e-05        1.49084e-06        0.000106746          0.0444725           0.001205             0.0994        1.28731e-06        8.34757e-22         4.0688e-23        5.56427e-21        2.57007e-21        0.000756174           0.121274        1.12273e-11        1.03264e-13        7.00294e-20            0.73276
133         0.00335327        2.51181e-05         4.2584e-06             101325           0.169535         4.2584e-06            2000.24                  0            0.99779           0.896693        2.04242e+06        2.26861e-05        1.44393e-06        0.000104518          0.0444667          0.0011928          0.0994113        1.27887e-06        7.83721e-22        3.81739e-23        5.25874e-21        2.42181e-21        0.000739523             0.1213        1.06476e-11        9.90447e-14        6.53902e-20            0.73276
134         0.00337839        2.51181e-05        4.25798e-06             101325           0.169518        4.25798e-06            2000.48                  0           0.997955           0.836288        1.88884e+06        2.22332e-05        1.40075e-06        0.000102446          0.0444614         0.00118132          0.0994218        1.27115e-06        7.38244e-22        3.59379e-23         4.9861e-21        2.29295e-21        0.000724005           0.121324        1.01249e-11         9.5195e-14        6.12792e-20            0.73276
135         0.00340351        2.51181e-05        4.25759e-06             101325           0.169502        4.25759e-06             2000.7                  0           0.998109            0.77984        1.74704e+06        2.18125e-05        1.36106e-06        0.000100522          0.0444565         0.00117056          0.0994316        1.26408e-06        6.97679e-22        3.39468e-23        4.74246e-21        2.18041e-21        0.000709565           0.121347        9.65338e-12        9.16847e-14        5.76324e-20            0.73276
136         0.00342863        2.51181e-05        4.25722e-06             101325           0.169488        4.25722e-06             2000.9                  0           0.998253           0.727136        1.61616e+06        2.14223e-05         1.3246e-06        9.87381e-05           0.044452         0.00116048          0.0994407        1.25764e-06         6.6147e-22        3.21723e-23        4.52449e-21        2.08168e-21        0.000696153           0.121368        9.22819e-12        8.84861e-14        5.43945e-20            0.73276
137         0.00345374        2.51181e-05        4.25688e-06             101325           0.169474        4.25688e-06            2001.09                  0           0.998386           0.677985        1.49546e+06         2.1061e-05        1.29116e-06        9.70878e-05          0.0444479         0.00115107          0.0994492        1.25176e-06        6.29133e-22        3.05896e-23        4.32934e-21        1.99476e-21        0.000683719           0.121388        8.84485e-12         8.5574e-14        5.15178e-20            0.73276
138         0.00347886        2.51181e-05        4.25657e-06             101325           0.169462        4.25657e-06            2001.26                  0            0.99851           0.632226        1.38427e+06        2.07273e-05        1.26054e-06         9.5564e-05          0.0444441          0.0011423          0.0994571        1.24642e-06        6.00251e-22        2.91776e-23        4.15456e-21        1.91803e-21        0.000672219           0.121406        8.49944e-12        8.29261e-14         4.8961e-20            0.73276
139         0.00350398        2.51181e-05        4.25628e-06             101325           0.169451        4.25628e-06            2001.42                  0           0.998624           0.589717        1.28198e+06        2.04197e-05        1.23255e-06        9.41603e-05          0.0444406         0.00113415          0.0994645        1.24156e-06         5.7446e-22         2.7918e-23        3.99806e-21        1.85014e-21        0.000661608           0.121422        8.18849e-12        8.05218e-14        4.66887e-20            0.73276
140          0.0035291        2.51181e-05        4.25602e-06             101325            0.16944        4.25602e-06            2001.57                  0            0.99873           0.550338        1.18809e+06        2.01371e-05        1.20703e-06        9.28711e-05          0.0444375         0.00112661          0.0994712        1.23716e-06        5.51448e-22         2.6795e-23        3.85802e-21        1.79002e-21        0.000651847           0.121438        7.90895e-12        7.83431e-14          4.467e-20            0.73276
141         0.00355422        2.51181e-05        4.25577e-06             101325            0.16943        4.25577e-06            2001.71                  0           0.998827           0.513987        1.10213e+06        1.98784e-05        1.18382e-06        9.16911e-05          0.0444346         0.00111966          0.0994774        1.23319e-06        5.30942e-22        2.57952e-23        3.73288e-21        1.73676e-21        0.000642902           0.121452        7.65815e-12        7.63739e-14        4.28787e-20            0.73276
142         0.00357933        2.51181e-05        4.25555e-06             101325           0.169421        4.25555e-06            2001.83                  0           0.998916            0.48058         1.0237e+06        1.96426e-05        1.16281e-06        9.06156e-05           0.044432         0.00111328          0.0994831        1.22961e-06         5.1271e-22        2.49069e-23        3.62131e-21         1.6896e-21        0.000634739           0.121464        7.43376e-12           7.46e-14        4.12922e-20            0.73276
143         0.00360445        2.51181e-05        4.25535e-06             101325           0.169413        4.25535e-06            2001.94                  0           0.998997           0.450046             952457        1.94287e-05        1.14386e-06        8.96406e-05          0.0444296         0.00110746          0.0994882        1.22641e-06        4.96554e-22        2.41202e-23        3.52218e-21        1.64796e-21         0.00062733           0.121476        7.23377e-12        7.30091e-14        3.98913e-20            0.73276
144         0.00362957        2.51181e-05        4.25516e-06             101325           0.169406        4.25516e-06            2002.05                  0           0.999071            0.42233             888123        1.92361e-05         1.1269e-06        8.87628e-05          0.0444275          0.0011022          0.0994929        1.22356e-06        4.82305e-22        2.34267e-23        3.43452e-21        1.61131e-21        0.000620653           0.121487        7.05648e-12        7.15906e-14        3.86598e-20            0.73276
145         0.00365469        2.51181e-05          4.255e-06             101325             0.1694          4.255e-06            2002.14                  0           0.999137           0.397389             830457        1.90641e-05        1.11182e-06        8.79793e-05          0.0444256         0.00109747          0.0994971        1.22104e-06        4.69823e-22        2.28195e-23        3.35755e-21        1.57926e-21        0.000614688           0.121496        6.90045e-12        7.03357e-14        3.75843e-20            0.73276
146         0.00367981        2.51181e-05        4.25486e-06             101325           0.169394        4.25486e-06            2002.22                  0           0.999196           0.375193             779277        1.89124e-05        1.09858e-06        8.72881e-05           0.044424         0.00109329          0.0995007        1.21884e-06        4.58994e-22        2.22929e-23        3.29063e-21        1.55148e-21        0.000609421           0.121504        6.76452e-12        6.92376e-14        3.66536e-20            0.73276
147         0.00370493        2.51181e-05        4.25473e-06             101325           0.169389        4.25473e-06            2002.29                  0           0.999248           0.355722             734447        1.87807e-05        1.08713e-06         8.6688e-05          0.0444226         0.00108964           0.099504        1.21694e-06         4.4973e-22        2.18425e-23        3.23326e-21        1.52772e-21        0.000604846           0.121511        6.64781e-12        6.82908e-14        3.58593e-20            0.73276
148         0.00373004        2.51181e-05        4.25463e-06             101325           0.169385        4.25463e-06            2002.35                  0           0.999292           0.338967             695878        1.86688e-05        1.07744e-06        8.61787e-05          0.0444213         0.00108653          0.0995067        1.21534e-06        4.41964e-22        2.14651e-23        3.18509e-21        1.50781e-21         0.00060096           0.121517        6.54968e-12        6.74919e-14        3.51948e-20            0.73276
149         0.00375516        2.51181e-05        4.25454e-06             101325           0.169381        4.25454e-06            2002.39                  0            0.99933           0.324928             663535         1.8577e-05        1.06951e-06        8.57605e-05          0.0444204         0.00108397          0.0995089        1.21404e-06        4.35656e-22        2.11586e-23        3.14589e-21        1.49164e-21        0.000597767           0.121523        6.46976e-12        6.68393e-14        3.46559e-20            0.73276
150         0.00378028        2.51181e-05        4.25447e-06             101325           0.169378        4.25447e-06            2002.43                  0           0.999361           0.313616             637430        1.85055e-05        1.06335e-06        8.54349e-05          0.0444196         0.00108198          0.0995107        1.21303e-06        4.30786e-22         2.0922e-23         3.1156e-21        1.47915e-21        0.000595281           0.121526        6.40794e-12        6.63334e-14        3.42405e-20            0.73276
151          0.0038054        2.51181e-05        4.25442e-06             101325           0.169376        4.25442e-06            2002.46                  0           0.999384           0.305053             617631        1.84549e-05        1.05899e-06        8.52042e-05           0.044419         0.00108056          0.0995119        1.21232e-06        4.27358e-22        2.07555e-23        3.09425e-21        1.47036e-21        0.000593519           0.121529        6.36435e-12         6.5976e-14        3.39484e-20            0.73276
152         0.00383052        2.51181e-05        4.25439e-06             101325           0.169375        4.25439e-06            2002.47                  0             0.9994           0.299278             604260        1.84257e-05        1.05648e-06        8.50715e-05          0.0444187         0.00107974          0.0995126        1.21191e-06        4.25392e-22          2.066e-23        3.08201e-21        1.46532e-21        0.000592504           0.121531        6.33934e-12        6.57707e-14         3.3781e-20            0.73276
