# Time 0.00063
# eta = 0.002
# length = 0.000336194
#--- 	  	 LEM Line data  --- 
#(1) wafer              (2) x             (3) dx              (4) m              (5) p            (6) rho              (7) m              (8) T              (9) Z             (10) C          (11) dCdt       (12) heatRel                  (13) Y_H2                  (14) Y_H                  (15) Y_O                  (16) Y_O2                  (17) Y_OH                  (18) Y_H2O                  (19) Y_HO2                  (20) Y_CH2                  (21) Y_CH2(S)                  (22) Y_CH3                  (23) Y_CH4                  (24) Y_CO                  (25) Y_CO2                  (26) Y_HCO                  (27) Y_CH2O                  (28) Y_CH2OH                  (29) Y_N2
0        1.25591e-05        2.51182e-05        2.83656e-05             101325            1.12929        2.83656e-05            300.628                  0                  0                  0                  0        3.76649e-08        3.48864e-17        1.67605e-12           0.222545        1.83538e-12        3.01852e-05         2.6643e-08        2.69624e-17        1.39813e-18        2.78973e-07          0.0446282         1.2415e-06        3.50242e-05        1.90905e-17        1.38925e-07        3.06268e-21            0.73276
1        3.76773e-05        2.51182e-05        2.83399e-05             101325            1.12826        2.83399e-05            300.901                  0         0.00030951        1.51114e-07            4.97803        5.68679e-08        5.75137e-17         1.9544e-12           0.222522        2.65713e-12        4.33569e-05        3.77149e-08           5.45e-17        2.82933e-18        4.02619e-07          0.0446222        1.89637e-06        5.01535e-05        3.88499e-17        2.05924e-07        6.23194e-21            0.73276
2        6.27954e-05        2.51182e-05        2.82995e-05             101325            1.12666        2.82995e-05            301.329                  0         0.00042844        2.15988e-07            9.19514         9.0861e-08         9.2216e-17        1.98589e-12           0.222485        3.98588e-12        6.41447e-05        5.45486e-08        1.22645e-16        6.37898e-18        6.00095e-07          0.0446126        3.08289e-06        7.38225e-05         8.8368e-17        3.19916e-07        1.41811e-20            0.73276
3        8.79136e-05        2.51182e-05        2.82351e-05             101325            1.12409        2.82351e-05            302.016                  0        0.000633566        3.37193e-07            19.3498        1.50678e-07        1.45486e-16        1.81845e-12           0.222427        6.17877e-12        9.75966e-05         8.0962e-08        2.91586e-16         1.5214e-17         9.2064e-07          0.0445971        5.20995e-06        0.000111614        2.12977e-16         5.1426e-07        3.43122e-20            0.73276
4        0.000113032        2.51182e-05        2.81364e-05             101325            1.12016        2.81364e-05            303.075                  0          0.0009616         5.5429e-07            43.1273        2.52006e-07        2.30277e-16        1.48986e-12           0.222337        9.69094e-12        0.000149369        1.20965e-07        7.02464e-16        3.68214e-17         1.4208e-06          0.0445732        8.88226e-06        0.000169584        5.21765e-16        8.32937e-07        8.48675e-20            0.73276
5         0.00013815        2.51182e-05        2.79899e-05             101325            1.11433        2.79899e-05             304.66                  0         0.00146638        9.45307e-07             97.724        4.19469e-07        3.84695e-16        1.07986e-12           0.222201        1.52357e-11         0.00022725        1.80027e-07        1.68019e-15        8.86643e-17        2.17919e-06          0.0445371        1.50727e-05        0.000255877        1.27413e-15        1.34195e-06        2.11008e-19            0.73276
6        0.000163268        2.51182e-05        2.77787e-05             101325            1.10592        2.77787e-05            306.975                  0         0.00222099        1.66561e-06            219.846        6.90702e-07        7.16531e-16        6.84237e-13           0.222002        2.39655e-11         0.00034164        2.65505e-07        3.95928e-15        2.10932e-16        3.30166e-06           0.044484        2.53051e-05        0.000381063        3.08103e-15        2.13759e-06        5.25675e-19            0.73276
7        0.000188386        2.51182e-05        2.74824e-05             101325            1.09412        2.74824e-05             310.28                  0         0.00332159        3.03483e-06            484.706        1.12163e-06        1.50406e-15        3.74178e-13           0.221717        3.78069e-11        0.000506014         3.8722e-07        9.18127e-15         4.9566e-16        4.92625e-06          0.0444075         4.1901e-05        0.000558361        7.37947e-15        3.35638e-06        1.31791e-18            0.73276
8        0.000213505        2.51182e-05         2.7079e-05             101325            1.07806         2.7079e-05            314.897                  0         0.00489061        5.72797e-06            1040.14         1.7928e-06        3.44022e-15        1.75123e-13           0.221317        6.01447e-11        0.000737268        5.58297e-07         2.1016e-14        1.15506e-15        7.22663e-06          0.0442995        6.82885e-05        0.000803628        1.75874e-14        5.18576e-06        3.35574e-18            0.73276
9        0.000238623        2.51182e-05        2.65466e-05             101325            1.05687        2.65466e-05            321.203                  0         0.00707822        1.12128e-05            2165.02        2.81609e-06        8.26517e-15        6.99875e-14           0.220768        9.71624e-11         0.00105583        7.96393e-07        4.77252e-14        2.68513e-15        1.04129e-05          0.0441504        0.000109352         0.00113502        4.19852e-14        7.87384e-06        8.77604e-18            0.73276
10        0.000263741        2.51182e-05         2.5867e-05             101325            1.02981         2.5867e-05            329.627                  0          0.0100614        2.27684e-05            4364.76        4.34064e-06        2.04936e-14         2.4409e-14            0.22003        1.60527e-10         0.00148543        1.12556e-06        1.08112e-13        6.26502e-15        1.47281e-05          0.0439486        0.000171767         0.00157226        1.01086e-13        1.17356e-05        2.38297e-17            0.73276
11        0.000288859        2.51182e-05        2.50301e-05             101325           0.996495        2.50301e-05            340.626                  0          0.0140397        4.79187e-05            8522.14        6.55607e-06        5.21953e-14        8.79516e-15           0.219061         2.7261e-10         0.00205247        1.57898e-06        2.45275e-13        1.47319e-14        2.04405e-05          0.0436813        0.000264245         0.00213549        2.46681e-13        1.71526e-05        6.76637e-17            0.73276
12        0.000313977        2.51182e-05        2.40372e-05             101325           0.956963        2.40372e-05            354.665                  0          0.0192268        0.000104277            16130.5        9.69105e-06        1.36245e-13        7.45122e-15           0.217814        4.76478e-10         0.00278496        2.20274e-06        5.57839e-13         3.4928e-14        2.78312e-05          0.0433349        0.000397565         0.00284395        6.10985e-13         2.4563e-05        2.01092e-16            0.73276
13        0.000339095        2.51182e-05        2.29029e-05             101325           0.911806        2.29029e-05            372.182                  0          0.0258401        0.000233531              29653        1.40057e-05        3.62597e-13        2.03082e-14           0.216246        8.54215e-10         0.00371111        3.06075e-06        1.26845e-12        8.31667e-14        3.71793e-05          0.0428953        0.000584319         0.00371461         1.5314e-12        3.44409e-05        6.21402e-16            0.73276
14        0.000364214        2.51182e-05        2.16551e-05             101325           0.862128        2.16551e-05            393.561                  0          0.0340878        0.000534157            53082.5         1.9778e-05        9.75524e-13        7.68766e-14           0.214313        1.55828e-09          0.0048579        4.24055e-06         2.8662e-12        1.97289e-13        4.87485e-05          0.0423491        0.000838345         0.00476122        3.85768e-12        4.72683e-05        1.97079e-15            0.73276
15        0.000389332        2.51182e-05        2.03306e-05             101325           0.809397        2.03306e-05            419.106                  0           0.044158         0.00123488              92833        2.72864e-05         2.6307e-12        3.16683e-13           0.211979        2.86096e-09         0.00624982         5.8597e-06        6.38507e-12        4.61491e-13        6.27779e-05           0.041684         0.00117391          0.0059938        9.68026e-12        6.35031e-05         6.3148e-15            0.73276
16         0.00041445        2.51182e-05        1.89702e-05             101325           0.755237        1.89702e-05            449.032                  0          0.0562107         0.00285055             159189        3.67925e-05        7.07729e-12        1.35926e-12           0.209211        5.22383e-09         0.00790798        8.07221e-06        1.39125e-11        1.05343e-12        7.94809e-05          0.0408892         0.00160486          0.0074189        2.39884e-11        8.35511e-05        2.01659e-14            0.73276
17        0.000439568        2.51182e-05        1.76129e-05             101325           0.701202        1.76129e-05            483.461                  0          0.0703749         0.00648916             268689         4.8527e-05        1.90475e-11        5.93969e-12           0.205984        9.38653e-09         0.00984994        1.10745e-05        2.94836e-11        2.32791e-12        9.90512e-05          0.0399556         0.00214383         0.00904032        5.83569e-11        0.000107747        6.37883e-14            0.73276
18        0.000464686        2.51182e-05        1.62919e-05             101325           0.648609        1.62919e-05            522.436                  0          0.0867516          0.0144102             448123        6.26829e-05        5.18434e-11        2.59815e-11           0.202276        1.64848e-08            0.01209        1.51105e-05        6.07335e-11        4.96582e-12        0.000121676           0.038876         0.00280179          0.0108601        1.39243e-10        0.000136345        2.00904e-13            0.73276
19        0.000489804        2.51182e-05        1.50319e-05             101325           0.598446        1.50319e-05            565.935                  0           0.105419          0.0309857             741551        7.94139e-05        1.44592e-10        1.12319e-10           0.198071        2.82773e-08          0.0146397        2.04753e-05        1.22597e-10        1.02826e-11        0.000147555          0.0376442         0.00358788          0.0128798        3.27828e-10        0.000169522        6.40176e-13            0.73276
20        0.000514923        2.51182e-05        1.38492e-05             101325           0.551362        1.38492e-05            613.892                  0           0.126441          0.0644216        1.22421e+06        9.88388e-05        4.16366e-10        4.74877e-10           0.193355        4.78154e-08          0.0175089        2.75162e-05        2.47879e-10        2.10528e-11        0.000176917          0.0362551         0.00450946          0.0151009        7.71986e-10        0.000207376        2.10153e-12            0.73276
21        0.000540041        2.51182e-05        1.27527e-05             101325           0.507707        1.27527e-05            666.214                  0           0.149875           0.130594        2.03535e+06        0.000121048        1.23188e-09         1.9434e-09           0.188114        8.16794e-08          0.0207062        3.66277e-05        5.21797e-10         4.4126e-11        0.000210043          0.0347043         0.00557236          0.0175256        1.85333e-09        0.000249937        7.14904e-12            0.73276
22        0.000565159        2.51182e-05        1.17451e-05             101325           0.467594        1.17451e-05            722.797                  0           0.175776            0.26442        3.46672e+06         0.00014611        3.68515e-09         7.6161e-09           0.182336        1.47214e-07          0.0242392        4.82354e-05        1.19651e-09         9.8994e-11         0.00024729          0.0329877         0.00678112          0.0201571        4.61623e-09        0.000297163        2.48634e-11            0.73276
23        0.000590277        2.51182e-05        1.08252e-05             101325           0.430971        1.08252e-05            783.527                  0           0.204198           0.558662        6.21178e+06        0.000174078        1.09239e-08         2.8288e-08            0.17601         2.9433e-07           0.028115        6.27532e-05         3.0528e-09        2.44612e-10        0.000289131          0.0311014         0.00813915          0.0229991        1.19967e-08        0.000348941        8.61956e-11            0.73276
24        0.000615395        2.51182e-05        9.98896e-06             101325           0.397679        9.98896e-06            848.291                  0           0.235198            1.29523          1.205e+07        0.000204991        3.15402e-08        9.87514e-08           0.169126        6.66301e-07          0.0323394        8.04951e-05        8.46169e-09        6.57376e-10         0.00033621          0.0290421         0.00964872          0.0260557        3.21539e-08        0.000405077        2.90645e-10            0.73276
25        0.000640514        2.51182e-05        9.23089e-06             101325           0.367499        9.23089e-06            916.968                  0           0.268827            3.35785        2.56211e+07        0.000238875        8.77431e-08        3.22387e-07           0.161679        1.65637e-06          0.0369158        0.000101504        2.42471e-08        1.83928e-09         0.00038941          0.0268073          0.0113106          0.0293302        8.67954e-08        0.000465273        9.36773e-10            0.73276
26        0.000665632        2.51182e-05        8.54494e-06             101325           0.340189        8.54494e-06            989.416                  0           0.305118            9.40841         5.8724e+07        0.000275731        2.34097e-07        9.83001e-07           0.153668        4.28055e-06          0.0418428        0.000125254        6.87253e-08        5.12459e-09        0.000449831          0.0243965          0.0131234          0.0328237        2.29984e-07        0.000529067        2.85604e-09            0.73276
27         0.00069075        2.51182e-05        7.92509e-06             101325           0.315512        7.92509e-06            1065.44                  0            0.34407            26.8955        1.39975e+08        0.000315507        5.98255e-07        2.80417e-06           0.145107        1.09948e-05          0.0471099        0.000150197        1.87293e-07        1.37914e-08        0.000518366           0.021813          0.0150816          0.0365335        5.85705e-07        0.000595667        8.18561e-09            0.73276
28        0.000715868        2.51182e-05        7.36594e-06             101325           0.293251        7.36594e-06            1144.74                  0           0.385617            74.8458        3.34497e+08        0.000358061        1.46341e-06        7.51034e-06           0.136021        2.73381e-05          0.0526965        0.000173228        4.82888e-07        3.52165e-08        0.000594353          0.0190654          0.0171754           0.040455        1.41224e-06        0.000663638        2.19607e-08           0.732759
29        0.000740986        2.51182e-05        6.86302e-06             101325           0.273229        6.86302e-06            1226.79                  0           0.429635            196.933        7.78689e+08        0.000403018        3.41543e-06        1.89463e-05           0.126446          6.486e-05          0.0585652        0.000189482        1.16427e-06        8.42678e-08        0.000672423          0.0161723          0.0193872          0.0445835         3.1851e-06        0.000730065        5.48544e-08           0.732758
30        0.000766104        2.51182e-05        6.41358e-06             101325           0.255336        6.41358e-06            1310.65                  0           0.475909            480.371        1.72483e+09        0.000449322        7.54573e-06        4.50485e-05           0.116461        0.000145298          0.0646385        0.000193408        2.58566e-06        1.86072e-07        0.000737401          0.0131776          0.0216788          0.0489104         6.6196e-06        0.000788589        1.26105e-07           0.732758
31        0.000791223        2.51182e-05        6.01752e-06             101325           0.239568        6.01752e-06            1394.52                  0           0.523986            1064.87        3.54481e+09        0.000494302        1.55673e-05        0.000100644           0.106226        0.000303832          0.0707596         0.00018164        5.14697e-06        3.69108e-07        0.000760721          0.0101734          0.0239641          0.0534192        1.23773e-05        0.000825806        2.60206e-07           0.732757
32        0.000816341        2.51182e-05         5.6784e-06             101325           0.226067         5.6784e-06             1475.2                  0           0.572939            2090.04        6.54168e+09        0.000532197        2.93928e-05        0.000209617          0.0960665        0.000584247          0.0766466        0.000155456        8.74299e-06        6.27224e-07         0.00070897         0.00732415          0.0260628          0.0580774        2.00331e-05        0.000817707        4.59141e-07           0.732756
33        0.000841459        2.51182e-05        5.40276e-06             101325           0.215094        5.40276e-06            1547.95                  0           0.621095            3511.87        1.03683e+10        0.000553655        4.95867e-05        0.000401175           0.086521         0.00101496          0.0818877        0.000120768        1.18224e-05        8.53989e-07        0.000574396         0.00485533           0.027666          0.0628242        2.66764e-05        0.000736975        6.45875e-07           0.732756
34        0.000866577        2.51182e-05        5.19488e-06             101325           0.206818        5.19488e-06            1607.92                  0           0.666009            4890.97        1.34188e+10          0.0005506        7.35273e-05         0.00069019          0.0782301         0.00157024          0.0860738        8.59947e-05        1.21468e-05        8.90298e-07        0.000400157         0.00296291          0.0284237          0.0675585        2.81402e-05        0.000583857        6.90856e-07           0.732756
35        0.000891695        2.51182e-05        5.04935e-06             101325           0.201024        5.04935e-06            1653.18                  0           0.705269            5592.98         1.3822e+10        0.000525829        9.64765e-05         0.00104616          0.0716167         0.00216093          0.0890302        5.79042e-05        9.78046e-06         7.3064e-07        0.000246666         0.00169073          0.0281918          0.0721403        2.37998e-05        0.000405479        5.78221e-07           0.732756
36        0.000916813        2.51182e-05        4.95123e-06             101325           0.197117        4.95123e-06            1685.76                  0           0.737767            5403.84        1.16895e+10        0.000492308         0.00011506         0.00140039           0.066681         0.00269013          0.0908985        3.86534e-05        6.66744e-06        5.07776e-07        0.000140885        0.000923381          0.0271535          0.0764297        1.70573e-05        0.000254485        4.07817e-07           0.732757
37        0.000941932        2.51182e-05        4.88402e-06             101325           0.194442        4.88402e-06            1709.44                  0           0.764003            4664.46        8.67688e+09        0.000461656         0.00012843          0.0016957          0.0631169         0.00310987          0.0919838        2.67871e-05        4.13713e-06        3.20427e-07        7.73685e-05        0.000492211          0.0256487          0.0803344        1.10195e-05         0.00014999        2.60154e-07           0.732758
38         0.00096705        2.51182e-05        4.83536e-06             101325           0.192504        4.83536e-06            1727.52                  0           0.785217            3802.95        6.04856e+09        0.000438472        0.000137159         0.00191163          0.0605455         0.00342025          0.0925799        1.98535e-05        2.44495e-06        1.92027e-07        4.17156e-05        0.000259262          0.0239706          0.0838219         6.7111e-06        8.53791e-05        1.57168e-07           0.732758
39        0.000992168        2.51182e-05        4.79761e-06             101325           0.191002        4.79761e-06            1742.18                  0           0.802635            3045.03        4.18582e+09        0.000422447        0.000142185         0.00205387          0.0586502         0.00364206          0.0928985        1.58642e-05        1.40938e-06         1.1197e-07        2.23218e-05        0.000135885          0.0223017          0.0869024        3.95671e-06         4.7714e-05        9.22138e-08           0.732759
40         0.00101729        2.51182e-05        4.76649e-06             101325           0.189763        4.76649e-06            1754.72                  0           0.817208            2447.12         2.9935e+09        0.000411565        0.000144385         0.00213762          0.0572075         0.00379813          0.0930723        1.35404e-05        8.02329e-07        6.43476e-08         1.1921e-05        7.11476e-05          0.0207352          0.0896076        2.29304e-06        2.64192e-05        5.32557e-08           0.732759
41          0.0010424        2.51182e-05        4.73962e-06             101325           0.188693        4.73962e-06            1765.86                  0           0.829611            1992.73        2.26238e+09         0.00040379        0.000144473          0.0021783          0.0560704         0.00390691          0.0931777        1.21372e-05        4.54101e-07        3.67046e-08        6.37418e-06        3.73003e-05           0.019309          0.0919777         1.3187e-06        1.45694e-05        3.04999e-08           0.732759
42         0.00106752        2.51182e-05         4.7157e-06             101325           0.187741         4.7157e-06            1775.98                  0           0.840321            1648.13        1.81496e+09        0.000397591        0.000143005         0.00218847           0.055145          0.0039817          0.0932563        1.12402e-05        2.56491e-07        2.08648e-08        3.41883e-06        1.96086e-05           0.018031           0.094054        7.57752e-07        8.02696e-06        1.73957e-08           0.732759
43         0.00109264        2.51182e-05        4.69401e-06             101325           0.186877        4.69401e-06            1785.33                  0           0.849675            1382.98        1.53251e+09        0.000391978        0.000140406         0.00217744          0.0543713         0.00403176          0.0933295        1.06234e-05          1.449e-07        1.18481e-08        1.84149e-06        1.03457e-05          0.0168948          0.0958754        4.37738e-07        4.42657e-06        9.90592e-09            0.73276
44         0.00111776        2.51182e-05        4.67409e-06             101325           0.186084        4.67409e-06            1794.03                  0           0.857922            1174.72        1.34371e+09        0.000386377        0.000136998         0.00215183          0.0537103         0.00406344          0.0934072        1.01645e-05        8.19783e-08        6.73041e-09        9.96795e-07        5.48173e-06          0.0158875          0.0974773        2.55904e-07        2.44624e-06        5.64046e-09            0.73276
45         0.00114288        2.51182e-05        4.65566e-06             101325            0.18535        4.65566e-06            1802.17                  0            0.86525            1007.74        1.20807e+09        0.000380494         0.00013303         0.00211628           0.053136         0.00408117          0.0934933         9.7974e-06        4.64826e-08         3.8279e-09        5.42466e-07         2.9181e-06          0.0149943          0.0988909        1.52601e-07        1.35568e-06         3.2144e-09            0.73276
46           0.001168        2.51182e-05        4.63853e-06             101325           0.184668        4.63853e-06            1809.83                  0           0.871806            871.452        1.10327e+09        0.000374213        0.000128689         0.00207404          0.0526303         0.00408806          0.0935886        9.48592e-06        2.64251e-08        2.18084e-09        2.96872e-07        1.56109e-06          0.0142006           0.100143        9.37175e-08        7.53765e-07        1.83439e-09            0.73276
47         0.00119311        2.51182e-05        4.62253e-06             101325           0.184031        4.62253e-06            1817.05                  0           0.877709             758.63         1.0172e+09        0.000367522        0.000124119         0.00202737          0.0521804         0.00408637          0.0936924        9.21006e-06        1.50647e-08        1.24495e-09        1.63395e-07        8.39421e-07          0.0134929           0.101258        5.99136e-08        4.20572e-07        1.04863e-09            0.73276
48         0.00121823        2.51182e-05        4.60756e-06             101325           0.183435        4.60756e-06            1823.86                  0           0.883056            664.219        9.43286e+08        0.000360459         0.00011943         0.00197791          0.0517766          0.0040778          0.0938032        8.95846e-06        8.61282e-09        7.12205e-10        9.04425e-08        4.53741e-07          0.0128591           0.102256        4.02763e-08        2.35517e-07        6.00569e-10            0.73276
49         0.00124335        2.51182e-05        4.59352e-06             101325           0.182876        4.59352e-06            1830.31                  0           0.887927             584.57        8.77896e+08         0.00035309        0.000114704         0.00192679          0.0514116         0.00406362          0.0939196        8.72452e-06        4.93809e-09        4.08322e-10        5.03429e-08        2.46566e-07          0.0122888           0.103153         2.8662e-08        1.32373e-07        3.44625e-10            0.73276
50         0.00126847        2.51182e-05         4.5803e-06             101325            0.18235         4.5803e-06            1836.43                  0           0.892388            516.953        8.18979e+08        0.000345486        0.000110002         0.00187487          0.0510794         0.00404485            0.09404         8.5042e-06          2.839e-09        2.34609e-10        2.81756e-08        1.34698e-07          0.0117728           0.103964         2.1613e-08        7.46726e-08        1.98143e-10            0.73276
51         0.00129359        2.51182e-05        4.56784e-06             101325           0.181854        4.56784e-06            1842.23                  0           0.896495            459.266          7.653e+08        0.000337717         0.00010537         0.00182275          0.0507753          0.0040223          0.0941631        8.29494e-06        1.63652e-09        1.35088e-10        1.58525e-08        7.39734e-08          0.0113035           0.104702         1.7182e-08        4.22757e-08        1.14144e-10            0.73276
52          0.0013187        2.51182e-05        4.55608e-06             101325           0.181386        4.55608e-06            1847.75                  0           0.900295            409.842        7.16067e+08        0.000329849        0.000100841         0.00177088          0.0504956         0.00399661          0.0942877        8.09501e-06        9.45743e-10        7.79464e-11        8.96445e-09        4.08366e-08          0.0108744           0.105376        1.42692e-08        2.40197e-08        6.58793e-11            0.73276
53         0.00134382        2.51182e-05        4.54494e-06             101325           0.180942        4.54494e-06               1853                  0           0.903829            367.335         6.7072e+08        0.000321936        9.64384e-05         0.00171958          0.0502369         0.00396831           0.094413        7.90316e-06        5.47865e-10        4.50672e-11        5.09394e-09        2.26593e-08          0.0104798           0.105996        1.22517e-08        1.36954e-08        3.80939e-11            0.73276
54         0.00136894        2.51182e-05        4.53439e-06             101325           0.180522        4.53439e-06            1858.02                  0            0.90713            330.643        6.28837e+08        0.000314024        9.21776e-05         0.00166908          0.0499967         0.00393784          0.0945381        7.71847e-06         3.1811e-10         2.6109e-11        2.90799e-09        1.26362e-08          0.0101149            0.10657        1.07742e-08        7.83659e-09        2.20677e-11            0.73276
55         0.00139406        2.51182e-05        4.52436e-06             101325           0.180123        4.52436e-06             1862.8                  0           0.910226            298.851         5.9007e+08        0.000306152        8.80683e-05         0.00161956          0.0497726         0.00390558          0.0946624        7.54019e-06        1.85117e-10        1.51554e-11        1.66741e-09        7.08125e-09         0.00977592           0.107102        9.63275e-09        4.50056e-09        1.28068e-11            0.73276
56         0.00141918        2.51182e-05        4.51482e-06             101325           0.179743        4.51482e-06            1867.39                  0           0.913143            271.199        5.54126e+08         0.00029835        8.41157e-05         0.00157113          0.0495627         0.00387182          0.0947855        7.36775e-06        1.07956e-10        8.81417e-12        9.60098e-10        3.98723e-09         0.00945929             0.1076        8.70891e-09        2.59478e-09        7.44567e-12            0.73276
57          0.0014443        2.51182e-05        4.50572e-06             101325           0.179381        4.50572e-06            1871.77                  0           0.915902            247.052        5.20747e+08        0.000290643        8.03217e-05         0.00152387          0.0493654         0.00383683           0.094907        7.20063e-06        6.30892e-11        5.13601e-12        5.55042e-10        2.25551e-09         0.00916217           0.108067        7.93271e-09        1.50256e-09        4.33655e-12            0.73276
58         0.00146941        2.51182e-05        4.49704e-06             101325           0.179035        4.49704e-06            1875.99                  0            0.91852            225.875        4.89704e+08        0.000283047        7.66854e-05         0.00147781          0.0491792          0.0038008          0.0950266        7.03839e-06        3.69452e-11        2.99848e-12        3.22106e-10        1.28166e-09         0.00888209           0.108507        7.26199e-09        8.74605e-10         2.5303e-12            0.73276
59         0.00149453        2.51182e-05        4.48874e-06             101325           0.178705        4.48874e-06            1880.03                  0           0.921013            207.222        4.60791e+08        0.000275577        7.32044e-05         0.00143299           0.049003         0.00376393          0.0951441        6.88067e-06        2.16793e-11        1.75394e-12        1.87616e-10        7.31484e-10         0.00861698           0.108923        6.67058e-09        5.12405e-10        1.47911e-12            0.73276
60         0.00151965        2.51182e-05        4.48079e-06             101325           0.178388        4.48079e-06            1883.92                  0           0.923394            190.718        4.33824e+08        0.000268242        6.98746e-05          0.0013894          0.0488357         0.00372636          0.0952595        6.72714e-06        1.27473e-11        1.02796e-12        1.09668e-10        4.19266e-10         0.00836505           0.109319        6.14168e-09        3.02796e-10        8.66272e-13            0.73276
61         0.00154477        2.51182e-05        4.47317e-06             101325           0.178085        4.47317e-06            1887.67                  0           0.925675            176.047        4.08636e+08        0.000261049        6.66914e-05         0.00134704          0.0486764          0.0036882          0.0953726        6.57748e-06        7.51077e-12        6.03673e-13         6.4326e-11        2.41314e-10         0.00812479           0.109697        5.66397e-09        1.81057e-10        5.08353e-13            0.73276
62         0.00156989        2.51182e-05        4.46585e-06             101325           0.177793        4.46585e-06            1891.28                  0           0.927866            162.943        3.85078e+08        0.000254002        6.36492e-05         0.00130589          0.0485242         0.00364957          0.0954834        6.43145e-06         4.4346e-12        3.55233e-13        3.78573e-11        1.39458e-10         0.00789487           0.110058        5.22951e-09        1.10068e-10        2.98935e-13            0.73276
63           0.001595        2.51182e-05        4.45881e-06             101325           0.177513        4.45881e-06            1894.77                  0           0.929976            151.183        3.63013e+08        0.000247102        6.07422e-05         0.00126592          0.0483786         0.00361055          0.0955918         6.2888e-06        2.62389e-12        2.09477e-13        2.23534e-11        8.09162e-11          0.0076742           0.110405        4.83245e-09        6.84726e-11        1.76175e-13            0.73276
64         0.00162012        2.51182e-05        4.45203e-06             101325           0.177243        4.45203e-06            1898.15                  0           0.932011             140.58         3.4232e+08        0.000240349        5.79646e-05          0.0012271           0.048239         0.00357121           0.095698        6.14931e-06         1.5559e-12        1.23794e-13        1.32418e-11        4.71337e-11          0.0074618           0.110738        4.46826e-09        4.39544e-11        1.04074e-13            0.73276
65         0.00164524        2.51182e-05        4.44549e-06             101325           0.176983        4.44549e-06            1901.41                  0            0.93398            130.975         3.2289e+08        0.000233743        5.53104e-05          0.0011894          0.0481047          0.0035316          0.0958018        6.01279e-06        9.24667e-13         7.3322e-14         7.8695e-12        2.75617e-11         0.00725685           0.111061         4.1333e-09        2.93878e-11        6.16398e-14            0.73276
66         0.00167036        2.51182e-05        4.43919e-06             101325           0.176732        4.43919e-06            1904.57                  0           0.935887            122.236        3.04622e+08        0.000227282        5.27736e-05         0.00115277          0.0479754         0.00349176          0.0959035        5.87905e-06        5.50793e-13        4.35284e-14         4.6918e-12        1.61786e-11         0.00705864           0.111372         3.8246e-09        2.06399e-11         3.6613e-14            0.73276
67         0.00169548        2.51182e-05        4.43309e-06             101325           0.176489        4.43309e-06            1907.64                  0           0.937738             114.25        2.87429e+08        0.000220963        5.03487e-05         0.00111719          0.0478506         0.00345175           0.096003        5.74795e-06        3.28868e-13         2.5903e-14        2.80623e-12        9.53282e-12         0.00686655           0.111674        3.53961e-09         1.5307e-11         2.1819e-14            0.73276
68          0.0017206        2.51182e-05         4.4272e-06             101325           0.176255         4.4272e-06            1910.61                  0           0.939536            106.921         2.7123e+08        0.000214784        4.80299e-05         0.00108261          0.0477301         0.00341159          0.0961003        5.61934e-06        1.96842e-13        1.54527e-14        1.68386e-12        5.63817e-12         0.00668004           0.111967        3.27616e-09        1.19873e-11        1.30527e-14            0.73276
69         0.00174571        2.51182e-05        4.42149e-06             101325           0.176028        4.42149e-06             1913.5                  0           0.941287             100.17        2.55951e+08         0.00020874        4.58122e-05           0.001049          0.0476135          0.0033713          0.0961956        5.49308e-06        1.18117e-13        9.24209e-15        1.01366e-12        3.34723e-12         0.00649867           0.112252        3.03234e-09        9.86085e-12        7.84434e-15            0.73276
70         0.00177083        2.51182e-05        4.41597e-06             101325           0.175808        4.41597e-06            1916.31                  0           0.942992             93.929        2.41529e+08         0.00020283        4.36905e-05         0.00101632          0.0475005          0.0033309          0.0962889        5.36906e-06         7.1062e-14        5.54226e-15        6.12212e-13        1.99464e-12         0.00632202           0.112529        2.80647e-09        8.44661e-12        4.74091e-15            0.73276
71         0.00179595        2.51182e-05         4.4106e-06             101325           0.175594         4.4106e-06            1919.05                  0           0.944657            88.1397        2.27902e+08        0.000197048        4.16601e-05        0.000984528          0.0473909         0.00329041          0.0963803        5.24716e-06         4.2868e-14        3.33267e-15        3.70977e-13        1.19309e-12         0.00614974             0.1128        2.59707e-09        7.46146e-12        2.88564e-15            0.73276
72         0.00182107        2.51182e-05         4.4054e-06             101325           0.175387         4.4054e-06            1921.71                  0           0.946282            82.7531        2.15018e+08        0.000191392        3.97164e-05        0.000953603          0.0472845         0.00324985          0.0964698         5.1273e-06        2.59319e-14        2.00966e-15        2.25552e-13        7.16338e-13         0.00598156           0.113064        2.40282e-09        6.73816e-12        1.77236e-15            0.73276
73         0.00184619        2.51182e-05        4.40035e-06             101325           0.175186        4.40035e-06             1924.3                  0            0.94787            77.7276        2.02829e+08        0.000185859        3.78555e-05        0.000923509          0.0471811         0.00320921          0.0965575         5.0094e-06        1.57318e-14         1.2154e-15        1.37601e-13        4.31726e-13         0.00581719           0.113323        2.22252e-09        6.17749e-12        1.10136e-15            0.73276
74          0.0018713        2.51182e-05        4.39543e-06             101325            0.17499        4.39543e-06            1926.82                  0           0.949424            73.0275        1.91289e+08        0.000180444        3.60732e-05        0.000894216          0.0470805         0.00316852          0.0966435        4.89338e-06        9.57193e-15        7.37251e-16         8.4236e-14        2.61187e-13         0.00565643           0.113575         2.0551e-09         5.7203e-12        6.94764e-16            0.73276
75         0.00189642        2.51182e-05        4.39066e-06             101325             0.1748        4.39066e-06            1929.29                  0           0.950944             68.622         1.8036e+08        0.000175146        3.43661e-05        0.000865697          0.0469827         0.00312778          0.0967278        4.77918e-06        5.84166e-15         4.4859e-16        5.17482e-14        1.58621e-13         0.00549907           0.113822        1.89959e-09        5.33112e-12        4.46739e-16            0.73276
76         0.00192154        2.51182e-05        4.38601e-06             101325           0.174615        4.38601e-06            1931.69                  0           0.952434            64.4851        1.70004e+08        0.000169961        3.27306e-05        0.000837924          0.0468875           0.003087          0.0968105        4.66674e-06        3.57622e-15        2.73816e-16        3.19037e-14        9.67055e-14         0.00534496           0.114065        1.75512e-09        4.98849e-12        2.94172e-16            0.73276
77         0.00194666        2.51182e-05        4.38148e-06             101325           0.174435        4.38148e-06            1934.04                  0           0.953893            60.5939        1.60188e+08        0.000164887        3.11637e-05        0.000810876          0.0467948         0.00304618          0.0968916        4.55603e-06        2.19634e-15        1.67679e-16        1.97407e-14        5.91882e-14         0.00519396           0.114302        1.62089e-09        4.67929e-12        1.99311e-16            0.73276
78         0.00197178        2.51182e-05        4.37708e-06             101325           0.174259        4.37708e-06            1936.33                  0           0.955323            56.9291        1.50881e+08         0.00015992        2.96624e-05        0.000784529          0.0467045         0.00300533          0.0969711          4.447e-06        1.35331e-15        1.03026e-16        1.22598e-14        3.63689e-14         0.00504594           0.114534        1.49618e-09        4.39539e-12        1.39511e-16            0.73276
79          0.0019969        2.51182e-05        4.37279e-06             101325           0.174089        4.37279e-06            1938.56                  0           0.956726            53.4735        1.42056e+08         0.00015506        2.82239e-05        0.000758862          0.0466165         0.00296446          0.0970491        4.33963e-06        8.36675e-16        6.35177e-17        7.64245e-15        2.24364e-14          0.0049008           0.114762        1.38031e-09        4.13167e-12        1.01145e-16            0.73276
80         0.00202201        2.51182e-05        4.36861e-06             101325           0.173922        4.36861e-06            1940.75                  0           0.958101            50.2124        1.33688e+08        0.000150303        2.68456e-05        0.000733858          0.0465307         0.00292358          0.0971257         4.2339e-06        5.19056e-16        3.92974e-17        4.78234e-15        1.38971e-14         0.00475848           0.114986        1.27269e-09         3.8848e-12        7.59832e-17            0.73276
81         0.00204713        2.51182e-05        4.36453e-06             101325            0.17376        4.36453e-06            1942.88                  0            0.95945            47.1326        1.25751e+08        0.000145649        2.55251e-05        0.000709499          0.0464472          0.0028827          0.0972008        4.12979e-06        3.23154e-16        2.44001e-17        3.00424e-15        8.64288e-15         0.00461888           0.115205        1.17274e-09        3.65257e-12        5.90338e-17            0.73276
82         0.00207225        2.51182e-05        4.36056e-06             101325           0.173602        4.36056e-06            1944.97                  0           0.960774            44.2229        1.18226e+08        0.000141095        2.42603e-05         0.00068577          0.0463658         0.00284182          0.0972746        4.02731e-06        2.01923e-16         1.5206e-17        1.89474e-15        5.39733e-15         0.00448197           0.115421        1.07995e-09        3.43342e-12        4.72563e-17            0.73276
83         0.00209737        2.51182e-05        4.35669e-06             101325           0.173448        4.35669e-06            1947.01                  0           0.962072            41.4728         1.1109e+08        0.000136641         2.3049e-05        0.000662656          0.0462865         0.00280095          0.0973469        3.92645e-06        1.26644e-16        9.51216e-18        1.19981e-15        3.38458e-15         0.00434769           0.115631        9.93844e-10        3.22625e-12        3.87878e-17            0.73276
84         0.00212249        2.51182e-05        4.35291e-06             101325           0.173297        4.35291e-06               1949                  0           0.963345            38.8735        1.04327e+08        0.000132284        2.18891e-05        0.000640144          0.0462092         0.00276011          0.0974179        3.82721e-06        7.97378e-17        5.97349e-18        7.62892e-16        2.13136e-15         0.00421601           0.115838        9.13978e-10         3.0302e-12        3.24789e-17            0.73276
85          0.0021476        2.51182e-05        4.34923e-06             101325           0.173151        4.34923e-06            1950.94                  0           0.964594            36.4167        9.79169e+07        0.000128024        2.07789e-05        0.000618222           0.046134         0.00271931          0.0974876        3.72961e-06        5.04055e-17         3.7663e-18        4.87122e-16         1.3479e-15         0.00408692           0.116041        8.39939e-10        2.84458e-12        2.76145e-17            0.73276
86         0.00217272        2.51182e-05        4.34564e-06             101325           0.173008        4.34564e-06            1952.84                  0           0.965818            34.0949        9.18447e+07        0.000123861        1.97166e-05         0.00059688          0.0460608         0.00267856           0.097556        3.63366e-06        3.19961e-17         2.3845e-18        3.12378e-16        8.56104e-16         0.00396038            0.11624        7.71345e-10        2.66882e-12        2.37449e-17            0.73276
87         0.00219784        2.51182e-05        4.34215e-06             101325           0.172869        4.34215e-06             1954.7                  0           0.967019            31.9015        8.60947e+07        0.000119793        1.87006e-05        0.000576109          0.0459895         0.00263788           0.097623         3.5394e-06        2.03989e-17        1.51616e-18        2.01204e-16        5.46119e-16         0.00383639           0.116435        7.07836e-10        2.50244e-12        2.05831e-17            0.73276
88         0.00222296        2.51182e-05        4.33874e-06             101325           0.172733        4.33874e-06            1956.51                  0           0.968195            29.8303        8.06523e+07        0.000115819        1.77292e-05        0.000555898          0.0459203         0.00259729          0.0976888        3.44683e-06        1.30649e-17        9.68378e-19        1.30186e-16        3.49915e-16         0.00371495           0.116626        6.49079e-10        2.34498e-12         1.7943e-17            0.73276
89         0.00224808        2.51182e-05        4.33542e-06             101325           0.172601        4.33542e-06            1958.28                  0           0.969347            27.8753        7.55039e+07         0.00011194        1.68009e-05        0.000536239          0.0458529          0.0025568          0.0977533        3.35599e-06        8.40866e-18        6.21434e-19        8.46307e-17        2.25204e-16         0.00359605           0.116812        5.94761e-10        2.19605e-12        1.57011e-17            0.73276
90          0.0022732        2.51182e-05        4.33219e-06             101325           0.172472        4.33219e-06               1960                  0           0.970476            26.0314        7.06364e+07        0.000108155        1.59142e-05        0.000517126          0.0457875         0.00251643          0.0978165        3.26691e-06        5.44032e-18        4.00794e-19        5.52847e-17        1.45598e-16          0.0034797           0.116995        5.44586e-10        2.05528e-12        1.37734e-17            0.73276
91         0.00229831        2.51182e-05        4.32904e-06             101325           0.172347        4.32904e-06            1961.69                  0           0.971581            24.2933        6.60374e+07        0.000104463        1.50679e-05        0.000498551          0.0457241          0.0024762          0.0978784        3.17963e-06        3.53997e-18        2.59883e-19        3.62986e-17        9.45634e-17          0.0033659           0.117174        4.98279e-10         1.9223e-12        1.21006e-17            0.73276
92         0.00232343        2.51182e-05        4.32597e-06             101325           0.172225        4.32597e-06            1963.33                  0           0.972661            22.6564         6.1695e+07        0.000100864        1.42605e-05        0.000480508          0.0456625         0.00243613           0.097939        3.09417e-06        2.31794e-18        1.69495e-19        2.39604e-17        6.17036e-17         0.00325466           0.117349        4.55581e-10        1.79679e-12        1.06399e-17            0.73276
93         0.00234855        2.51182e-05        4.32299e-06             101325           0.172106        4.32299e-06            1964.93                  0           0.973718            21.1159        5.75981e+07        9.73582e-05        1.34908e-05        0.000462989          0.0456028         0.00239625          0.0979984        3.01058e-06        1.52841e-18        1.11248e-19        1.59059e-17        4.04528e-17           0.003146           0.117519        4.16246e-10        1.67843e-12        9.35893e-18            0.73276
94         0.00237367        2.51182e-05        4.32009e-06             101325            0.17199        4.32009e-06            1966.49                  0           0.974751            19.6677        5.37357e+07        9.39449e-05        1.27574e-05         0.00044599           0.045545         0.00235658          0.0980565         2.9289e-06        1.01578e-18        7.35317e-20        1.06231e-17        2.66484e-17         0.00303991           0.117686        3.80045e-10         1.5669e-12         8.2325e-18            0.73276
95         0.00239879        2.51182e-05        4.31726e-06             101325           0.171878        4.31726e-06            1968.01                  0            0.97576            18.3074        5.00973e+07        9.06238e-05        1.20592e-05        0.000429504          0.0454891         0.00231714          0.0981134        2.84915e-06        6.81133e-19        4.89842e-20        7.14125e-18        1.76409e-17         0.00293642           0.117849        3.46761e-10        1.46191e-12        7.24035e-18            0.73276
96          0.0024239        2.51182e-05        4.31452e-06             101325           0.171769        4.31452e-06            1969.49                  0           0.976744             17.031        4.66729e+07        8.73949e-05         1.1395e-05        0.000413526           0.045435         0.00227796           0.098169        2.77138e-06         4.6141e-19        3.29197e-20        4.83481e-18        1.17366e-17         0.00283552           0.118007         3.1619e-10        1.36317e-12        6.36574e-18            0.73276
97         0.00244902        2.51182e-05        4.31186e-06             101325           0.171663        4.31186e-06            1970.93                  0           0.977704            15.8346        4.34529e+07        8.42578e-05        1.07635e-05         0.00039805          0.0453828         0.00223906          0.0982233        2.69562e-06        3.16218e-19        2.23443e-20        3.29885e-18        7.84852e-18         0.00273724           0.118162        2.88139e-10         1.2704e-12        5.59454e-18            0.73276
98         0.00247414        2.51182e-05        4.30927e-06             101325            0.17156        4.30927e-06            1972.33                  0            0.97864            14.7143        4.04277e+07        8.12121e-05        1.01637e-05        0.000383071          0.0453324         0.00220048          0.0982763        2.62191e-06        2.19593e-19        1.53372e-20        2.27023e-18        5.27624e-18         0.00264157           0.118312        2.62427e-10        1.18332e-12        4.91462e-18            0.73276
99         0.00249926        2.51182e-05        4.30677e-06             101325            0.17146        4.30677e-06            1973.69                  0           0.979552            13.6664        3.75882e+07        7.82577e-05        9.59441e-06        0.000368582          0.0452839         0.00216224          0.0983281        2.55028e-06        1.54776e-19        1.06612e-20        1.57727e-18         3.5664e-18         0.00254853           0.118458        2.38884e-10        1.10166e-12        4.31543e-18            0.73276
100         0.00252438        2.51182e-05        4.30433e-06             101325           0.171363        4.30433e-06               1975                  0           0.980439            12.6874        3.49257e+07         7.5394e-05        9.05454e-06        0.000354579          0.0452371         0.00212437          0.0983786        2.48075e-06        1.10906e-19        7.51609e-21        1.10746e-18        2.42437e-18         0.00245812             0.1186        2.17349e-10        1.02518e-12        3.78769e-18            0.73276
101         0.00254949        2.51182e-05        4.30198e-06             101325            0.17127        4.30198e-06            1976.28                  0           0.981302            11.7737        3.24316e+07        7.26205e-05        8.54299e-06        0.000341055          0.0451921         0.00208689          0.0984278        2.41336e-06        8.09092e-20        5.38189e-21        7.86727e-19        1.65786e-18         0.00237034           0.118738        1.97671e-10        9.53612e-13        3.32323e-18            0.73276
102         0.00257461        2.51182e-05         4.2997e-06             101325           0.171179         4.2997e-06            1977.52                  0            0.98214            10.9218        3.00975e+07        6.99368e-05         8.0587e-06        0.000328004          0.0451489         0.00204984          0.0984758        2.34813e-06        6.01626e-20        3.91929e-21        5.66136e-19        1.14081e-18         0.00228519           0.118872        1.79709e-10        8.86713e-13        2.91478e-18            0.73276
103         0.00259973        2.51182e-05        4.29749e-06             101325           0.171091        4.29749e-06            1978.73                  0           0.982954            10.1284        2.79154e+07        6.73422e-05        7.60061e-06         0.00031542          0.0451074         0.00201325          0.0985225        2.28508e-06        4.56273e-20        2.90582e-21        4.13174e-19        7.90261e-19         0.00220267           0.119001        1.63329e-10        8.24245e-13         2.5559e-18            0.73276
104         0.00262485        2.51182e-05        4.29535e-06             101325           0.171006        4.29535e-06            1979.89                  0           0.983744            9.39037        2.58775e+07        6.48361e-05        7.16768e-06        0.000303297          0.0450676         0.00197714          0.0985679        2.22422e-06        3.52962e-20        2.19487e-21        3.06156e-19        5.51344e-19         0.00212276           0.119127        1.48408e-10        7.65975e-13        2.24084e-18            0.73276
105         0.00264997        2.51182e-05        4.29329e-06             101325           0.170924        4.29329e-06            1981.02                  0           0.984509            8.70444        2.39761e+07        6.24176e-05        6.75889e-06        0.000291626          0.0450294         0.00194155           0.098612        2.16557e-06        2.78365e-20        1.68931e-21        2.30545e-19        3.87629e-19         0.00204546           0.119248        1.34828e-10        7.11677e-13        1.96448e-18            0.73276
106         0.00267509        2.51182e-05         4.2913e-06             101325           0.170844         4.2913e-06             1982.1                  0            0.98525            8.06759         2.2204e+07        6.00858e-05        6.37324e-06        0.000280402           0.044993         0.00190649          0.0986549        2.10912e-06         2.2358e-20        1.32445e-21        1.76547e-19        2.74817e-19         0.00197075           0.119366         1.2248e-10        6.61132e-13        1.72228e-18            0.73276
107          0.0027002        2.51182e-05        4.28938e-06             101325           0.170768        4.28938e-06            1983.15                  0           0.985966            7.47686         2.0554e+07        5.78399e-05        6.00974e-06        0.000269617          0.0449581         0.00187201          0.0986965        2.05488e-06        1.82621e-20        1.05693e-21         1.3753e-19        1.96625e-19         0.00189862           0.119479        1.11264e-10        6.14128e-13        1.51016e-18            0.73276
108         0.00272532        2.51182e-05        4.28753e-06             101325           0.170694        4.28753e-06            1984.17                  0           0.986659            6.92941        1.90191e+07        5.56786e-05        5.66742e-06        0.000259263          0.0449249         0.00183813          0.0987368        2.00285e-06        1.51432e-20        8.57478e-22        1.08979e-19        1.42098e-19         0.00182905           0.119588        1.01084e-10        5.70462e-13        1.32454e-18            0.73276
109         0.00275044        2.51182e-05        4.28575e-06             101325           0.170623        4.28575e-06            1985.15                  0           0.987328            6.42246        1.75928e+07        5.36009e-05        5.34534e-06        0.000249333          0.0448932         0.00180487          0.0987759        1.95301e-06        1.27246e-20        7.06217e-22        8.78025e-20        1.03827e-19         0.00176201           0.119694        9.18519e-11        5.29934e-13         1.1622e-18            0.73276
110         0.00277556        2.51182e-05        4.28403e-06             101325           0.170555        4.28403e-06            1986.09                  0           0.987973            5.95339        1.62685e+07        5.16056e-05        5.04255e-06        0.000239816           0.044863         0.00177226          0.0988137        1.90536e-06        1.08158e-20        5.89523e-22          7.187e-20        7.67827e-20         0.00169748           0.119795        8.34868e-11        4.92356e-13        1.02031e-18            0.73276
111         0.00280068        2.51182e-05        4.28238e-06             101325           0.170489        4.28238e-06            1986.99                  0           0.988595            5.51964        1.50401e+07        4.96912e-05        4.75815e-06        0.000230706          0.0448343         0.00174033          0.0988503        1.85986e-06        9.28398e-21        4.97981e-22        5.97044e-20        5.75311e-20         0.00163541           0.119893        7.59128e-11        4.57544e-13        8.96367e-19            0.73276
112         0.00282579        2.51182e-05        4.28079e-06             101325           0.170426        4.28079e-06            1987.86                  0           0.989194            5.11879        1.39016e+07        4.78563e-05        4.49126e-06        0.000221993           0.044807          0.0017091          0.0988856         1.8165e-06         8.0359e-21        4.25019e-22        5.02745e-20        4.37196e-20         0.00157579           0.119986        6.90597e-11        4.25324e-13        7.88135e-19            0.73276
113         0.00285091        2.51182e-05        4.27927e-06             101325           0.170366        4.27927e-06             1988.7                  0            0.98977            4.74851        1.28473e+07        4.60994e-05        4.24099e-06        0.000213668          0.0447811         0.00167859          0.0989197        1.77524e-06        7.00505e-21        3.66001e-22        4.28546e-20        3.37274e-20         0.00151857           0.120076        6.28629e-11        3.95527e-13        6.93657e-19            0.73276
114         0.00287603        2.51182e-05        4.27781e-06             101325           0.170307        4.27781e-06             1989.5                  0           0.990323            4.40662        1.18717e+07        4.44189e-05        4.00652e-06         0.00020572          0.0447566         0.00164882          0.0989526        1.73605e-06         6.1434e-21        3.17616e-22          3.693e-20        2.64328e-20         0.00146371           0.120162        5.72629e-11        3.67996e-13        6.11205e-19            0.73276
115         0.00290115        2.51182e-05        4.27642e-06             101325           0.170252        4.27642e-06            1990.27                  0           0.990855              4.091        1.09696e+07        4.28132e-05        3.78702e-06        0.000198142          0.0447334         0.00161981          0.0989843        1.69889e-06        5.41572e-21        2.77471e-22        3.21325e-20        2.10553e-20         0.00141117           0.120245        5.22048e-11        3.42576e-13        5.39258e-19            0.73276
116         0.00292627        2.51182e-05        4.27508e-06             101325           0.170199        4.27508e-06            1991.01                  0           0.991364            3.79969        1.01358e+07        4.12804e-05         3.5817e-06        0.000190921          0.0447114         0.00159158          0.0990148        1.66371e-06        4.79581e-21         2.4381e-22        2.81963e-20        1.70496e-20          0.0013609           0.120324        4.76384e-11        3.19124e-13        4.76478e-19            0.73276
117         0.00295139        2.51182e-05         4.2738e-06             101325           0.170148         4.2738e-06            1991.72                  0           0.991852            3.53081        9.36572e+06        3.98188e-05        3.38979e-06        0.000184049          0.0446907         0.00156415          0.0990441        1.63046e-06        4.26382e-21        2.15329e-22        2.49273e-20        1.40322e-20         0.00131285           0.120399        4.35173e-11        2.97502e-13        4.21694e-19            0.73276
118          0.0029765        2.51182e-05        4.27258e-06             101325           0.170099        4.27258e-06            1992.39                  0           0.992319            3.28261        8.65477e+06        3.84265e-05        3.21055e-06        0.000177515          0.0446711         0.00153753          0.0990723        1.59908e-06        3.80446e-21        1.91042e-22        2.21823e-20        1.17324e-20         0.00126698           0.120471        3.97996e-11        2.77581e-13        3.73878e-19            0.73276
119         0.00300162        2.51182e-05        4.27141e-06             101325           0.170052        4.27141e-06            1993.04                  0           0.992766            3.05345        7.99868e+06        3.71017e-05        3.04326e-06        0.000171309          0.0446527         0.00151172          0.0990993        1.56954e-06        3.40579e-21        1.70192e-22        1.98545e-20        9.95768e-21         0.00122323            0.12054        3.64465e-11        2.59238e-13        3.32131e-19            0.73276
120         0.00302674        2.51182e-05         4.2703e-06             101325           0.170008         4.2703e-06            1993.65                  0           0.993192            2.84179         7.3934e+06        3.58422e-05        2.88724e-06        0.000165419          0.0446353         0.00148674          0.0991251        1.54175e-06        3.05831e-21        1.52191e-22        1.78633e-20        8.57053e-21         0.00118154           0.120606         3.3423e-11        2.42358e-13        2.95669e-19            0.73276
121         0.00305186        2.51182e-05        4.26924e-06             101325           0.169966        4.26924e-06            1994.24                  0           0.993599             2.6462        6.83512e+06        3.46463e-05        2.74183e-06        0.000159835           0.044619          0.0014626          0.0991499        1.51566e-06        2.75437e-21        1.36577e-22         1.6147e-20        7.47209e-21         0.00114187           0.120668         3.0697e-11        2.26833e-13        2.63807e-19            0.73276
122         0.00307698        2.51182e-05        4.26823e-06             101325           0.169926        4.26823e-06             1994.8                  0           0.993987            2.46535        6.32027e+06        3.35117e-05         2.6064e-06        0.000154547          0.0446037         0.00143931          0.0991736        1.49121e-06        2.48771e-21        1.22975e-22        1.46578e-20        6.59084e-21         0.00110415           0.120727        2.82395e-11        2.12561e-13        2.35947e-19            0.73276
123         0.00310209        2.51182e-05        4.26727e-06             101325           0.169888        4.26727e-06            1995.33                  0           0.994356            2.29803         5.8455e+06        3.24366e-05        2.48035e-06        0.000149544          0.0445893         0.00141685          0.0991962        1.46833e-06        2.25315e-21        1.11087e-22        1.33582e-20        5.87466e-21         0.00106833           0.120783         2.6024e-11        1.99447e-13        2.11569e-19            0.73276
124         0.00312721        2.51182e-05        4.26636e-06             101325           0.169851        4.26636e-06            1995.83                  0           0.994707            2.14309        5.40768e+06        3.14189e-05         2.3631e-06        0.000144816          0.0445758         0.00139525          0.0992178        1.44696e-06        2.04639e-21        1.00663e-22        1.22186e-20        5.28531e-21         0.00103435           0.120837        2.40266e-11        1.87402e-13        1.90221e-19            0.73276
125         0.00315233        2.51182e-05         4.2655e-06             101325           0.169817         4.2655e-06            1996.31                  0            0.99504            1.99951        5.00391e+06        3.04565e-05         2.2541e-06        0.000140351          0.0445632         0.00137448          0.0992384        1.42702e-06        1.86376e-21           9.15e-23        1.12149e-20        4.79454e-21         0.00100214           0.120887        2.22258e-11        1.76343e-13         1.7151e-19            0.73276
126         0.00317745        2.51182e-05        4.26468e-06             101325           0.169785        4.26468e-06            1996.76                  0           0.995356            1.86634        4.63149e+06        2.95475e-05        2.15284e-06        0.000136139          0.0445514         0.00135456           0.099258        1.40844e-06        1.70219e-21        8.34264e-23        1.03277e-20        4.38129e-21        0.000971656           0.120935        2.06019e-11        1.66193e-13        1.55095e-19            0.73276
127         0.00320257        2.51182e-05         4.2639e-06             101325           0.169754         4.2639e-06            1997.19                  0           0.995656            1.74271        4.28793e+06        2.86897e-05        2.05883e-06         0.00013217          0.0445403         0.00133548          0.0992766        1.39117e-06        1.55901e-21         7.6298e-23        9.54103e-21        4.02973e-21        0.000942831           0.120981        1.91373e-11        1.56881e-13        1.40678e-19            0.73276
128         0.00322769        2.51182e-05        4.26317e-06             101325           0.169725        4.26317e-06             1997.6                  0            0.99594            1.62784        3.97091e+06        2.78811e-05        1.97159e-06        0.000128434            0.04453         0.00131723          0.0992942        1.37513e-06        1.43197e-21        6.99925e-23        8.84157e-21        3.72786e-21        0.000915606           0.121023        1.78162e-11         1.4834e-13        1.28003e-19            0.73276
129          0.0032528        2.51182e-05        4.26248e-06             101325           0.169697        4.26248e-06            1997.98                  0           0.996208            1.52101        3.67833e+06          2.712e-05         1.8907e-06        0.000124922          0.0445204          0.0012998           0.099311        1.36025e-06        1.31909e-21        6.44056e-23         8.2182e-21        3.46649e-21        0.000889923           0.121064        1.66241e-11        1.40509e-13        1.16848e-19            0.73276
130         0.00327792        2.51182e-05        4.26183e-06             101325           0.169671        4.26183e-06            1998.34                  0           0.996462            1.42161        3.40824e+06        2.64042e-05        1.81574e-06        0.000121622          0.0445115         0.00128319          0.0993269        1.34648e-06        1.21868e-21        5.94479e-23        7.66151e-21        3.23852e-21        0.000865725           0.121102        1.55483e-11        1.33332e-13        1.07017e-19            0.73276
131         0.00330304        2.51182e-05        4.26121e-06             101325           0.169647        4.26121e-06            1998.68                  0           0.996701            1.32904        3.15886e+06        2.57319e-05        1.74633e-06        0.000118527          0.0445032         0.00126738          0.0993419        1.33374e-06        1.12927e-21        5.50425e-23        7.16351e-21        3.03842e-21        0.000842954           0.121137        1.45772e-11        1.26756e-13        9.83449e-20            0.73276
132         0.00332816        2.51182e-05        4.26063e-06             101325           0.169624        4.26063e-06            1999.01                  0           0.996926             1.2428        2.92859e+06        2.51012e-05        1.68209e-06        0.000115626          0.0444954         0.00125236           0.099356        1.32198e-06        1.04958e-21        5.11231e-23        6.71735e-21         2.8618e-21        0.000821555           0.121171        1.37005e-11        1.20733e-13        9.06853e-20            0.73276
133         0.00335328        2.51182e-05        4.26009e-06             101325           0.169602        4.26009e-06            1999.31                  0           0.997138            1.16243        2.71595e+06        2.45104e-05        1.62269e-06        0.000112912          0.0444882         0.00123811          0.0993694        1.31114e-06        9.78477e-22        4.76322e-23        6.31714e-21        2.70518e-21        0.000801474           0.121203        1.29088e-11        1.15219e-13        8.39129e-20            0.73276
134         0.00337839        2.51182e-05        4.25958e-06             101325           0.169582        4.25958e-06            1999.59                  0           0.997336            1.08754        2.51962e+06        2.39578e-05        1.56782e-06        0.000110375          0.0444816         0.00122463          0.0993819        1.30116e-06        9.14998e-22          4.452e-23        5.95779e-21        2.56577e-21        0.000782657           0.121232        1.21938e-11        1.10174e-13        7.79185e-20            0.73276
135         0.00340351        2.51182e-05        4.25911e-06             101325           0.169563        4.25911e-06            1999.86                  0           0.997523            1.01776        2.33838e+06        2.34417e-05        1.51719e-06        0.000108008          0.0444754          0.0012119          0.0993937        1.29199e-06        8.58289e-22        4.17433e-23         5.6349e-21        2.44127e-21        0.000765055            0.12126        1.15482e-11        1.05561e-13        7.26079e-20            0.73276
136         0.00342863        2.51182e-05        4.25866e-06             101325           0.169545        4.25866e-06             2000.1                  0           0.997698           0.952796        2.17116e+06        2.29606e-05        1.47051e-06        0.000105803          0.0444697         0.00119991          0.0994048        1.28357e-06        8.07606e-22        3.92645e-23        5.34461e-21        2.32983e-21        0.000748619           0.121286        1.09654e-11        1.01346e-13        6.78993e-20            0.73276
137         0.00345375        2.51182e-05        4.25824e-06             101325           0.169528        4.25824e-06            2000.33                  0           0.997861           0.892362        2.01699e+06        2.25129e-05        1.42754e-06        0.000103753          0.0444644         0.00118863          0.0994152        1.27585e-06        7.62298e-22        3.70508e-23        5.08359e-21        2.22988e-21        0.000733302            0.12131        1.04394e-11        9.74991e-14         6.3722e-20            0.73276
138         0.00347887        2.51182e-05        4.25786e-06             101325           0.169513        4.25786e-06            2000.55                  0           0.998013            0.83623        1.87502e+06        2.20973e-05        1.38806e-06        0.000101851          0.0444596         0.00117807          0.0994248         1.2688e-06        7.21799e-22        3.50738e-23        4.84893e-21        2.14014e-21        0.000719063           0.121332        9.96494e-12        9.39919e-14        6.00149e-20            0.73276
139         0.00350399        2.51182e-05         4.2575e-06             101325           0.169499         4.2575e-06            2000.75                  0           0.998154           0.784199        1.74446e+06        2.17125e-05        1.35185e-06        0.000100091          0.0444551         0.00116819          0.0994338        1.26237e-06        6.85614e-22        3.33088e-23        4.63808e-21        2.05954e-21        0.000705859           0.121353        9.53748e-12        9.07999e-14        5.67251e-20            0.73276
140          0.0035291        2.51182e-05        4.25717e-06             101325           0.169485        4.25717e-06            2000.93                  0           0.998285           0.736098        1.62465e+06        2.13572e-05        1.31873e-06        9.84677e-05           0.044451           0.001159          0.0994422        1.25652e-06        6.53312e-22        3.17343e-23        4.44882e-21        1.98716e-21        0.000693656           0.121372        9.15289e-12        8.79006e-14        5.38071e-20            0.73276
141         0.00355422        2.51182e-05        4.25686e-06             101325           0.169473        4.25686e-06             2001.1                  0           0.998407           0.691783          1.515e+06        2.10305e-05        1.28852e-06        9.69752e-05          0.0444473         0.00115047          0.0994499        1.25122e-06         6.2452e-22        3.03318e-23        4.27925e-21        1.92223e-21        0.000682418            0.12139        8.80759e-12        8.52743e-14        5.12215e-20            0.73276
142         0.00357934        2.51182e-05        4.25658e-06             101325           0.169462        4.25658e-06            2001.26                  0           0.998518           0.651136          1.415e+06        2.07313e-05        1.26108e-06        9.56094e-05          0.0444439         0.00114261          0.0994569        1.24642e-06        5.98917e-22        2.90853e-23         4.1277e-21        1.86411e-21        0.000672117           0.121406        8.49843e-12        8.29035e-14        4.89349e-20            0.73276
143         0.00360446        2.51182e-05        4.25632e-06             101325           0.169452        4.25632e-06             2001.4                  0            0.99862           0.614059         1.3242e+06        2.04589e-05        1.23627e-06        9.43664e-05          0.0444408         0.00113541          0.0994634        1.24212e-06        5.76224e-22         2.7981e-23        3.99275e-21        1.81227e-21        0.000662729            0.12142        8.22272e-12         8.0773e-14        4.69186e-20            0.73276
144         0.00362958        2.51182e-05        4.25609e-06             101325           0.169443        4.25609e-06            2001.53                  0           0.998713           0.580478        1.24225e+06        2.02127e-05          1.214e-06        9.32431e-05          0.0444381         0.00112885          0.0994693        1.23827e-06        5.56209e-22        2.70074e-23         3.8732e-21        1.76624e-21        0.000654233           0.121434        7.97816e-12        7.88699e-14        4.51485e-20            0.73276
145         0.00365469        2.51182e-05        4.25588e-06             101325           0.169434        4.25588e-06            2001.65                  0           0.998797           0.550331        1.16883e+06         1.9992e-05        1.19416e-06        9.22371e-05          0.0444356         0.00112294          0.0994745        1.23486e-06        5.38676e-22        2.61549e-23        3.76805e-21        1.72567e-21        0.000646615           0.121446        7.76281e-12        7.71834e-14        4.36044e-20            0.73276
146         0.00367981        2.51182e-05         4.2557e-06             101325           0.169427         4.2557e-06            2001.75                  0           0.998873           0.523573        1.10372e+06        1.97967e-05         1.1767e-06        9.13469e-05          0.0444334         0.00111768          0.0994792        1.23188e-06        5.23465e-22        2.54155e-23        3.67648e-21        1.69027e-21        0.000639866           0.121456        7.57513e-12        7.57052e-14        4.22699e-20            0.73276
147         0.00370493        2.51182e-05        4.25554e-06             101325           0.169421        4.25554e-06            2001.84                  0           0.998939           0.500173        1.04673e+06        1.96266e-05        1.16156e-06        9.05719e-05          0.0444315         0.00111309          0.0994833         1.2293e-06        5.10452e-22        2.47831e-23        3.59788e-21        1.65982e-21        0.000633984           0.121466         7.4139e-12        7.44289e-14        4.11319e-20            0.73276
148         0.00373005        2.51182e-05         4.2554e-06             101325           0.169415         4.2554e-06            2001.92                  0           0.998996           0.480103             997757        1.94818e-05        1.14873e-06        8.99123e-05          0.0444299         0.00110916          0.0994868        1.22713e-06        4.99544e-22        2.42531e-23        3.53181e-21        1.63417e-21        0.000628974           0.121473        7.27829e-12        7.33506e-14        4.01808e-20            0.73276
149         0.00375517        2.51182e-05        4.25529e-06             101325           0.169411        4.25529e-06            2001.98                  0           0.999045           0.463348             956731        1.93627e-05        1.13821e-06        8.93697e-05          0.0444286         0.00110591          0.0994897        1.22535e-06        4.90684e-22        2.38227e-23          3.478e-21        1.61324e-21        0.000624849            0.12148         7.1678e-12        7.24688e-14        3.94101e-20            0.73276
150         0.00378029        2.51182e-05         4.2552e-06             101325           0.169407         4.2552e-06            2002.03                  0           0.999084           0.449898             923655        1.92697e-05        1.13002e-06        8.89464e-05          0.0444276         0.00110337          0.0994919        1.22398e-06        4.83843e-22        2.34904e-23        3.43637e-21        1.59703e-21         0.00062163           0.121485         7.0823e-12        7.17844e-14        3.88162e-20            0.73276
151          0.0038054        2.51182e-05        4.25514e-06             101325           0.169405        4.25514e-06            2002.06                  0           0.999114           0.439752             898595        1.92037e-05        1.12423e-06        8.86461e-05          0.0444269         0.00110157          0.0994935          1.223e-06        4.79026e-22        2.32565e-23        3.40702e-21        1.58559e-21        0.000619344           0.121489        7.02199e-12        7.13006e-14        3.83986e-20            0.73276
152         0.00383052        2.51182e-05         4.2551e-06             101325           0.169403         4.2551e-06            2002.08                  0           0.999135           0.432927             881684        1.91657e-05        1.12089e-06         8.8473e-05          0.0444265         0.00110053          0.0994945        1.22244e-06        4.76263e-22        2.31223e-23        3.39016e-21        1.57901e-21        0.000618026           0.121491        6.98736e-12        7.10224e-14        3.81594e-20            0.73276
