# Time 0.000665
# eta = 0.002
# length = 0.000288808
#--- 	  	 LEM Line data  --- 
#(1) wafer              (2) x             (3) dx              (4) m              (5) p            (6) rho              (7) m              (8) T              (9) Z             (10) C          (11) dCdt       (12) heatRel                  (13) Y_H2                  (14) Y_H                  (15) Y_O                  (16) Y_O2                  (17) Y_OH                  (18) Y_H2O                  (19) Y_HO2                  (20) Y_CH2                  (21) Y_CH2(S)                  (22) Y_CH3                  (23) Y_CH4                  (24) Y_CO                  (25) Y_CO2                  (26) Y_HCO                  (27) Y_CH2O                  (28) Y_CH2OH                  (29) Y_N2
0        1.25591e-05        2.51182e-05        2.83557e-05             101325            1.12889        2.83557e-05            300.733                  0                  0                  0                  0        4.84469e-08        3.36322e-17        1.30013e-12           0.222536        2.14958e-12        3.53283e-05        3.03742e-08        3.72101e-17        1.93038e-18        3.29281e-07          0.0446258        1.63387e-06        4.07455e-05        2.66008e-17        1.72396e-07        4.23708e-21            0.73276
1        3.76773e-05        2.51182e-05        2.83267e-05             101325            1.12773        2.83267e-05            301.042                  0        0.000361175        1.78827e-07             6.5793        7.24103e-08        5.51273e-17        1.50612e-12            0.22251        3.08364e-12        5.02812e-05        4.26635e-08        7.36834e-17        3.82745e-18        4.70714e-07          0.0446189         2.4704e-06        5.77938e-05        5.30557e-17        2.52965e-07        8.45215e-21            0.73276
2        6.27955e-05        2.51182e-05        2.82823e-05             101325            1.12597        2.82823e-05            301.514                  0        0.000495037        2.53826e-07            11.9847        1.13896e-07        8.79893e-17        1.51057e-12            0.22247        4.55708e-12        7.32846e-05        6.09061e-08        1.60691e-16        8.36434e-18        6.90817e-07          0.0446083        3.95369e-06        8.37529e-05        1.17037e-16        3.86804e-07        1.86577e-20            0.73276
3        8.79138e-05        2.51182e-05        2.82125e-05             101325            1.12319        2.82125e-05            302.258                  0        0.000720837        3.91743e-07            24.6134        1.85766e-07        1.39936e-16        1.35835e-12           0.222406        6.95015e-12        0.000109699        8.91006e-08        3.69488e-16        1.92975e-17         1.0421e-06          0.0445915        6.57154e-06        0.000124478        2.73052e-16        6.11344e-07        4.37154e-20            0.73276
4        0.000113032        2.51182e-05        2.81072e-05             101325              1.119        2.81072e-05             303.39                  0         0.00107588        6.36256e-07            53.3454        3.05724e-07        2.28027e-16        1.08829e-12           0.222309        1.07304e-11        0.000165283        1.31281e-07        8.62065e-16        4.52434e-17        1.58229e-06          0.0445657        1.10232e-05        0.000186018        6.48465e-16         9.7421e-07        1.04882e-19            0.73276
5         0.00013815        2.51182e-05         2.7953e-05             101325            1.11286         2.7953e-05            305.062                  0         0.00161442        1.07301e-06            117.541        5.01102e-07         3.9936e-16        7.69136e-13           0.222165        1.66267e-11         0.00024787         1.9291e-07        2.00179e-15        1.05797e-16        2.39052e-06          0.0445274        1.84134e-05        0.000276394        1.53879e-15        1.54578e-06        2.53629e-19            0.73276
6        0.000163268        2.51182e-05        2.77332e-05             101325            1.10411        2.77332e-05            307.477                  0         0.00240917         1.8711e-06            257.502        8.12968e-07        7.77635e-16        4.74555e-13           0.221957        2.58114e-11        0.000367818        2.81295e-07         4.5911e-15        2.45048e-16        3.57199e-06          0.0444716        3.04418e-05        0.000405881         3.6248e-15        2.42723e-06        6.16213e-19            0.73276
7        0.000188387        2.51182e-05        2.74284e-05             101325            1.09197        2.74284e-05             310.89                  0         0.00355474        3.37477e-06            553.933        1.30134e-06          1.668e-15        2.52759e-13           0.221662        4.02424e-11         0.00053844        4.06172e-07        1.03882e-14        5.62037e-16        5.26237e-06           0.044392        4.96511e-05        0.000587193         8.4779e-15        3.75997e-06        1.51039e-18            0.73276
8        0.000213505        2.51182e-05        2.70175e-05             101325            1.07562        2.70175e-05            315.611                  0         0.00517044        6.30293e-06            1162.27        2.05124e-06        3.81216e-15        1.15444e-13           0.221252         6.3355e-11        0.000776327        5.80551e-07         2.3259e-14        1.28142e-15        7.63072e-06          0.0442807        7.97287e-05        0.000835461        1.97754e-14        5.73551e-06        3.76796e-18            0.73276
9        0.000238623        2.51182e-05        2.64799e-05             101325            1.05421        2.64799e-05            322.009                  0         0.00740171        1.22018e-05            2370.63        3.17889e-06        9.04817e-15        4.52335e-14           0.220693         1.0141e-10         0.00110146        8.21971e-07        5.17857e-14        2.92097e-15        1.08801e-05          0.0441281        0.000125836         0.00116791        4.63009e-14        8.60415e-06        9.67109e-18            0.73276
10        0.000263741        2.51182e-05        2.57986e-05             101325            1.02709        2.57986e-05            330.496                  0          0.0104193        2.44895e-05            4693.77        4.83684e-06        2.20913e-14         1.5704e-14           0.219948        1.66166e-10         0.00153704        1.15439e-06        1.15265e-13        6.69604e-15        1.52442e-05           0.043923        0.000194909         0.00160323        1.09534e-13          1.268e-05        2.58036e-17            0.73276
11        0.000288859        2.51182e-05        2.49642e-05             101325           0.993869        2.49642e-05            341.519                  0          0.0144153        5.09297e-05            9021.05        7.21628e-06        5.54036e-14        6.16794e-15           0.218974        2.80048e-10         0.00210886        1.61091e-06        2.57432e-13        1.54964e-14        2.09805e-05          0.0436529        0.000295853         0.00216058        2.63043e-13        1.83393e-05        7.20523e-17            0.73276
12        0.000313978        2.51182e-05        2.39781e-05             101325           0.954612        2.39781e-05            355.529                  0          0.0195963        0.000109516            16845.4        1.05447e-05        1.42542e-13         6.7416e-15           0.217726        4.85958e-10          0.0028444        2.23759e-06        5.77349e-13         3.6214e-14        2.83593e-05          0.0433043        0.000439521         0.00285842        6.41989e-13        2.60105e-05        2.10705e-16            0.73276
13        0.000339096        2.51182e-05        2.28545e-05             101325           0.909879        2.28545e-05            372.958                  0          0.0261738        0.000242419            30617.1        1.50778e-05        3.74391e-13        2.00174e-14           0.216161        8.65197e-10         0.00377148        3.09828e-06        1.29657e-12        8.51126e-14        3.76505e-05          0.0428634        0.000638425         0.00371335        1.58756e-12        3.61537e-05        6.41143e-16            0.73276
14        0.000364214        2.51182e-05        2.16197e-05             101325           0.860718        2.16197e-05            394.188                  0          0.0343524        0.000548349            54296.8        2.10861e-05        9.95684e-13        7.61415e-14           0.214237          1.568e-09         0.00491693        4.28038e-06        2.89795e-12        1.99587e-13        4.91118e-05          0.0423169        0.000906142         0.00473925        3.95088e-12        4.92341e-05        2.00459e-15            0.73276
15        0.000389332        2.51182e-05        2.03089e-05             101325           0.808533        2.03089e-05            419.532                  0          0.0443201         0.00125469              94235         2.8838e-05         2.6591e-12        3.13235e-13           0.211916        2.86171e-09         0.00630526        5.90119e-06        6.39598e-12        4.62259e-13         6.2981e-05          0.0416524         0.00125653         0.00594677        9.80929e-12         6.5692e-05         6.3427e-15            0.73276
16        0.000414451        2.51182e-05        1.89613e-05             101325           0.754884        1.89613e-05            449.214                  0          0.0562403         0.00286987             160599        3.85836e-05        7.10283e-12        1.34325e-12           0.209164        5.19862e-09         0.00795788        8.11426e-06        1.38303e-11        1.04664e-12        7.94739e-05          0.0408592         0.00170288         0.00734351        2.40915e-11        8.59169e-05        2.00444e-14            0.73276
17        0.000439569        2.51182e-05         1.7615e-05             101325           0.701282         1.7615e-05            483.372                  0          0.0702481         0.00648271             269717        5.05425e-05        1.90155e-11        5.86548e-12           0.205957        9.30348e-09         0.00989272        1.11153e-05        2.91356e-11        2.29837e-12        9.87909e-05          0.0399282         0.00225726         0.00893455        5.81866e-11         0.00011023        6.28925e-14            0.73276
18        0.000464687        2.51182e-05        1.63023e-05             101325           0.649022        1.63023e-05            522.063                  0          0.0864522          0.0143075             448001        6.48968e-05        5.15591e-11        2.56373e-11            0.20227        1.62913e-08          0.0121245        1.51475e-05        5.97559e-11        4.88058e-12        0.000121128          0.0388516         0.00293004          0.0107233        1.38068e-10        0.000138878        1.96957e-13            0.73276
19        0.000489805        2.51182e-05         1.5048e-05             101325           0.599088         1.5048e-05            565.279                  0           0.104939          0.0306257             738857        8.17915e-05        1.43404e-10        1.10744e-10           0.198088        2.78943e-08          0.0146653        2.05049e-05        1.20269e-10        1.00761e-11        0.000146693          0.0376234         0.00372981          0.0127125        3.23741e-10         0.00017203        6.25449e-13            0.73276
20        0.000514923        2.51182e-05        1.38688e-05             101325           0.552143        1.38688e-05            612.967                  0           0.125781          0.0634821         1.2164e+06        0.000101339        4.12082e-10        4.67874e-10           0.193394        4.71249e-08          0.0175251        2.75334e-05        2.42741e-10        2.05958e-11        0.000175726          0.0362384         0.00466347          0.0149048        7.60232e-10        0.000209785        2.05013e-12            0.73276
21        0.000540042        2.51182e-05        1.27739e-05             101325           0.508552        1.27739e-05            665.042                  0           0.149041           0.128474        2.01782e+06        0.000123623         1.2175e-09        1.91388e-09           0.188174        8.04837e-08          0.0207129        3.66266e-05         5.1057e-10        4.31429e-11        0.000208514          0.0346918         0.00573647          0.0173033        1.82206e-09        0.000252173        6.97389e-12            0.73276
22         0.00056516        2.51182e-05        1.17666e-05             101325           0.468449        1.17666e-05            721.404                  0           0.174779           0.259964        3.43065e+06        0.000148712        3.63991e-09        7.50047e-09           0.182417        1.45093e-07          0.0242365        4.82088e-05        1.17077e-09         9.6814e-11        0.000245422          0.0329796         0.00695307          0.0199117        4.53542e-09        0.000299159        2.42749e-11            0.73276
23        0.000590278        2.51182e-05         1.0846e-05             101325           0.431798         1.0846e-05            781.944                  0           0.203055           0.549294        6.13872e+06        0.000176655        1.07916e-08        2.78734e-08           0.176111        2.90225e-07          0.0281032        6.26935e-05        2.98926e-09        2.39442e-10        0.000286927          0.0310978          0.0083165          0.0227343        1.17903e-08        0.000350637        8.42649e-11            0.73276
24        0.000615396        2.51182e-05        1.00085e-05             101325           0.398454        1.00085e-05            846.551                  0           0.233927            1.27416        1.18983e+07        0.000207492        3.11813e-08        9.73995e-08           0.169245        6.57413e-07          0.0323188        8.03953e-05        8.29546e-09        6.44327e-10        0.000333674          0.0290431         0.00982892          0.0257754        3.16331e-08        0.000406422        2.84557e-10            0.73276
25        0.000640515        2.51182e-05        9.24877e-06             101325            0.36821        9.24877e-06            915.102                  0           0.267447            3.30578        2.52948e+07        0.000241252        8.68341e-08        3.18375e-07           0.161813        1.63556e-06           0.036887        0.000101359        2.38051e-08        1.80547e-09        0.000386547          0.0268129          0.0114911          0.0290384        8.55158e-08        0.000466227        9.18561e-10            0.73276
26        0.000665633        2.51182e-05        8.56105e-06             101325            0.34083        8.56105e-06            987.455                  0           0.303651            9.27198        5.80041e+07        0.000277939        2.31925e-07        9.72095e-07           0.153816        4.23069e-06          0.0418064        0.000125068        6.75747e-08        5.03812e-09        0.000446648          0.0244065          0.0133017          0.0325247        2.26972e-07        0.000529605         2.8048e-09            0.73276
27        0.000690751        2.51182e-05        7.93942e-06             101325           0.316082        7.93942e-06            1063.42                  0           0.342541            26.5379        1.38383e+08        0.000317503        5.93318e-07        2.77676e-06           0.145266        1.08774e-05          0.0470667        0.000149983        1.84432e-07        1.35789e-08        0.000514885          0.0218273          0.0152554          0.0362314        5.79008e-07        0.000595781        8.05076e-09            0.73276
28        0.000715869        2.51182e-05        7.37855e-06             101325           0.293753        7.37855e-06            1142.68                  0           0.384047             73.949         3.3105e+08         0.00035981        1.45269e-06        7.44597e-06           0.136188        2.70723e-05          0.0526474        0.000173022        4.76185e-07         3.4723e-08        0.000590638          0.0190836          0.0173426          0.0401539        1.39831e-06         0.00066335        2.16301e-08           0.732759
29        0.000740987        2.51182e-05        6.87402e-06             101325           0.273667        6.87402e-06            1224.73                  0           0.428048            194.843        7.71534e+08        0.000404494        3.39333e-06        1.88044e-05            0.12662        6.42886e-05          0.0585115         0.00018934        1.14966e-06         8.3199e-08        0.000668633          0.0161939          0.0195458          0.0442871        3.15834e-06        0.000729444        5.41047e-08           0.732758
30        0.000766106        2.51182e-05        6.42309e-06             101325           0.255714        6.42309e-06            1308.61                  0           0.474329            475.956        1.71098e+09        0.000450518        7.50348e-06         4.4756e-05           0.116638        0.000144148          0.0645817        0.000193392        2.55675e-06        1.83963e-07        0.000733856          0.0132017          0.0218275          0.0486223         6.5734e-06        0.000787786        1.24563e-07           0.732758
31        0.000791224        2.51182e-05        6.02565e-06             101325           0.239892        6.02565e-06            1392.54                  0           0.522437            1056.72        3.52089e+09        0.000495246         1.5495e-05        0.000100088           0.106402        0.000301708          0.0707023        0.000181777        5.09738e-06        3.65491e-07        0.000757907          0.0101985          0.0241024          0.0531427        1.23096e-05        0.000825088        2.57456e-07           0.732757
32        0.000816342        2.51182e-05        5.68525e-06             101325            0.22634        5.68525e-06            1473.33                  0           0.571449            2077.73        6.50748e+09        0.000532973        2.92899e-05        0.000208665          0.0962357        0.000580753          0.0765925         0.00015572        8.67598e-06        6.22296e-07        0.000707346         0.00734783          0.0261918          0.0578152         1.9959e-05        0.000817447        4.55259e-07           0.732756
33         0.00084146        2.51182e-05        5.40842e-06             101325           0.215319        5.40842e-06            1546.24                  0           0.619695            3498.37        1.03336e+10        0.000554394        4.94804e-05        0.000399793          0.0866763         0.00101003          0.0818412        0.000121084        1.17611e-05        8.49372e-07        0.000573977         0.00487493          0.0277885          0.0625788        2.66339e-05        0.000737445        6.42122e-07           0.732756
34        0.000866578        2.51182e-05        5.19951e-06             101325           0.207002        5.19951e-06            1606.39                  0            0.66473            4883.11        1.34035e+10        0.000551398        7.34778e-05        0.000688682          0.0783654         0.00156443          0.0860378        8.62817e-05        1.21141e-05        8.87696e-07        0.000400407         0.00297684          0.0285425          0.0673314        2.81557e-05        0.000584884         6.8867e-07           0.732756
35        0.000891697        2.51182e-05        5.05318e-06             101325           0.201176        5.05318e-06            1651.83                  0           0.704127            5595.93         1.3836e+10         0.00052667        9.65422e-05         0.00104526          0.0717301         0.00215525          0.0890045        5.81185e-05        9.77173e-06        7.29859e-07        0.000247031         0.00169933          0.0283072          0.0719326        2.38529e-05        0.000406556        5.77524e-07           0.732756
36        0.000916815        2.51182e-05        4.95452e-06             101325           0.197248        4.95452e-06            1684.54                  0           0.736759            5415.95        1.17208e+10        0.000493133        0.000115266         0.00140083          0.0667749         0.00268534          0.0908801        3.87973e-05         6.6679e-06        5.07762e-07        0.000141143        0.000928176          0.0272639          0.0762412        1.71125e-05         0.00025528        4.07778e-07           0.732757
37        0.000941933        2.51182e-05        4.88696e-06             101325           0.194559        4.88696e-06             1708.3                  0           0.763109            4680.55        8.70967e+09        0.000462448        0.000128771         0.00169777          0.0631956         0.00310625          0.0919694        2.68824e-05        4.13882e-06        3.20554e-07        7.75124e-05        0.000494722          0.0257521          0.0801639        1.10599e-05        0.000150474        2.60249e-07           0.732758
38        0.000967051        2.51182e-05        4.83808e-06             101325           0.192612        4.83808e-06            1726.44                  0           0.784416            3819.24        6.07584e+09        0.000439256         0.00013762         0.00191525           0.060613         0.00341775          0.0925669        1.99202e-05        2.44591e-06        1.92114e-07        4.17869e-05        0.000260529           0.024066          0.0836678        6.73623e-06        8.56421e-05        1.57238e-07           0.732758
39         0.00099217        2.51182e-05         4.8002e-06             101325           0.191104         4.8002e-06            1741.14                  0           0.801908            3059.95        4.20703e+09         0.00042326        0.000142746         0.00205881          0.0587098         0.00364056          0.0928855        1.59154e-05        1.40964e-06        1.12004e-07        2.23541e-05        0.000136509          0.0223894          0.0867624        3.97103e-06        4.78471e-05        9.22415e-08           0.732759
40         0.00101729        2.51182e-05        4.76898e-06             101325           0.189861        4.76898e-06             1753.7                  0           0.816539            2460.37        3.01027e+09        0.000412439         0.00014503         0.00214362          0.0572613         0.00379752          0.0930583        1.35834e-05        8.02206e-07        6.43487e-08        1.19342e-05        7.14497e-05          0.0208159          0.0894799         2.3008e-06        2.64827e-05        5.32568e-08           0.732759
41         0.00104241        2.51182e-05        4.74204e-06             101325           0.188789        4.74204e-06            1764.85                  0            0.82899            2004.45        2.27637e+09        0.000404745        0.000145189         0.00218518          0.0561199         0.00390709          0.0931623         1.2176e-05         4.5384e-07        3.66914e-08        6.37869e-06        3.74439e-05          0.0193834          0.0918602        1.32279e-06        1.45977e-05        3.04891e-08           0.732759
42         0.00106752        2.51182e-05        4.71808e-06             101325           0.187835        4.71808e-06            1774.98                  0           0.839736            1658.57        1.82734e+09        0.000398638        0.000143779         0.00219607          0.0551913         0.00398262          0.0932393        1.12769e-05        2.56218e-07         2.0848e-08        3.41969e-06        1.96754e-05          0.0181003          0.0939449        7.59884e-07        8.03837e-06        1.73818e-08           0.732759
43         0.00109264        2.51182e-05        4.69635e-06             101325            0.18697        4.69635e-06            1784.32                  0           0.849118            1392.36        1.54398e+09        0.000393122        0.000141228         0.00218567          0.0544153         0.00403338          0.0933109        1.06591e-05        1.44666e-07        1.18326e-08        1.84101e-06        1.03759e-05          0.0169598          0.0957731        4.38867e-07        4.43033e-06        9.89297e-09            0.73276
44         0.00111776        2.51182e-05        4.67641e-06             101325           0.186176        4.67641e-06            1793.02                  0           0.857386            1183.23        1.35467e+09        0.000387618        0.000137863         0.00216062          0.0537526         0.00406574           0.093387        1.01999e-05        8.17965e-08        6.71779e-09        9.95967e-07        5.49482e-06          0.0159492          0.0973802        2.56536e-07        2.44679e-06        5.62992e-09            0.73276
45         0.00114288        2.51182e-05        4.65798e-06             101325           0.185442        4.65798e-06            1801.16                  0           0.864728            1015.52        1.21872e+09        0.000381832        0.000133932         0.00212558          0.0531771         0.00408412          0.0934716        9.83292e-06         4.6349e-08        3.81837e-09        5.41674e-07        2.92337e-06          0.0150536          0.0987977        1.52995e-07        1.35508e-06        3.20644e-09            0.73276
46           0.001168        2.51182e-05        4.64085e-06             101325            0.18476        4.64085e-06            1808.81                  0           0.871292            878.619        1.11373e+09        0.000375649        0.000129625         0.00208383          0.0526707         0.00409167          0.0935654        9.52181e-06        2.63305e-08        2.17396e-09        2.96234e-07        1.56292e-06          0.0142582           0.100053        9.40011e-08         7.5289e-07        1.82864e-09            0.73276
47         0.00119312        2.51182e-05        4.62486e-06             101325           0.184124        4.62486e-06            1816.01                  0           0.877199            765.287        1.02754e+09        0.000369055        0.000125086         0.00203764          0.0522204         0.00409065          0.0936677        9.24655e-06        1.49993e-08        1.24014e-09        1.62919e-07        8.39832e-07          0.0135495            0.10117        6.01481e-08        4.19761e-07         1.0446e-09            0.73276
48         0.00121823        2.51182e-05        4.60991e-06             101325           0.183529        4.60991e-06            1822.81                  0           0.882545            670.449        9.53533e+08        0.000362089        0.000120425         0.00198865          0.0518166         0.00408276           0.093777        8.99576e-06        8.56845e-09        7.08904e-10         9.0105e-08        4.53624e-07          0.0129153           0.102168        4.04901e-08        2.34871e-07        5.97809e-10            0.73276
49         0.00124335        2.51182e-05        4.59589e-06             101325            0.18297        4.59589e-06            1829.24                  0            0.88741            590.445        8.88088e+08        0.000354817        0.000115726         0.00193802          0.0514519         0.00406928          0.0938919         8.7628e-06        4.90837e-09        4.06096e-10        5.01099e-08        2.46304e-07           0.012345           0.103064        2.88671e-08        1.31895e-07        3.42764e-10            0.73276
50         0.00126847        2.51182e-05        4.58271e-06             101325           0.182446        4.58271e-06            1835.33                  0           0.891862            522.537        8.29138e+08        0.000347312        0.000111051         0.00188658          0.0511202         0.00405124          0.0940108        8.54366e-06        2.81929e-09        2.33125e-10        2.80179e-08        1.34437e-07          0.0118297           0.103875        2.18145e-08        7.43341e-08        1.96903e-10            0.73276
51         0.00129359        2.51182e-05        4.57029e-06             101325           0.181951        4.57029e-06             1841.1                  0           0.895956            464.613        7.75449e+08        0.000339645        0.000106446         0.00183496           0.050817         0.00402944          0.0941323        8.33574e-06        1.62354e-09        1.34107e-10        1.57472e-08        7.37601e-08          0.0113616            0.10461        1.73813e-08        4.20428e-08        1.13325e-10            0.73276
52         0.00131871        2.51182e-05        4.55858e-06             101325           0.181485        4.55858e-06            1846.59                  0           0.899741                415        7.26222e+08        0.000331881        0.000101944         0.00178361          0.0505382         0.00400454          0.0942553        8.13731e-06        9.37255e-10        7.73029e-11        8.89478e-09        4.06773e-08          0.0109339           0.105282        1.44669e-08        2.38624e-08        6.53428e-11            0.73276
53         0.00134382        2.51182e-05         4.5475e-06             101325           0.181044         4.5475e-06            1851.81                  0           0.903255            372.346        6.80899e+08        0.000324075        9.75678e-05         0.00173284          0.0502808         0.00397707          0.0943789        7.94714e-06        5.42338e-10        4.46474e-11        5.04818e-09         2.2546e-08          0.0105412             0.1059        1.24477e-08        1.35908e-08        3.77443e-11            0.73276
54         0.00136894        2.51182e-05          4.537e-06             101325           0.180626          4.537e-06            1856.79                  0           0.906534            335.541        6.39054e+08        0.000316274        9.33342e-05          0.0016829           0.050042         0.00394747          0.0945023        7.76428e-06        3.14524e-10        2.58363e-11        2.87808e-09        1.25581e-08          0.0101786           0.106469        1.09684e-08        7.76772e-09        2.18409e-11            0.73276
55         0.00139406        2.51182e-05        4.52704e-06             101325           0.180229        4.52704e-06            1861.54                  0           0.909606            303.667        6.00338e+08        0.000308517        8.92526e-05         0.00163395          0.0498195         0.00391613          0.0946249          7.588e-06        1.82796e-10        1.49789e-11        1.64794e-09        7.02852e-09         0.00984216           0.106998        9.82518e-09        4.45558e-09        1.26602e-11            0.73276
56         0.00141918        2.51182e-05        4.51757e-06             101325           0.179852        4.51757e-06            1866.08                  0           0.912496            275.958        5.64456e+08        0.000300833        8.53281e-05         0.00158612          0.0496114         0.00388334          0.0947461        7.41771e-06        1.06457e-10        8.70022e-12         9.4745e-10        3.95212e-09         0.00952839           0.107491        8.89951e-09        2.56561e-09        7.35114e-12            0.73276
57          0.0014443        2.51182e-05        4.50855e-06             101325           0.179493        4.50855e-06            1870.42                  0           0.915225            251.775        5.31149e+08        0.000293248        8.15625e-05         0.00153947           0.049416         0.00384936          0.0948657        7.25289e-06        6.21235e-11         5.0626e-12        5.46844e-10        2.23236e-09         0.00923439           0.107953        8.12153e-09        1.48375e-09        4.27574e-12            0.73276
58         0.00146942        2.51182e-05        4.49995e-06             101325           0.179151        4.49995e-06            1874.58                  0           0.917812            230.581        5.00184e+08        0.000285779        7.79551e-05         0.00149404          0.0492318         0.00381442          0.0949834        7.09311e-06        3.63235e-11        2.95126e-12          3.168e-10        1.26651e-09         0.00895769           0.108388         7.4491e-09        8.62551e-10        2.49125e-12            0.73276
59         0.00149453        2.51182e-05        4.49174e-06             101325           0.178824        4.49174e-06            1878.58                  0           0.920271            211.925        4.71356e+08        0.000278439        7.45032e-05         0.00144987          0.0490578         0.00377868          0.0950989        6.93798e-06        2.12795e-11         1.7236e-12        1.84184e-10        7.21616e-10          0.0086962           0.108799        6.85604e-09        5.04736e-10        1.45406e-12            0.73276
60         0.00151965        2.51182e-05        4.48388e-06             101325           0.178511        4.48388e-06            1882.42                  0           0.922617            195.429        4.44478e+08        0.000271239        7.12028e-05         0.00140696          0.0488927         0.00374229          0.0952121        6.78718e-06        1.24904e-11        1.00848e-12        1.07449e-10        4.12863e-10          0.0084481           0.109189        6.32553e-09        2.97961e-10        8.50223e-13            0.73276
61         0.00154477        2.51182e-05        4.47635e-06             101325           0.178211        4.47635e-06            1886.11                  0            0.92486            180.774         4.1938e+08        0.000264184        6.80489e-05         0.00136528          0.0487358         0.00370539          0.0953231        6.64041e-06        7.34567e-12        5.91173e-13        6.28917e-11         2.3717e-10         0.00821185            0.10956        5.84625e-09         1.7805e-10        4.98076e-13            0.73276
62         0.00156989        2.51182e-05        4.46913e-06             101325           0.177924        4.46913e-06            1889.67                  0           0.927013            167.694        3.95913e+08        0.000257278         6.5036e-05         0.00132483          0.0485861         0.00366807          0.0954316        6.49738e-06        4.32852e-12        3.47214e-13        3.69301e-11         1.3678e-10         0.00798615           0.109914        5.41024e-09        1.08238e-10        2.92357e-13            0.73276
63         0.00159501        2.51182e-05        4.46219e-06             101325           0.177647        4.46219e-06            1893.11                  0           0.929082            155.964        3.73938e+08        0.000250523         6.2158e-05         0.00128557           0.048443         0.00363042          0.0955378        6.35785e-06        2.55572e-12        2.04332e-13        2.17536e-11        7.91878e-11         0.00776985           0.110254        5.01159e-09         6.7401e-11        1.71967e-13            0.73276
64         0.00162012        2.51182e-05        4.45551e-06             101325           0.177382        4.45551e-06            1896.42                  0           0.931076            145.393        3.53332e+08        0.000243918         5.9409e-05         0.00124748          0.0483059         0.00359251          0.0956416        6.22161e-06        1.51208e-12        1.20492e-13        1.28536e-11        4.60186e-11         0.00756197           0.110581        4.64578e-09        4.33705e-11        1.01382e-13            0.73276
65         0.00164524        2.51182e-05        4.44908e-06             101325           0.177126        4.44908e-06            1899.62                  0           0.933001            135.822        3.33985e+08        0.000237463        5.67828e-05          0.0012105          0.0481743         0.00355439          0.0957431        6.08844e-06        8.96485e-13         7.1202e-14        7.61811e-12        2.68423e-11         0.00736167           0.110896        4.30913e-09        2.91178e-11        5.99194e-14            0.73276
66         0.00167036        2.51182e-05        4.44288e-06             101325           0.176879        4.44288e-06            1902.72                  0           0.934864            127.116        3.15795e+08        0.000231154        5.42733e-05         0.00117461          0.0480477         0.00351611          0.0958423        5.95817e-06        5.32656e-13        4.21663e-14        4.52883e-12        1.57144e-11         0.00716823             0.1112        3.99865e-09        2.05722e-11        3.55139e-14            0.73276
67         0.00169548        2.51182e-05         4.4369e-06             101325           0.176641         4.4369e-06            1905.73                  0           0.936669            119.162        2.98672e+08        0.000224989        5.18747e-05         0.00113977          0.0479256         0.00347772          0.0959393        5.83062e-06        3.17185e-13        2.50272e-14        2.70046e-12        9.23304e-12           0.006981           0.111494        3.71177e-09        1.53701e-11        2.11178e-14            0.73276
68          0.0017206        2.51182e-05        4.43112e-06             101325            0.17641        4.43112e-06            1908.64                  0           0.938422            111.865        2.82536e+08        0.000218965        4.95813e-05         0.00110593          0.0478078         0.00343922          0.0960341        5.70564e-06        1.89309e-13        1.48889e-14        1.61512e-12        5.44442e-12         0.00679943           0.111779        3.44631e-09        1.21351e-11        1.26061e-14            0.73276
69         0.00174572        2.51182e-05        4.42552e-06             101325           0.176188        4.42552e-06            1911.47                  0           0.940126            105.142        2.67311e+08        0.000213077        4.73877e-05         0.00107306          0.0476939         0.00340066          0.0961269        5.58309e-06        1.13255e-13        8.87884e-15        9.68938e-13        3.22188e-12         0.00662306           0.112056        3.20033e-09        1.00638e-11        7.56093e-15            0.73276
70         0.00177083        2.51182e-05         4.4201e-06             101325           0.175972         4.4201e-06            1914.21                  0           0.941784            98.9244        2.52932e+08        0.000207322        4.52887e-05         0.00104111          0.0475836         0.00336205          0.0962177        5.46283e-06        6.79198e-14        5.30791e-15        5.83065e-13        1.91342e-12         0.00645145           0.112326        2.97216e-09        8.68547e-12        4.56202e-15            0.73276
71         0.00179595        2.51182e-05        4.41485e-06             101325           0.175763        4.41485e-06            1916.88                  0           0.943401            93.1544        2.39338e+08        0.000201697        4.32794e-05         0.00101005          0.0474767          0.0033234          0.0963065        5.34476e-06        4.08345e-14        3.18127e-15        3.51952e-13         1.1404e-12         0.00628425           0.112589        2.76031e-09        7.72386e-12        2.77373e-15            0.73276
72         0.00182107        2.51182e-05        4.40976e-06             101325            0.17556        4.40976e-06            1919.48                  0           0.944979            87.7821        2.26475e+08        0.000196196        4.13552e-05        0.000979839           0.047373         0.00328472          0.0963935        5.22876e-06        2.46139e-14         1.9117e-15        2.13112e-13        6.82099e-13         0.00612114           0.112845        2.56343e-09        7.01599e-12        1.70336e-15            0.73276
73         0.00184619        2.51182e-05        4.40481e-06             101325           0.175363        4.40481e-06            1922.01                  0           0.946519             82.765        2.14294e+08        0.000190815        3.95119e-05        0.000950448          0.0472722         0.00324602          0.0964786        5.11474e-06        1.48762e-14        1.15191e-15        1.29453e-13        4.09437e-13         0.00596183           0.113095        2.38035e-09         6.4654e-12        1.05983e-15            0.73276
74         0.00187131        2.51182e-05        4.40001e-06             101325           0.175172        4.40001e-06            1924.47                  0           0.948025            78.0671        2.02749e+08        0.000185552        3.77453e-05        0.000921843          0.0471743          0.0032073          0.0965621        5.00261e-06         9.0156e-15        6.96038e-16        7.88881e-14         2.4665e-13         0.00580609            0.11334        2.20998e-09        6.01469e-12        6.70773e-16            0.73276
75         0.00189643        2.51182e-05        4.39534e-06             101325           0.174986        4.39534e-06            1926.87                  0           0.949499            73.6572        1.91801e+08        0.000180403        3.60518e-05        0.000893992           0.047079         0.00316858          0.0966439        4.89229e-06        5.47926e-15        4.21788e-16        4.82314e-14        1.49121e-13         0.00565371           0.113579        2.05136e-09         5.6295e-12        4.33921e-16            0.73276
76         0.00192154        2.51182e-05        4.39079e-06             101325           0.174805        4.39079e-06            1929.22                  0           0.950942            69.5088        1.81412e+08        0.000175363        3.44279e-05        0.000866867          0.0469862         0.00312984           0.096724        4.78372e-06         3.3397e-15        2.56352e-16        2.95861e-14        9.04839e-14          0.0055045           0.113814        1.90361e-09         5.2891e-12        2.88427e-16            0.73276
77         0.00194666        2.51182e-05        4.38637e-06             101325           0.174629        4.38637e-06             1931.5                  0           0.952355             65.599        1.71548e+08        0.000170431        3.28702e-05        0.000840442          0.0468958         0.00309111          0.0968027        4.67683e-06        2.04168e-15        1.56277e-16          1.821e-14        5.51047e-14          0.0053583           0.114044        1.76596e-09        4.98084e-12           1.98e-16            0.73276
78         0.00197178        2.51182e-05        4.38206e-06             101325           0.174458        4.38206e-06            1933.74                  0           0.953741            61.9081        1.62179e+08        0.000165602        3.13758e-05        0.000814691          0.0468077         0.00305237          0.0968798        4.57158e-06        1.25197e-15        9.55661e-17        1.12466e-14        3.36825e-14         0.00521498           0.114269        1.63767e-09        4.69687e-12        1.40933e-16            0.73276
79          0.0019969        2.51182e-05        4.37786e-06             101325            0.17429        4.37786e-06            1935.92                  0           0.955099            58.4188        1.53277e+08        0.000160874        2.99418e-05        0.000789592          0.0467218         0.00301363          0.0969555        4.46792e-06        7.70133e-16         5.8627e-17         6.9702e-15        2.06649e-14         0.00507441            0.11449         1.5181e-09        4.43225e-12        1.04206e-16            0.73276
80         0.00202202        2.51182e-05        4.37377e-06             101325           0.174127        4.37377e-06            1938.05                  0           0.956432            55.1165        1.44816e+08        0.000156244        2.85655e-05        0.000765124           0.046638         0.00297489          0.0970298        4.36582e-06        4.75268e-16        3.60839e-17        4.33522e-15        1.27259e-14          0.0049365           0.114706        1.40663e-09        4.18379e-12        7.99771e-17            0.73276
81         0.00204713        2.51182e-05        4.36978e-06             101325           0.173969        4.36978e-06            1940.13                  0            0.95774             51.988        1.36773e+08        0.000151711        2.72447e-05        0.000741266          0.0465563         0.00293617          0.0971027        4.26524e-06        2.94276e-16        2.22838e-17        2.70613e-15        7.86667e-15         0.00480115           0.114919        1.30274e-09        3.94936e-12        6.35082e-17            0.73276
82         0.00207225        2.51182e-05        4.36589e-06             101325           0.173814        4.36589e-06            1942.17                  0           0.959024            49.0219        1.29125e+08        0.000147271        2.59769e-05        0.000718003          0.0464766         0.00289745          0.0971743        4.16616e-06        1.82835e-16        1.38092e-17        1.69546e-15        4.88149e-15         0.00466829           0.115128         1.2059e-09        3.72746e-12        5.19216e-17            0.73276
83         0.00209737        2.51182e-05        4.36209e-06             101325           0.173663        4.36209e-06            1944.16                  0           0.960284            46.2082        1.21854e+08        0.000142924        2.47601e-05        0.000695316          0.0463989         0.00285875          0.0972446        4.06857e-06        1.13999e-16        8.58803e-18        1.06626e-15        3.04084e-15         0.00453787           0.115333        1.11566e-09        3.51702e-12        4.34603e-17            0.73276
84         0.00212249        2.51182e-05        4.35839e-06             101325           0.173515        4.35839e-06            1946.11                  0           0.961521             43.538         1.1494e+08        0.000138668        2.35922e-05        0.000673192           0.046323         0.00282006          0.0973137        3.97246e-06        7.13417e-17         5.3607e-18        6.73153e-16        1.90165e-15         0.00440983           0.115534        1.03158e-09        3.31721e-12        3.70437e-17            0.73276
85         0.00214761        2.51182e-05        4.35477e-06             101325           0.173371        4.35477e-06            1948.01                  0           0.962736            41.0033        1.08366e+08          0.0001345        2.24716e-05        0.000651617           0.046249         0.00278141          0.0973815        3.87781e-06        4.48186e-17        3.35903e-18        4.26662e-16        1.19395e-15         0.00428413           0.115731        9.53279e-10        3.12738e-12        3.20016e-17            0.73276
86         0.00217273        2.51182e-05        4.35124e-06             101325           0.173231        4.35124e-06            1949.88                  0           0.963929            38.5971        1.02117e+08        0.000130421        2.13964e-05        0.000630579          0.0461768         0.00274279          0.0974481        3.78464e-06        2.82706e-17        2.11322e-18        2.71535e-16        7.52624e-16         0.00416074           0.115925        8.80378e-10        2.94698e-12        2.79133e-17            0.73276
87         0.00219784        2.51182e-05         4.3478e-06             101325           0.173093         4.3478e-06             1951.7                  0           0.965099             36.313        9.61768e+07        0.000126428         2.0365e-05        0.000610066          0.0461065         0.00270421          0.0975135        3.69295e-06        1.79097e-17        1.33509e-18        1.73541e-16        4.76352e-16         0.00403964           0.116115        8.12537e-10        2.77556e-12        2.45112e-17            0.73276
88         0.00222296        2.51182e-05        4.34443e-06             101325            0.17296        4.34443e-06            1953.48                  0           0.966249             34.145         9.0533e+07        0.000122521        1.93759e-05        0.000590069          0.0460379         0.00266568          0.0975777        3.60274e-06        1.13989e-17        8.47285e-19          1.114e-16        3.02733e-16          0.0039208           0.116302        7.49438e-10        2.61268e-12        2.16215e-17            0.73276
89         0.00224808        2.51182e-05        4.34115e-06             101325           0.172829        4.34115e-06            1955.22                  0           0.967376            32.0879        8.51719e+07        0.000118699        1.84276e-05        0.000570578           0.045971         0.00262722          0.0976408        3.51403e-06        7.29192e-18        5.40315e-19        7.18406e-17        1.93196e-16         0.00380423           0.116485        6.90781e-10        2.45798e-12        1.91289e-17            0.73276
90          0.0022732        2.51182e-05        4.33795e-06             101325           0.172701        4.33795e-06            1956.93                  0           0.968483            30.1366        8.00815e+07        0.000114961        1.75188e-05        0.000551585          0.0459059         0.00258883          0.0977027        3.42684e-06        4.69104e-18         3.4638e-19        4.65557e-17        1.23813e-16          0.0036899           0.116665        6.36289e-10        2.31111e-12        1.69546e-17            0.73276
91         0.00229832        2.51182e-05        4.33482e-06             101325           0.172577        4.33482e-06            1958.59                  0           0.969568            28.2868        7.52501e+07        0.000111307        1.66482e-05        0.000533082          0.0458425         0.00255054          0.0977635        3.34119e-06        3.03705e-18        2.23351e-19        3.03275e-17        7.96895e-17         0.00357782           0.116841        5.85699e-10        2.17175e-12         1.5043e-17            0.73276
92         0.00232344        2.51182e-05        4.33178e-06             101325           0.172456        4.33178e-06            1960.22                  0           0.970633             26.534        7.06668e+07        0.000107736        1.58145e-05        0.000515064          0.0457809         0.00251234          0.0978232        3.25711e-06        1.98053e-18        1.44963e-19        1.98677e-17        5.15147e-17         0.00346798           0.117014        5.38765e-10        2.03958e-12        1.33532e-17            0.73276
93         0.00234855        2.51182e-05         4.3288e-06             101325           0.172337         4.3288e-06            1961.81                  0           0.971676            24.8742        6.63213e+07        0.000104248        1.50166e-05        0.000497522          0.0457209         0.00247427          0.0978817        3.17462e-06        1.30242e-18        9.47862e-20        1.30958e-17        3.34502e-17          0.0033604           0.117183        4.95256e-10        1.91432e-12        1.18542e-17            0.73276
94         0.00237367        2.51182e-05         4.3259e-06             101325           0.172222         4.3259e-06            1963.37                  0           0.972698            23.3035        6.22036e+07        0.000100843        1.42534e-05        0.000480452          0.0456626         0.00243633          0.0979391        3.09374e-06        8.64907e-19        6.25062e-20        8.69108e-18        2.18197e-17         0.00325508           0.117348        4.54955e-10         1.7957e-12        1.05215e-17            0.73276
95         0.00239879        2.51182e-05        4.32308e-06             101325           0.172109        4.32308e-06            1964.88                  0           0.973699            21.8185        5.83042e+07        9.75193e-05        1.35236e-05        0.000463847           0.045606         0.00239855          0.0979954        3.01451e-06        5.80984e-19        4.16263e-20        5.81203e-18        1.43001e-17         0.00315202            0.11751        4.17656e-10        1.68344e-12        9.33534e-18            0.73276
96         0.00242391        2.51182e-05        4.32032e-06             101325              0.172        4.32032e-06            1966.36                  0           0.974679            20.4154        5.46141e+07        9.42781e-05        1.28264e-05        0.000447704           0.045551         0.00236094          0.0980505        2.93697e-06        3.95527e-19        2.80387e-20        3.92032e-18        9.41761e-18         0.00305125           0.117668        3.83166e-10        1.57729e-12        8.27892e-18            0.73276
97         0.00244903        2.51182e-05        4.31764e-06             101325           0.171893        4.31764e-06            1967.81                  0           0.975637             19.091        5.11245e+07        9.11187e-05        1.21605e-05        0.000432016          0.0454978         0.00232353          0.0981046        2.86113e-06        2.73485e-19        1.91367e-20        2.67034e-18        6.23356e-18         0.00295275           0.117823        3.51301e-10        1.47699e-12        7.33802e-18            0.73276
98         0.00247414        2.51182e-05        4.31503e-06             101325           0.171789        4.31503e-06            1969.22                  0           0.976574            17.8419         4.7827e+07         8.8041e-05        1.15251e-05        0.000416779          0.0454461         0.00228632          0.0981575        2.78704e-06        1.92483e-19        1.32597e-20        1.83931e-18        4.14795e-18         0.00285656           0.117974        3.21888e-10        1.38232e-12        6.50023e-18            0.73276
99         0.00249926        2.51182e-05        4.31249e-06             101325           0.171688        4.31249e-06            1970.59                  0            0.97749             16.665        4.47135e+07        8.50446e-05        1.09192e-05         0.00040199          0.0453961         0.00224936          0.0982093        2.71472e-06        1.38184e-19        9.34586e-21        1.28308e-18        2.77566e-18         0.00276267           0.118122        2.94765e-10        1.29302e-12        5.75466e-18            0.73276
100         0.00252438        2.51182e-05        4.31001e-06             101325           0.171589        4.31001e-06            1971.93                  0           0.978385            15.5572        4.17761e+07        8.21295e-05        1.03418e-05        0.000387642          0.0453478         0.00221266            0.09826         2.6442e-06        1.01362e-19        6.71306e-21        9.07969e-19        1.86853e-18          0.0026711           0.118266        2.69776e-10        1.20888e-12         5.0916e-18            0.73276
101          0.0025495        2.51182e-05        4.30761e-06             101325           0.171493        4.30761e-06            1973.23                  0           0.979257            14.5154        3.90072e+07        7.92954e-05        9.79187e-06        0.000373732           0.045301         0.00217624          0.0983096        2.57552e-06         7.6055e-20        4.92151e-21         6.5288e-19        1.26604e-18         0.00258185           0.118406        2.46775e-10        1.12967e-12        4.50239e-18            0.73276
102         0.00257462        2.51182e-05        4.30527e-06             101325             0.1714        4.30527e-06            1974.49                  0           0.980108            13.5368        3.63994e+07        7.65421e-05        9.26863e-06        0.000360256          0.0452559         0.00214012           0.098358         2.5087e-06        5.83931e-20        3.68622e-21        4.77762e-19        8.63904e-19         0.00249493           0.118542        2.25626e-10        1.05517e-12        3.97926e-18            0.73276
103         0.00259974        2.51182e-05        4.30301e-06             101325            0.17131        4.30301e-06            1975.73                  0           0.980938            12.6183        3.39455e+07        7.38692e-05        8.77112e-06        0.000347208          0.0452124         0.00210434          0.0984053        2.44378e-06        4.58507e-20        2.82165e-21        3.56259e-19        5.94119e-19         0.00241035           0.118675        2.06197e-10        9.85167e-13        3.51523e-18            0.73276
104         0.00262485        2.51182e-05         4.3008e-06             101325           0.171222         4.3008e-06            1976.92                  0           0.981746            11.7573        3.16386e+07        7.12764e-05        8.29845e-06        0.000334584          0.0451704         0.00206891          0.0984515        2.38076e-06        3.67713e-20        2.20637e-21        2.70939e-19        4.12152e-19         0.00232811           0.118804        1.88367e-10        9.19455e-13        3.10401e-18            0.73276
105         0.00264997        2.51182e-05        4.29867e-06             101325           0.171137        4.29867e-06            1978.08                  0           0.982532            10.9508        2.94717e+07        6.87634e-05        7.84973e-06         0.00032238            0.04513         0.00203387          0.0984966        2.31967e-06        3.00617e-20        1.76043e-21        2.10222e-19        2.88719e-19         0.00224821            0.11893        1.72018e-10        8.57831e-13        2.73992e-18            0.73276
106         0.00267509        2.51182e-05         4.2966e-06             101325           0.171055         4.2966e-06            1979.21                  0           0.983296            10.1962        2.74383e+07        6.63296e-05         7.4241e-06         0.00031059          0.0450911         0.00199923          0.0985405        2.26054e-06        2.49957e-20        1.43087e-21        1.66369e-19        2.04483e-19         0.00217065           0.119052        1.57044e-10        8.00097e-13        2.41787e-18            0.73276
107         0.00270021        2.51182e-05        4.29459e-06             101325           0.170975        4.29459e-06            1980.31                  0           0.984038            9.49083         2.5532e+07        6.39746e-05         7.0207e-06        0.000299209          0.0450538         0.00196503          0.0985833        2.20337e-06         2.1087e-20        1.18238e-21        1.34184e-19        1.46623e-19         0.00209543            0.11917        1.43339e-10         7.4606e-13        2.13326e-18            0.73276
108         0.00272533        2.51182e-05        4.29265e-06             101325           0.170898        4.29265e-06            1981.37                  0           0.984759            8.83215        2.37465e+07        6.16977e-05        6.63869e-06        0.000288231           0.045018         0.00193128          0.0986249        2.14817e-06        1.80074e-20        9.91165e-22        1.10152e-19        1.06597e-19         0.00202254           0.119284         1.3081e-10        6.95533e-13        1.88197e-18            0.73276
109         0.00275044        2.51182e-05        4.29078e-06             101325           0.170823        4.29078e-06            1982.39                  0           0.985458            8.21761        2.20757e+07        5.94983e-05        6.27723e-06        0.000277652          0.0449836         0.00189802          0.0986655        2.09496e-06        1.55328e-20        8.41115e-22        9.18862e-20        7.86942e-20         0.00195197           0.119395        1.19364e-10        6.48333e-13        1.66027e-18            0.73276
110         0.00277556        2.51182e-05        4.28896e-06             101325           0.170751        4.28896e-06            1983.38                  0           0.986136            7.64477        2.05137e+07        5.73757e-05         5.9355e-06        0.000267465          0.0449507         0.00186527          0.0987049        2.04373e-06        1.35086e-20        7.21166e-22        7.77477e-20        5.90761e-20         0.00188371           0.119503        1.08918e-10        6.04283e-13        1.46484e-18            0.73276
111         0.00280068        2.51182e-05        4.28721e-06             101325           0.170681        4.28721e-06            1984.34                  0           0.986792            7.11125        1.90547e+07        5.53289e-05         5.6127e-06        0.000257664          0.0449193         0.00183305          0.0987431        1.99448e-06        1.18269e-20        6.23645e-22        6.66059e-20        4.51525e-20         0.00181774           0.119606        9.93922e-11        5.63212e-13        1.29269e-18            0.73276
112          0.0028258        2.51182e-05        4.28552e-06             101325           0.170614        4.28552e-06            1985.27                  0           0.987427            6.61475        1.76932e+07        5.33572e-05        5.30803e-06        0.000248242          0.0448892          0.0018014          0.0987802         1.9472e-06        1.04109e-20        5.43159e-22        5.76726e-20        3.51669e-20         0.00175405           0.119706        9.07124e-11        5.24953e-13        1.14115e-18            0.73276
113         0.00285092        2.51182e-05        4.28389e-06             101325           0.170549        4.28389e-06            1986.17                  0            0.98804            6.15305        1.64238e+07        5.14594e-05        5.02072e-06        0.000239193          0.0448605         0.00177032          0.0988162         1.9019e-06        9.20515e-21         4.7586e-22        5.03933e-20        2.79225e-20         0.00169261           0.119803        8.28096e-11        4.89346e-13        1.00784e-18            0.73276
114         0.00287604        2.51182e-05        4.28232e-06             101325           0.170486        4.28232e-06            1987.03                  0           0.988632              5.724        1.52412e+07        4.96347e-05        4.74999e-06         0.00023051          0.0448331         0.00173985          0.0988511        1.85854e-06        8.16903e-21        4.18961e-22        4.43733e-20        2.25997e-20         0.00163341           0.119896        7.56195e-11        4.56237e-13        8.90618e-19            0.73276
115         0.00290115        2.51182e-05         4.2808e-06             101325           0.170426         4.2808e-06            1987.86                  0           0.989204            5.32553        1.41405e+07        4.78818e-05         4.4951e-06        0.000222185           0.044807            0.00171          0.0988849        1.81711e-06        7.27202e-21        3.70405e-22        3.93284e-20        1.86346e-20         0.00157642           0.119985        6.90824e-11        4.25476e-13        7.87597e-19            0.73276
116         0.00292627        2.51182e-05        4.27935e-06             101325           0.170368        4.27935e-06            1988.66                  0           0.989755            4.95567        1.31168e+07        4.61995e-05        4.25532e-06        0.000214212          0.0447822          0.0016808          0.0989175        1.77759e-06        6.49079e-21         3.2865e-22        3.50514e-20        1.56367e-20         0.00152159           0.120071        6.31428e-11         3.9692e-13        6.97088e-19            0.73276
117         0.00295139        2.51182e-05        4.27795e-06             101325           0.170313        4.27795e-06            1989.43                  0           0.990285            4.61252        1.21653e+07        4.45865e-05        4.02993e-06        0.000206582          0.0447587         0.00165227          0.0989491        1.73995e-06        5.80715e-21        2.92516e-22        3.13889e-20        1.33345e-20         0.00146892           0.120154        5.77492e-11        3.70434e-13        6.17596e-19            0.73276
118         0.00297651        2.51182e-05         4.2766e-06             101325           0.170259         4.2766e-06            1990.17                  0           0.990796            4.29427        1.12817e+07        4.30415e-05        3.81823e-06        0.000199287          0.0447363         0.00162442          0.0989795        1.70415e-06        5.20665e-21        2.61085e-22        2.82256e-20        1.15376e-20         0.00141835           0.120234        5.28542e-11        3.45885e-13        5.47793e-19            0.73276
119         0.00300163        2.51182e-05        4.27532e-06             101325           0.170208        4.27532e-06            1990.88                  0           0.991286            3.99921        1.04616e+07        4.15631e-05        3.61954e-06        0.000192319          0.0447151         0.00159727          0.0990089        1.67016e-06         4.6776e-21        2.33628e-22        2.54739e-20        1.01119e-20         0.00136986            0.12031        4.84137e-11        3.23148e-13        4.86504e-19            0.73276
120         0.00302675        2.51182e-05        4.27408e-06             101325           0.170159        4.27408e-06            1991.56                  0           0.991757            3.72569        9.70082e+06        4.01499e-05        3.43322e-06         0.00018567           0.044695         0.00157084          0.0990372        1.63795e-06        4.21036e-21        2.09561e-22        2.30655e-20        8.96224e-21         0.00132341           0.120383        4.43874e-11        3.02106e-13        4.32693e-19            0.73276
121         0.00305186        2.51182e-05         4.2729e-06             101325           0.170112         4.2729e-06            1992.22                  0           0.992209            3.47219        8.99556e+06        3.88002e-05        3.25861e-06        0.000179331          0.0446759         0.00154514          0.0990644        1.60746e-06        3.79691e-21        1.88404e-22         2.0947e-20        8.02056e-21         0.00127895           0.120453         4.0738e-11        2.82644e-13        3.85443e-19            0.73276
122         0.00307698        2.51182e-05        4.27177e-06             101325           0.170066        4.27177e-06            1992.84                  0           0.992642            3.23723        8.34205e+06        3.75125e-05        3.09511e-06        0.000173294           0.044658         0.00152018          0.0990906        1.57865e-06        3.43048e-21        1.69762e-22        1.90755e-20        7.23775e-21         0.00123645           0.120519        3.74313e-11        2.64655e-13        3.43947e-19            0.73276
123          0.0031021        2.51182e-05        4.27068e-06             101325           0.170023        4.27068e-06            1993.44                  0           0.993056            3.01946        7.73675e+06        3.62853e-05        2.94212e-06         0.00016755           0.044641         0.00149598          0.0991158        1.55147e-06         3.1053e-21        1.53304e-22        1.74164e-20        6.57808e-21         0.00119585           0.120583         3.4436e-11        2.48039e-13        3.07495e-19            0.73276
124         0.00312722        2.51182e-05        4.26965e-06             101325           0.169982        4.26965e-06            1994.01                  0           0.993452            2.81758        7.17631e+06         3.5117e-05        2.79906e-06         0.00016209           0.044625         0.00147255          0.0991399        1.52586e-06        2.81641e-21        1.38747e-22        1.59412e-20        6.01528e-21         0.00115712           0.120644        3.17234e-11        2.32699e-13        2.75462e-19            0.73276
125         0.00315234        2.51182e-05        4.26867e-06             101325           0.169943        4.26867e-06            1994.56                  0           0.993831            2.63041        6.65757e+06        3.40057e-05        2.66539e-06        0.000156905          0.0446099         0.00144988           0.099163        1.50179e-06         2.5595e-21        1.25855e-22        1.46263e-20        5.52987e-21          0.0011202           0.120702        2.92672e-11        2.18545e-13        2.47301e-19            0.73276
126         0.00317745        2.51182e-05        4.26773e-06             101325           0.169906        4.26773e-06            1995.08                  0           0.994192            2.45683        6.17756e+06        3.29499e-05        2.54057e-06        0.000151987          0.0445957         0.00142799          0.0991852        1.47919e-06        2.33083e-21        1.14421e-22        1.34517e-20         5.1072e-21         0.00108505           0.120757        2.70435e-11        2.05492e-13         2.2253e-19            0.73276
127         0.00320257        2.51182e-05        4.26683e-06             101325            0.16987        4.26683e-06            1995.57                  0           0.994536            2.29581        5.73349e+06         3.1948e-05        2.42411e-06        0.000147326          0.0445824         0.00140688          0.0992064          1.458e-06        2.12716e-21        1.04268e-22        1.24006e-20        4.73614e-21         0.00105163            0.12081        2.50305e-11        1.93461e-13        2.00729e-19            0.73276
128         0.00322769        2.51182e-05        4.26598e-06             101325           0.169836        4.26598e-06            1996.04                  0           0.994864            2.14639        5.32274e+06        3.09981e-05        2.31552e-06        0.000142914          0.0445699         0.00138656          0.0992266        1.43816e-06         1.9456e-21        9.52447e-23        1.14585e-20        4.40812e-21         0.00101988           0.120859        2.32083e-11        1.82378e-13        1.81528e-19            0.73276
129         0.00325281        2.51182e-05        4.26517e-06             101325           0.169804        4.26517e-06            1996.49                  0           0.995176            2.00769        4.94288e+06        3.00986e-05        2.21434e-06        0.000138741          0.0445581         0.00136702          0.0992459        1.41963e-06        1.78367e-21        8.72164e-23        1.06129e-20        4.11644e-21        0.000989758           0.120907        2.15589e-11        1.72172e-13        1.64606e-19            0.73276
130         0.00327793        2.51182e-05        4.26441e-06             101325           0.169774        4.26441e-06            1996.91                  0           0.995472            1.87892        4.59165e+06        2.92479e-05        2.12015e-06        0.000134801          0.0445471         0.00134827          0.0992643        1.40234e-06        1.63913e-21        8.00673e-23        9.85327e-21        3.85583e-21        0.000961211           0.120952         2.0066e-11         1.6278e-13         1.4968e-19            0.73276
131         0.00330305        2.51182e-05        4.26368e-06             101325           0.169745        4.26368e-06            1997.32                  0           0.995753            1.75932        4.26696e+06        2.84444e-05        2.03252e-06        0.000131083          0.0445368          0.0013303          0.0992817        1.38623e-06        1.51006e-21         7.3696e-23        9.17006e-21        3.62204e-21        0.000934194           0.120994        1.87147e-11         1.5414e-13        1.36505e-19            0.73276
132         0.00332816        2.51182e-05          4.263e-06             101325           0.169717          4.263e-06             1997.7                  0           0.996019            1.64825        3.96687e+06        2.76863e-05        1.95106e-06         0.00012758          0.0445272         0.00131312          0.0992983        1.37125e-06        1.39473e-21        6.80136e-23        8.55511e-21        3.41164e-21        0.000908658           0.121034        1.74917e-11        1.46197e-13        1.24866e-19            0.73276
133         0.00335328        2.51182e-05        4.26235e-06             101325           0.169691        4.26235e-06            1998.06                  0           0.996271            1.54509        3.68959e+06        2.69722e-05        1.87542e-06        0.000124284          0.0445182         0.00129671          0.0993141        1.35734e-06        1.29163e-21        6.29423e-23        8.00126e-21        3.22181e-21        0.000884558           0.121072        1.63849e-11          1.389e-13        1.14576e-19            0.73276
134          0.0033784        2.51182e-05        4.26173e-06             101325           0.169667        4.26173e-06             1998.4                  0           0.996509             1.4493        3.43351e+06        2.63004e-05        1.80525e-06        0.000121188          0.0445098         0.00128108           0.099329        1.34445e-06        1.19944e-21        5.84139e-23        7.50218e-21        3.05019e-21        0.000861848           0.121108        1.53835e-11        1.32199e-13        1.05472e-19            0.73276
135         0.00340352        2.51182e-05        4.26116e-06             101325           0.169644        4.26116e-06            1998.72                  0           0.996734            1.36039        3.19711e+06        2.56696e-05        1.74022e-06        0.000118283           0.044502         0.00126621          0.0993431        1.33252e-06        1.11697e-21        5.43685e-23        7.05233e-21        2.89482e-21        0.000840484           0.121141        1.44775e-11        1.26052e-13        9.74111e-20            0.73276
136         0.00342864        2.51182e-05        4.26062e-06             101325           0.169623        4.26062e-06            1999.02                  0           0.996945            1.27794        2.97906e+06        2.50783e-05        1.68004e-06        0.000115563          0.0444948         0.00125212          0.0993564         1.3215e-06        1.04319e-21        5.07537e-23        6.64681e-21        2.75403e-21        0.000820426           0.121173        1.36583e-11        1.20418e-13        9.02707e-20            0.73276
137         0.00345375        2.51182e-05        4.26011e-06             101325           0.169602        4.26011e-06             1999.3                  0           0.997143            1.20156        2.77813e+06        2.45252e-05        1.62444e-06        0.000113022           0.044488         0.00123878          0.0993689        1.31135e-06        9.77186e-22        4.75234e-23        6.28131e-21        2.62638e-21        0.000801632           0.121202        1.29178e-11        1.15261e-13         8.3943e-20            0.73276
138         0.00347887        2.51182e-05        4.25963e-06             101325           0.169583        4.25963e-06            1999.57                  0           0.997329            1.13091        2.59322e+06        2.40091e-05        1.57315e-06        0.000110652          0.0444818          0.0012262          0.0993806        1.30202e-06        9.18158e-22        4.46373e-23        5.95202e-21        2.51067e-21        0.000784067            0.12123        1.22492e-11        1.10546e-13        7.83345e-20            0.73276
139         0.00350399        2.51182e-05        4.25919e-06             101325           0.169566        4.25919e-06            1999.81                  0           0.997503            1.06571        2.42333e+06        2.35288e-05        1.52595e-06        0.000108449          0.0444761         0.00121437          0.0993916        1.29346e-06        8.65403e-22          4.206e-23        5.65562e-21        2.40584e-21        0.000767696           0.121256        1.16462e-11        1.06243e-13        7.33645e-20            0.73276
140         0.00352911        2.51182e-05        4.25878e-06             101325           0.169549        4.25878e-06            2000.04                  0           0.997665             1.0057         2.2676e+06        2.30832e-05        1.48262e-06        0.000106407          0.0444708         0.00120329          0.0994018        1.28563e-06        8.18305e-22        3.97609e-23        5.38916e-21        2.31098e-21        0.000752489           0.121279        1.11031e-11        1.02325e-13        6.89627e-20            0.73276
141         0.00355423        2.51182e-05         4.2584e-06             101325           0.169534         4.2584e-06            2000.25                  0           0.997816           0.950664        2.12525e+06        2.26715e-05        1.44298e-06        0.000104521          0.0444659         0.00119296          0.0994113         1.2785e-06        7.76327e-22        3.77131e-23        5.15009e-21        2.22531e-21        0.000738417           0.121302         1.0615e-11        9.87674e-14        6.50688e-20            0.73276
142         0.00357935        2.51182e-05        4.25804e-06             101325            0.16952        4.25804e-06            2000.45                  0           0.997955            0.90043         1.9956e+06        2.22929e-05        1.40686e-06        0.000102789          0.0444615         0.00118338          0.0994201        1.27203e-06        7.39003e-22        3.58935e-23        4.93617e-21        2.14816e-21        0.000725459           0.121322        1.01778e-11         9.5549e-14        6.16308e-20            0.73276
143         0.00360446        2.51182e-05        4.25772e-06             101325           0.169507        4.25772e-06            2000.63                  0           0.998083           0.854839        1.87808e+06        2.19466e-05        1.37411e-06        0.000101206          0.0444574         0.00117455          0.0994282        1.26619e-06        7.05933e-22        3.42821e-23        4.74549e-21        2.07897e-21        0.000713597           0.121341        9.78766e-12         9.2651e-14        5.86043e-20            0.73276
144         0.00362958        2.51182e-05        4.25743e-06             101325           0.169496        4.25743e-06            2000.79                  0           0.998201           0.813767        1.77219e+06        2.16324e-05        1.34463e-06        9.97698e-05          0.0444538         0.00116648          0.0994355        1.26096e-06        6.76775e-22         3.2862e-23        4.57642e-21        2.01725e-21        0.000702818           0.121358        9.44143e-12        9.00575e-14        5.59517e-20            0.73276
145          0.0036547        2.51182e-05        4.25716e-06             101325           0.169485        4.25716e-06            2000.94                  0           0.998307           0.777108        1.67752e+06        2.13498e-05        1.31831e-06        9.84794e-05          0.0444506         0.00115917          0.0994421         1.2563e-06        6.51244e-22         3.1619e-23         4.4276e-21        1.96262e-21        0.000693115           0.121373        9.13644e-12        8.77554e-14        5.36415e-20            0.73276
146         0.00367982        2.51182e-05        4.25693e-06             101325           0.169476        4.25693e-06            2001.07                  0           0.998402           0.744771        1.59374e+06        2.10987e-05        1.29508e-06        9.73338e-05          0.0444477         0.00115264           0.099448        1.25222e-06        6.29104e-22        3.05415e-23        4.29793e-21        1.91476e-21        0.000684489           0.121386        8.87055e-12        8.57344e-14         5.1648e-20            0.73276
147         0.00370494        2.51182e-05        4.25672e-06             101325           0.169468        4.25672e-06            2001.18                  0           0.998487           0.716678        1.52058e+06        2.08794e-05        1.27492e-06        9.63336e-05          0.0444452          0.0011469          0.0994532        1.24868e-06        6.10172e-22        2.96204e-23        4.18656e-21        1.87347e-21        0.000676947           0.121398        8.64209e-12        8.39871e-14        4.99505e-20            0.73276
148         0.00373006        2.51182e-05        4.25655e-06             101325           0.169461        4.25655e-06            2001.28                  0            0.99856           0.692755        1.45786e+06        2.06923e-05        1.25779e-06        9.54803e-05          0.0444431         0.00114198          0.0994576        1.24569e-06        5.94309e-22        2.88488e-23         4.0929e-21         1.8386e-21        0.000670505           0.121408        8.44989e-12        8.25091e-14        4.85336e-20            0.73276
149         0.00375517        2.51182e-05         4.2564e-06             101325           0.169455         4.2564e-06            2001.36                  0           0.998622           0.672929        1.40544e+06        2.05378e-05        1.24372e-06        9.47766e-05          0.0444413         0.00113791          0.0994613        1.24324e-06        5.81427e-22        2.82224e-23        4.01659e-21        1.81008e-21        0.000665188           0.121417        8.29326e-12        8.12993e-14        4.73865e-20            0.73276
150         0.00378029        2.51182e-05        4.25629e-06             101325            0.16945        4.25629e-06            2001.43                  0           0.998673           0.657129        1.36328e+06        2.04171e-05        1.23276e-06        9.42268e-05            0.04444         0.00113472          0.0994642        1.24134e-06        5.71485e-22        2.77389e-23        3.95753e-21        1.78795e-21         0.00066103           0.121423        8.17203e-12        8.03594e-14        4.65034e-20            0.73276
151         0.00380541        2.51182e-05        4.25621e-06             101325           0.169447        4.25621e-06            2001.47                  0           0.998712           0.645288        1.33141e+06        2.03314e-05          1.225e-06        9.38361e-05           0.044439         0.00113244          0.0994662        1.23999e-06        5.64484e-22        2.73985e-23        3.91587e-21         1.7723e-21        0.000658073           0.121428         8.0865e-12        7.96944e-14        4.58828e-20            0.73276
152         0.00383053        2.51182e-05        4.25616e-06             101325           0.169445        4.25616e-06             2001.5                  0           0.998738           0.637364        1.30993e+06        2.02818e-05        1.22052e-06        9.36106e-05          0.0444384         0.00113113          0.0994674        1.23922e-06        5.60467e-22        2.72033e-23        3.89193e-21        1.76329e-21        0.000656365            0.12143        8.03735e-12        7.93116e-14        4.55272e-20            0.73276
