# Time 0.0007
# eta = 0.002
# length = 0.000241197
#--- 	  	 LEM Line data  --- 
#(1) wafer              (2) x             (3) dx              (4) m              (5) p            (6) rho              (7) m              (8) T              (9) Z             (10) C          (11) dCdt       (12) heatRel                  (13) Y_H2                  (14) Y_H                  (15) Y_O                  (16) Y_O2                  (17) Y_OH                  (18) Y_H2O                  (19) Y_HO2                  (20) Y_CH2                  (21) Y_CH2(S)                  (22) Y_CH3                  (23) Y_CH4                  (24) Y_CO                  (25) Y_CO2                  (26) Y_HCO                  (27) Y_CH2O                  (28) Y_CH2OH                  (29) Y_N2
0        1.25591e-05        2.51183e-05        2.83456e-05             101325            1.12849        2.83456e-05            300.841                  0                  0                  0        9.23779e-12        6.10507e-08        3.18599e-17        9.86202e-13           0.222527        2.47975e-12        4.06366e-05        3.41151e-08        4.96815e-17        2.57854e-18        3.81672e-07          0.0446234        2.10534e-06        4.65597e-05        3.58709e-17        2.09729e-07        5.67144e-21            0.73276
1        3.76774e-05        2.51183e-05        2.83132e-05             101325             1.1272        2.83132e-05            301.185                  0        0.000414082          2.085e-07            8.44955        9.04094e-08        5.22156e-17        1.13582e-12           0.222498         3.5281e-12        5.73838e-05        4.76002e-08        9.66138e-17        5.02155e-18        5.41121e-07          0.0446156        3.15314e-06        6.55022e-05        7.02857e-17        3.05003e-07        1.11183e-20            0.73276
2        6.27956e-05        2.51183e-05        2.82649e-05             101325            1.12527        2.82649e-05              301.7                  0        0.000562744        2.94166e-07            15.2004        1.40163e-07        8.38061e-17        1.12624e-12           0.222454         5.1437e-12        8.25544e-05        6.71876e-08        2.04859e-16        1.06722e-17        7.83407e-07           0.044604        4.97241e-06        9.36384e-05        1.50837e-16        4.59762e-07        2.38868e-20            0.73276
3        8.79139e-05        2.51183e-05        2.81901e-05             101325             1.1223        2.81901e-05            302.499                  0        0.000808458        4.49355e-07             30.542        2.25081e-07        1.36028e-16        9.96959e-13           0.222385        7.72863e-12        0.000121806         9.7044e-08        4.57023e-16        2.38923e-17         1.1641e-06          0.0445858         8.1351e-06         0.00013707        3.41689e-16        7.15521e-07        5.43635e-20            0.73276
4        0.000113032        2.51183e-05        2.80787e-05             101325            1.11786        2.80787e-05            303.698                  0         0.00118887        7.21802e-07            64.5376         3.6485e-07        2.30304e-16        7.83558e-13           0.222282        1.17609e-11        0.000180977        1.41214e-07        1.03561e-15        5.44167e-17        1.74179e-06          0.0445583        1.34357e-05        0.000201812        7.88753e-16        1.12329e-06        1.26859e-19            0.73276
5         0.00013815        2.51183e-05        2.79175e-05             101325            1.11144        2.79175e-05             305.45                  0         0.00175844        1.20457e-06            138.623        5.89382e-07        4.22231e-16         5.4195e-13           0.222131        1.79819e-11        0.000267931        2.05142e-07        2.34068e-15        1.23889e-16        2.59578e-06          0.0445179        2.21085e-05        0.000295743        1.82327e-15         1.7574e-06        2.99098e-19            0.73276
6        0.000163269        2.51183e-05        2.76902e-05             101325            1.10239        2.76902e-05            307.954                  0         0.00258936         2.0799e-06            296.427        9.42924e-07        8.49847e-16        3.26902e-13           0.221915        2.75816e-11        0.000392976        2.96079e-07         5.2378e-15        2.80056e-16        3.83033e-06          0.0444596        3.60201e-05        0.000428847        4.19356e-15        2.72326e-06        7.10275e-19            0.73276
7        0.000188387        2.51183e-05         2.7378e-05             101325            1.08996         2.7378e-05            311.461                  0         0.00377462        3.71512e-06             623.56        1.48915e-06         1.8426e-15        1.70283e-13           0.221611        4.25457e-11        0.000569271        4.23673e-07        1.15912e-14        6.28386e-16         5.5786e-06          0.0443771        5.79168e-05        0.000613368         9.5987e-15        4.16628e-06        1.70561e-18            0.73276
8        0.000213505        2.51183e-05        2.69608e-05             101325            1.07335        2.69608e-05            316.273                  0         0.00543068        6.86981e-06            1281.97         2.3169e-06        4.18726e-15        7.62123e-14           0.221192        6.63549e-11        0.000813135         6.0082e-07        2.54413e-14        1.40475e-15        8.00524e-06          0.0442628        9.17158e-05        0.000863786        2.19588e-14        6.28102e-06        4.17694e-18            0.73276
9        0.000238623        2.51183e-05        2.64189e-05             101325            1.05178        2.64189e-05            322.749                  0         0.00769874        1.31618e-05            2567.29        3.54588e-06        9.81247e-15        2.94094e-14           0.220625        1.05337e-10         0.00114417        8.44944e-07        5.56505e-14        3.14618e-15        1.13068e-05          0.0441071        0.000142813         0.00119653        5.05214e-14        9.31888e-06        1.05412e-17            0.73276
10        0.000263742        2.51183e-05        2.57365e-05             101325            1.02461        2.57365e-05             331.29                  0          0.0107441        2.61346e-05             5001.3        5.33104e-06        2.36163e-14         1.0266e-14           0.219872        1.71331e-10         0.00158508         1.1799e-06        1.21935e-13        7.09933e-15        1.57088e-05           0.043899        0.000218349         0.00162943        1.17644e-13         1.3592e-05        2.76857e-17            0.73276
11         0.00028886        2.51183e-05        2.49047e-05             101325           0.991497        2.49047e-05            342.329                  0          0.0147527        5.37643e-05            9477.14         7.8641e-06        5.84118e-14        4.55814e-15           0.218894        2.86793e-10         0.00216119        1.63873e-06        2.68547e-13        1.61977e-14        2.14595e-05          0.0436263        0.000327361         0.00218083        2.78482e-13        1.94711e-05        7.61581e-17            0.73276
12        0.000313978        2.51183e-05         2.3925e-05             101325           0.952494         2.3925e-05             356.31                  0          0.0199253        0.000114374            17484.6        1.13706e-05        1.48358e-13        6.31235e-15           0.217646        4.94465e-10          0.0028995        2.26743e-06        5.94819e-13         3.7369e-14        2.88198e-05          0.0432757         0.00048072         0.00286859        6.70758e-13        2.73748e-05        2.19527e-16            0.73276
13        0.000339096        2.51183e-05        2.28109e-05             101325           0.908142        2.28109e-05            373.658                  0          0.0264682        0.000250539            31459.1        1.61013e-05        3.85147e-13        1.98123e-14           0.216084        8.74918e-10          0.0038275        3.12977e-06        1.32112e-12        8.68162e-14        3.80524e-05          0.0428336        0.000690806         0.00370908        1.63882e-12        3.77502e-05        6.58896e-16            0.73276
14        0.000364215        2.51183e-05        2.15877e-05             101325           0.859443        2.15877e-05            394.757                  0          0.0345837        0.000561111            55328.3        2.23194e-05        1.01394e-12        7.54877e-14           0.214167        1.57639e-09         0.00497182        4.31298e-06        2.92439e-12        2.01508e-13        4.94105e-05          0.0422868        0.000970917         0.00471632        4.03446e-12        5.10471e-05        2.03419e-15            0.73276
15        0.000389333        2.51183e-05        2.02891e-05             101325           0.807743        2.02891e-05            419.922                  0          0.0444597         0.00127217            95381.1        3.02838e-05        2.68535e-12        3.10022e-13           0.211857        2.86182e-09         0.00635702        5.93405e-06        6.40141e-12        4.62633e-13        6.31309e-05           0.041623          0.0013345         0.00590156        9.92225e-12        6.76905e-05        6.36492e-15            0.73276
16        0.000414451        2.51183e-05         1.8953e-05             101325           0.754549         1.8953e-05            449.388                  0          0.0562624         0.00288626             161674        4.02346e-05        7.12504e-12        1.32771e-12            0.20912        5.17529e-09         0.00800469        8.14603e-06         1.3749e-11        1.03998e-12        7.94322e-05          0.0408314         0.00179435          0.0072733         2.4175e-11         8.8056e-05        1.99281e-14            0.73276
17        0.000439569        2.51183e-05        1.76163e-05             101325           0.701335        1.76163e-05            483.304                  0          0.0701321         0.00647503             270340        5.23813e-05        1.89829e-11        5.79201e-12            0.20593        9.22837e-09         0.00993307         1.1144e-05        2.88125e-11        2.27105e-12        9.85205e-05          0.0399026           0.002362         0.00883773        5.80123e-11        0.000112454        6.20747e-14            0.73276
18        0.000464688        2.51183e-05        1.63112e-05             101325           0.649375        1.63112e-05            521.741                  0           0.086184          0.0142125             447443        6.68972e-05        5.12896e-11        2.52932e-11           0.202263        1.61175e-08          0.0121572        1.51701e-05        5.88653e-11        4.80315e-12        0.000120599           0.038829         0.00304732          0.0105994        1.36967e-10        0.000141124        1.93383e-13            0.73276
19        0.000489806        2.51183e-05        1.50622e-05             101325           0.599652        1.50622e-05            564.703                  0           0.104512          0.0302989             735792          8.392e-05        1.42266e-10        1.09156e-10           0.198101        2.75501e-08          0.0146895        2.05173e-05        1.18162e-10        9.88969e-12        0.000145885          0.0376043         0.00385844          0.0125621        3.19963e-10        0.000174231        6.12062e-13            0.73276
20        0.000514924        2.51183e-05        1.38863e-05             101325           0.552837        1.38863e-05            612.146                  0           0.125193          0.0626334        1.20846e+06        0.000103556        4.07922e-10        4.60782e-10           0.193427        4.65013e-08          0.0175404        2.75304e-05        2.38086e-10         2.0183e-11        0.000174624          0.0362231         0.00480187          0.0147294        7.49367e-10        0.000211874         2.0029e-12            0.73276
21        0.000540042        2.51183e-05         1.2793e-05             101325           0.509311         1.2793e-05            663.993                  0           0.148298           0.126553        2.00068e+06        0.000125888         1.2033e-09        1.88382e-09           0.188228        7.93902e-08           0.020719        3.66018e-05        5.00304e-10        4.22474e-11        0.000207112          0.0346808         0.00588277           0.017105        1.79292e-09        0.000254087        6.81058e-12            0.73276
22        0.000565161        2.51183e-05        1.17861e-05             101325           0.469223        1.17861e-05            720.149                  0            0.17389           0.255882        3.39589e+06        0.000150979        3.59444e-09        7.38191e-09           0.182491         1.4311e-07          0.0242333        4.81545e-05        1.14686e-09        9.47971e-11        0.000243717           0.032973         0.00710519          0.0196933        4.45911e-09        0.000300839        2.37176e-11            0.73276
23        0.000590279        2.51183e-05         1.0865e-05             101325           0.432553         1.0865e-05            780.508                  0           0.202033           0.540536        6.06816e+06        0.000178879        1.06559e-08        2.74436e-08           0.176203        2.86262e-07          0.0280907        6.26018e-05        2.92899e-09        2.34561e-10         0.00028492          0.0310959         0.00847223          0.0224988        1.15917e-08        0.000352031          8.241e-11            0.73276
24        0.000615397        2.51183e-05        1.00264e-05             101325           0.399168        1.00264e-05             844.96                  0           0.232786            1.25388        1.17498e+07        0.000209631        3.08043e-08        9.59772e-08           0.169355        6.48537e-07          0.0322972         8.0259e-05        8.13463e-09        6.31752e-10        0.000331367          0.0290459         0.00998602          0.0255261        3.11214e-08        0.000407486        2.78633e-10            0.73276
25        0.000640515        2.51183e-05        9.26536e-06             101325           0.368869        9.26536e-06            913.383                  0           0.266203             3.2541        2.49681e+07        0.000243262        8.58542e-08        3.14074e-07           0.161939        1.61416e-06          0.0368566        0.000101175        2.33701e-08        1.77231e-09        0.000383943          0.0268204          0.0116474          0.0287788        8.42296e-08        0.000466929        9.00641e-10            0.73276
26        0.000665634        2.51183e-05        8.57613e-06             101325            0.34143        8.57613e-06            985.635                  0           0.302323            9.13279        5.72656e+07         0.00027978        2.29521e-07         9.6015e-07           0.153956        4.17817e-06          0.0417677        0.000124838        6.64263e-08        4.95206e-09        0.000443748          0.0244188          0.0134549          0.0322583        2.23873e-07        0.000529923        2.75388e-09            0.73276
27        0.000690752        2.51183e-05        7.95295e-06             101325           0.316621        7.95295e-06            1061.52                  0           0.341147            26.1645        1.36709e+08        0.000319142        5.87698e-07        2.74601e-06           0.145419        1.07514e-05          0.0470204        0.000149727        1.81542e-07        1.33649e-08        0.000511705          0.0218441          0.0154036          0.0359619        5.71954e-07        0.000595714         7.9155e-09            0.73276
28         0.00071587        2.51183e-05        7.39057e-06             101325           0.294231        7.39057e-06            1140.73                  0           0.382608            72.9939         3.2734e+08        0.000361216        1.44015e-06        7.37193e-06           0.136351        2.67822e-05          0.0525944         0.00017278        4.69348e-07         3.4221e-08        0.000587235          0.0191047          0.0174839          0.0398846         1.3833e-06        0.000662923        2.12957e-08           0.732759
29        0.000740988        2.51183e-05         6.8846e-06             101325           0.274088         6.8846e-06            1222.76                  0           0.426583            192.575         7.6367e+08        0.000405648        3.36683e-06        1.86369e-05           0.126791        6.36561e-05          0.0584529        0.000189176        1.13466e-06        8.21035e-08        0.000665165          0.0162188          0.0196788          0.0440213        3.12886e-06        0.000728728        5.33414e-08           0.732758
30        0.000766107        2.51183e-05        6.43232e-06             101325           0.256081        6.43232e-06            1306.65                  0            0.47286            471.077        1.69546e+09        0.000451418        7.45138e-06        4.44011e-05           0.116813         0.00014286          0.0645191        0.000193373        2.52691e-06        1.81793e-07        0.000730653          0.0132294           0.021951           0.048363         6.5214e-06        0.000786935        1.22986e-07           0.732758
31        0.000791225        2.51183e-05         6.0336e-06             101325           0.240208         6.0336e-06            1390.63                  0           0.520986            1047.55        3.49358e+09        0.000495928        1.54029e-05         9.9391e-05           0.106579        0.000299304          0.0706386        0.000181935        5.04629e-06        3.61773e-07        0.000755481          0.0102273          0.0242166          0.0528927        1.22319e-05        0.000824386        2.54643e-07           0.732757
32        0.000816343        2.51183e-05        5.69197e-06             101325           0.226607        5.69197e-06            1471.52                  0           0.570043            2063.53        6.46755e+09         0.00053353        2.91515e-05        0.000207427          0.0964066         0.00057676          0.0765319        0.000156025        8.60801e-06        6.17307e-07        0.000706175         0.00737512          0.0262983          0.0575771        1.98721e-05        0.000817299        4.51332e-07           0.732756
33        0.000841461        2.51183e-05        5.41397e-06             101325           0.215539        5.41397e-06            1544.59                  0           0.618368            3482.16        1.02917e+10        0.000554972        4.93198e-05        0.000397892          0.0868337         0.00100434           0.081789        0.000121452        1.17024e-05        8.44934e-07        0.000574047         0.00489767          0.0278908          0.0623547         2.6582e-05        0.000738153        6.38496e-07           0.732756
34         0.00086658        2.51183e-05        5.20399e-06             101325            0.20718        5.20399e-06            1604.93                  0           0.663516            4872.52        1.33829e+10        0.000552095        7.33574e-05        0.000686367          0.0785021         0.00155769          0.0859976        8.66172e-05        1.20889e-05        8.85627e-07        0.000401091         0.00299315           0.028644          0.0671233        2.81717e-05        0.000586245        6.86881e-07           0.732756
35        0.000891698        2.51183e-05        5.05682e-06             101325           0.201321        5.05682e-06            1650.56                  0           0.703048            5597.07        1.38493e+10        0.000527451        9.65251e-05         0.00104331          0.0718435          0.0021486          0.0889763        5.83697e-05        9.77269e-06        7.29768e-07        0.000247712         0.00170952          0.0284083          0.0717417         2.3915e-05        0.000407966        5.77361e-07           0.732756
36        0.000916816        2.51183e-05        4.95758e-06             101325           0.197369        4.95758e-06            1683.41                  0           0.735813            5427.31        1.17544e+10        0.000493906         0.00011538         0.00140007          0.0668673         0.00267969          0.0908608        3.89649e-05        6.67674e-06        5.08359e-07        0.000141602        0.000933937          0.0273622          0.0760677        1.71789e-05        0.000256336        4.08222e-07           0.732757
37        0.000941934        2.51183e-05        4.88965e-06             101325           0.194665        4.88965e-06            1707.27                  0           0.762277            4696.42        8.74549e+09        0.000463173        0.000129013         0.00169858          0.0632716         0.00310188          0.0919553        2.69906e-05        4.14647e-06        3.21124e-07         7.7774e-05        0.000497789          0.0258452          0.0800073        1.11098e-05        0.000151134        2.60701e-07           0.732758
38        0.000967053        2.51183e-05        4.84054e-06             101325            0.19271        4.84054e-06            1725.47                  0           0.783678            3835.35        6.10528e+09        0.000439949        0.000137974         0.00191758          0.0606771         0.00341462          0.0925552        1.99927e-05        2.45073e-06        1.92492e-07        4.19249e-05        0.000262107          0.0241526          0.0835264         6.7681e-06        8.60159e-05        1.57544e-07           0.732758
39        0.000992171        2.51183e-05        4.80251e-06             101325           0.191196        4.80251e-06            1740.21                  0           0.801244            3074.55        4.22923e+09        0.000423957        0.000143194         0.00206243          0.0587653          0.0036385          0.0928743        1.59679e-05        1.41227e-06        1.12219e-07        2.24237e-05        0.000137306           0.022469          0.0866346        3.98976e-06        4.80471e-05        9.24185e-08           0.732759
40         0.00101729        2.51183e-05        4.77119e-06             101325           0.189949        4.77119e-06             1752.8                  0           0.815933            2473.12        3.02707e+09        0.000413172        0.000145554         0.00214828          0.0573107         0.00379636          0.0930467        1.36252e-05        8.03519e-07        6.44607e-08        1.19682e-05        7.18465e-05          0.0208889          0.0893637        2.31133e-06        2.65857e-05        5.33495e-08           0.732759
41         0.00104241        2.51183e-05        4.74418e-06             101325           0.188874        4.74418e-06            1763.96                  0            0.82843            2015.54        2.28975e+09        0.000405535        0.000145775         0.00219067          0.0561648         0.00390672          0.0931497        1.22121e-05        4.54437e-07        3.67451e-08         6.3948e-06        3.76396e-05          0.0194506           0.091754        1.32856e-06        1.46492e-05        3.05339e-08           0.732759
42         0.00106753        2.51183e-05        4.72017e-06             101325           0.187918        4.72017e-06             1774.1                  0           0.839214             1668.3         1.8387e+09        0.000399499        0.000144417         0.00220223          0.0552329         0.00398294          0.0932255          1.131e-05        2.56456e-07        2.08713e-08        3.42704e-06        1.97711e-05          0.0181624           0.093847        7.63022e-07        8.06339e-06        1.74014e-08           0.732759
43         0.00109264        2.51183e-05         4.6984e-06             101325           0.187051         4.6984e-06            1783.45                  0           0.848625            1400.99        1.55419e+09         0.00039406        0.000141909         0.00219239          0.0544543         0.00403434          0.0932958        1.06906e-05        1.44737e-07         1.1841e-08        1.84419e-06        1.04222e-05          0.0170178          0.0956819        4.40587e-07        4.44207e-06        9.90015e-09            0.73276
44         0.00111776        2.51183e-05        4.67843e-06             101325           0.186256        4.67843e-06            1792.15                  0           0.856915            1190.95        1.36421e+09        0.000388635         0.00013858         0.00216782          0.0537897          0.0040673          0.0933706        1.02307e-05        8.17972e-08        6.71959e-09        9.97221e-07        5.51691e-06          0.0160038          0.0972944        2.57508e-07        2.45203e-06         5.6315e-09            0.73276
45         0.00114288        2.51183e-05        4.65998e-06             101325           0.185522        4.65998e-06            1800.29                  0           0.864273            1022.51        1.22786e+09        0.000382929        0.000134679         0.00213322          0.0532129         0.00408627          0.0934539        9.86338e-06        4.63249e-08        3.81752e-09        5.42076e-07        2.93372e-06          0.0151056           0.098716        1.53577e-07        1.35724e-06        3.20577e-09            0.73276
46           0.001168        2.51183e-05        4.64284e-06             101325           0.184839        4.64284e-06            1807.93                  0           0.870849            885.003        1.12262e+09        0.000376825        0.000130399         0.00209187          0.0527055         0.00409438          0.0935465        9.55233e-06        2.63017e-08        2.17232e-09        2.96286e-07        1.56764e-06          0.0143082          0.0999743        9.43825e-08         7.5365e-07        1.82729e-09            0.73276
47         0.00119312        2.51183e-05        4.62686e-06             101325           0.184203        4.62686e-06            1815.13                  0           0.876762            771.163        1.03626e+09        0.000370308        0.000125884         0.00204607          0.0522547         0.00409392          0.0936475        9.27737e-06        1.49738e-08        1.23848e-09        1.62847e-07        8.41892e-07          0.0135982           0.101093        6.04269e-08        4.19922e-07        1.04324e-09            0.73276
48         0.00121824        2.51183e-05        4.61192e-06             101325           0.183608        4.61192e-06            1821.91                  0           0.882111            675.902        9.62134e+08         0.00036342        0.000121246         0.00199746          0.0518506          0.0040866          0.0937557        9.02708e-06        8.54824e-09        7.07524e-10        9.00047e-08         4.5446e-07          0.0129632           0.102092        4.07162e-08        2.34805e-07        5.96668e-10            0.73276
49         0.00124335        2.51183e-05        4.59791e-06             101325           0.183051        4.59791e-06            1828.33                  0           0.886975            595.546        8.96604e+08        0.000356227        0.000116569         0.00194721          0.0514859          0.0040737          0.0938693         8.7948e-06        4.89337e-09        4.05038e-10        5.00178e-08        2.46595e-07          0.0123927           0.102989        2.90657e-08        1.31765e-07        3.41888e-10            0.73276
50         0.00126847        2.51183e-05        4.58475e-06             101325           0.182527        4.58475e-06             1834.4                  0           0.891421            527.347        8.37596e+08        0.000348801        0.000111914         0.00189616          0.0511545         0.00405625           0.093987        8.57649e-06        2.80859e-09        2.32354e-10        2.79444e-08          1.345e-07          0.0118776           0.103799        2.19982e-08        7.42053e-08        1.96265e-10            0.73276
51         0.00129359        2.51183e-05        4.57236e-06             101325           0.182034        4.57236e-06            1840.16                  0           0.895508            469.186         7.8387e+08        0.000341215         0.00010733         0.00184493          0.0508517         0.00403506          0.0941073        8.36956e-06         1.6161e-09        1.33564e-10        1.56926e-08        7.37381e-08          0.0114101           0.104534        1.75564e-08        4.19366e-08        1.12875e-10            0.73276
52         0.00131871        2.51183e-05        4.56068e-06             101325           0.181568        4.56068e-06            1845.62                  0           0.899281            419.382        7.34626e+08        0.000333534        0.000102848         0.00179398          0.0505737         0.00401079           0.094229        8.17226e-06        9.32171e-10        7.69282e-11        8.85586e-09        4.06316e-08          0.0109834           0.105205        1.46366e-08        2.37823e-08        6.50325e-11            0.73276
53         0.00134383        2.51183e-05        4.54964e-06             101325           0.181129        4.54964e-06            1850.82                  0           0.902782            376.576        6.89303e+08        0.000325813        9.84933e-05         0.00174364          0.0503171         0.00398399          0.0943513        7.98335e-06        5.38912e-10        4.43931e-11        5.02117e-09        2.25006e-08           0.010592            0.10582        1.26135e-08        1.35332e-08        3.75339e-11            0.73276
54         0.00136894        2.51183e-05        4.53919e-06             101325           0.180713        4.53919e-06            1855.77                  0           0.906045            339.654        6.47474e+08          0.0003181        9.42811e-05         0.00169414          0.0500793          0.0039551          0.0944733         7.8019e-06        3.12239e-10        2.56658e-11        2.85967e-09        1.25209e-08           0.010231           0.106387        1.11313e-08        7.72757e-09        2.16999e-11            0.73276
55         0.00139406        2.51183e-05        4.52928e-06             101325           0.180318        4.52928e-06            1860.48                  0           0.909098            307.691        6.08788e+08        0.000310434        9.02214e-05         0.00164565           0.049858         0.00392449          0.0945945        7.62717e-06        1.81283e-10        1.48657e-11        1.63555e-09        7.00051e-09         0.00989645           0.106913         9.9856e-09        4.42823e-09        1.25666e-11            0.73276
56         0.00141918        2.51183e-05        4.51986e-06             101325           0.179943        4.51986e-06            1864.99                  0           0.911968             279.92        5.72948e+08        0.000302846        8.63195e-05         0.00159829          0.0496513         0.00389248          0.0947143        7.45856e-06        1.05462e-10        8.62553e-12        9.39195e-10        3.93204e-09         0.00958484           0.107402        9.05789e-09        2.54728e-09        7.28946e-12            0.73276
57          0.0014443        2.51183e-05        4.51091e-06             101325           0.179587        4.51091e-06             1869.3                  0           0.914674            255.694        5.39694e+08        0.000295359         8.2577e-05         0.00155213          0.0494573         0.00385932          0.0948323        7.29555e-06        6.14718e-11        5.01361e-12         5.4138e-10         2.2184e-09         0.00929326           0.107861        8.27814e-09        1.47163e-09        4.23533e-12            0.73276
58         0.00146942        2.51183e-05        4.50237e-06             101325           0.179247        4.50237e-06            1873.43                  0           0.917236            234.476        5.08793e+08        0.000287992        7.89934e-05         0.00150722          0.0492748         0.00382523          0.0949484        7.13771e-06        3.58982e-11        2.91926e-12        3.13201e-10          1.257e-09         0.00901921           0.108291        7.60414e-09        8.54622e-10        2.46488e-12            0.73276
59         0.00149454        2.51183e-05        4.49422e-06             101325           0.178923        4.49422e-06            1877.38                  0           0.919668             215.81        4.80035e+08        0.000280759        7.55657e-05         0.00146359          0.0491025          0.0037904          0.0950622        6.98466e-06        2.10028e-11        1.70277e-12        1.81823e-10         7.1523e-10         0.00876057           0.108698         7.0097e-09         4.9961e-10        1.43693e-12            0.73276
60         0.00151965        2.51183e-05        4.48644e-06             101325           0.178613        4.48644e-06            1881.18                  0           0.921986            199.317        4.53233e+08        0.000273669          7.229e-05         0.00142122          0.0489392         0.00375498          0.0951738        6.83606e-06        1.23107e-11        9.94955e-13        1.05905e-10        4.08618e-10         0.00851553           0.109083        6.47794e-09        2.94693e-10        8.39116e-13            0.73276
61         0.00154477        2.51183e-05        4.47898e-06             101325           0.178316        4.47898e-06            1884.83                  0           0.924199            184.675        4.28218e+08        0.000266727        6.91611e-05         0.00138011          0.0487842         0.00371909          0.0952829        6.69161e-06        7.22922e-12        5.82411e-13        6.18833e-11        2.34368e-10         0.00828254           0.109449        5.99752e-09        1.76005e-10        4.90893e-13            0.73276
62         0.00156989        2.51183e-05        4.47184e-06             101325           0.178031        4.47184e-06            1888.35                  0            0.92632            171.615        4.04835e+08        0.000259938        6.61735e-05         0.00134024          0.0486365         0.00368283          0.0953896        6.55102e-06        4.25314e-12        3.41545e-13        3.62726e-11        1.34941e-10         0.00806026           0.109798        5.56043e-09        1.06993e-10        2.87721e-13            0.73276
63         0.00159501        2.51183e-05        4.46498e-06             101325           0.177759        4.46498e-06            1891.73                  0           0.928356            159.911        3.82947e+08        0.000253303         6.3321e-05         0.00130158          0.0484955         0.00364629          0.0954939        6.41405e-06        2.50697e-12        2.00669e-13        2.13254e-11        7.79854e-11         0.00784754           0.110132        5.16076e-09        6.66779e-11        1.68979e-13            0.73276
64         0.00162013        2.51183e-05        4.45839e-06             101325           0.177496        4.45839e-06               1895                  0           0.930315             149.37        3.62429e+08        0.000246822        6.05975e-05          0.0012641          0.0483606         0.00360955          0.0955957        6.28048e-06        1.48056e-12        1.18126e-13        1.25749e-11        4.52345e-11         0.00764339           0.110453        4.79393e-09        4.29877e-11        9.94593e-14            0.73276
65         0.00164525        2.51183e-05        4.45205e-06             101325           0.177244        4.45205e-06            1898.15                  0           0.932205            139.833        3.43168e+08        0.000240493        5.79967e-05         0.00122775          0.0482312         0.00357265          0.0956952        6.15009e-06        8.76121e-13        6.96747e-14        7.43666e-12         2.6332e-11         0.00744696           0.110762        4.45626e-09        2.89566e-11        5.86838e-14            0.73276
66         0.00167036        2.51183e-05        4.44594e-06             101325           0.177001        4.44594e-06             1901.2                  0           0.934031            131.164        3.25064e+08        0.000234313        5.55124e-05         0.00119249          0.0481068         0.00353565          0.0957923        6.02269e-06        5.19496e-13        4.11805e-14        4.41071e-12        1.53826e-11         0.00725751           0.111059        4.14472e-09        2.05554e-11        3.47214e-14            0.73276
67         0.00169548        2.51183e-05        4.44005e-06             101325           0.176766        4.44005e-06            1904.15                  0           0.935798            123.247        3.08024e+08         0.00022828        5.31386e-05         0.00115829          0.0479871         0.00349858          0.0958872        5.89812e-06        3.08679e-13        2.43908e-14        2.62355e-12        9.01753e-12         0.00707439           0.111347        3.85673e-09        1.54476e-11        2.06105e-14            0.73276
68          0.0017206        2.51183e-05        4.43436e-06             101325            0.17654        4.43436e-06            1907.01                  0           0.937512            115.986        2.91965e+08        0.000222389        5.08695e-05          0.0011251          0.0478716         0.00346148          0.0959799         5.7762e-06        1.83809e-13         1.4478e-14        1.56502e-12        5.30445e-12         0.00689702           0.111626        3.59007e-09        1.22745e-11        1.22825e-14            0.73276
69         0.00174572        2.51183e-05        4.42886e-06             101325           0.176321        4.42886e-06            1909.78                  0           0.939176            109.298        2.76814e+08        0.000216637        4.86995e-05         0.00109287          0.0477601         0.00342435          0.0960705        5.65679e-06        1.09696e-13        8.61335e-15        9.36267e-13        3.13096e-12         0.00672494           0.111896        3.34282e-09        1.02439e-11        7.35553e-15            0.73276
70         0.00177084        2.51183e-05        4.42354e-06             101325           0.176109        4.42354e-06            1912.47                  0           0.940794            103.114        2.62502e+08        0.000211019        4.66233e-05         0.00106158          0.0476522         0.00338722          0.0961591        5.53976e-06        6.56157e-14        5.13625e-15        5.61744e-13        1.85434e-12         0.00655769           0.112159        3.11328e-09        8.89273e-12        4.43262e-15            0.73276
71         0.00179595        2.51183e-05        4.41839e-06             101325           0.175904        4.41839e-06            1915.09                  0           0.942369            97.3755        2.48969e+08         0.00020553        4.46359e-05         0.00103117          0.0475478          0.0033501          0.0962457        5.42496e-06        3.93412e-14        3.07018e-15        3.38022e-13        1.10197e-12          0.0063949           0.112415        2.89994e-09        7.94933e-12        2.69318e-15            0.73276
72         0.00182107        2.51183e-05         4.4134e-06             101325           0.175705         4.4134e-06            1917.63                  0           0.943905            92.0311        2.36158e+08        0.000200167        4.27327e-05         0.00100162          0.0474464         0.00331301          0.0963304         5.3123e-06        2.36452e-14        1.83974e-15        2.04001e-13        6.57086e-13         0.00623624           0.112664        2.70145e-09        7.25382e-12        1.65418e-15            0.73276
73         0.00184619        2.51183e-05        4.40855e-06             101325           0.175512        4.40855e-06             1920.1                  0           0.945404            87.0384        2.24021e+08        0.000194925         4.0909e-05        0.000972873          0.0473481         0.00327594          0.0964133        5.20167e-06         1.4247e-14        1.10524e-15        1.23485e-13        3.93136e-13         0.00608142           0.112907        2.51662e-09        6.71171e-12        1.03076e-15            0.73276
74         0.00187131        2.51183e-05        4.40384e-06             101325           0.175324        4.40384e-06            1922.51                  0           0.946868            82.3605        2.12511e+08        0.000189799        3.91609e-05        0.000944908          0.0472525          0.0032389          0.0964944        5.09296e-06        8.60642e-15        6.65731e-16        7.49731e-14        2.36013e-13         0.00593018           0.113145        2.34438e-09        6.26688e-12        6.54571e-16            0.73276
75         0.00189643        2.51183e-05        4.39927e-06             101325           0.175142        4.39927e-06            1924.85                  0           0.948299            77.9661        2.01587e+08        0.000184786        3.74845e-05        0.000917688          0.0471595         0.00320189          0.0965739        4.98609e-06        5.21278e-15        4.02079e-16        4.56591e-14         1.4217e-13         0.00578229           0.113377        2.18375e-09        5.88576e-12        4.25914e-16            0.73276
76         0.00192155        2.51183e-05        4.39482e-06             101325           0.174965        4.39482e-06            1927.14                  0             0.9497            73.8282        1.91212e+08        0.000179882         3.5876e-05        0.000891183           0.047069         0.00316491          0.0966518        4.88098e-06         3.1659e-15        2.43516e-16        2.78932e-14        8.59337e-14         0.00563756           0.113605        2.03386e-09        5.54813e-12        2.85603e-16            0.73276
77         0.00194666        2.51183e-05        4.39049e-06             101325           0.174793        4.39049e-06            1929.37                  0           0.951071            69.9235        1.81351e+08        0.000175082        3.43322e-05        0.000865364          0.0469809         0.00312797          0.0967282        4.77756e-06        1.92814e-15        1.47903e-16        1.70939e-14         5.2121e-14          0.0054958           0.113827        1.89393e-09        5.24167e-12        1.98415e-16            0.73276
78         0.00197178        2.51183e-05        4.38628e-06             101325           0.174625        4.38628e-06            1931.55                  0           0.952415            66.2321        1.71974e+08        0.000170384        3.28499e-05        0.000840203           0.046895         0.00309106          0.0968031        4.67576e-06        1.17768e-15        9.00945e-17        1.05093e-14        3.17224e-14         0.00535686           0.114046        1.76322e-09        4.95876e-12        1.43336e-16            0.73276
79          0.0019969        2.51183e-05        4.38217e-06             101325           0.174462        4.38217e-06            1933.68                  0           0.953733            62.7366        1.63052e+08        0.000165784        3.14262e-05        0.000815676          0.0468112         0.00305418          0.0968766        4.57553e-06        7.21434e-16        5.50454e-17        6.48224e-15        1.93747e-14         0.00522061            0.11426         1.6411e-09        4.69457e-12        1.07787e-16            0.73276
80         0.00202202        2.51183e-05        4.37817e-06             101325           0.174302        4.37817e-06            1935.76                  0           0.955025            59.4219         1.5456e+08         0.00016128        3.00585e-05        0.000791759          0.0467294         0.00301732          0.0969487        4.47682e-06        4.43289e-16        3.37352e-17        4.01161e-15        1.18749e-14         0.00508694            0.11447        1.52696e-09        4.44601e-12        8.42147e-17            0.73276
81         0.00204714        2.51183e-05        4.37427e-06             101325           0.174147        4.37427e-06            1937.79                  0           0.956293            56.2749        1.46472e+08        0.000156868        2.87441e-05         0.00076843          0.0466497          0.0029805          0.0970195        4.37959e-06        2.73238e-16        2.07407e-17        2.49106e-15         7.3041e-15         0.00495573           0.114676        1.42027e-09        4.21097e-12        6.80671e-17            0.73276
82         0.00207226        2.51183e-05        4.37046e-06             101325           0.173995        4.37046e-06            1939.78                  0           0.957538            53.2841        1.38768e+08        0.000152545        2.74809e-05         0.00074567          0.0465718          0.0029437           0.097089        4.28379e-06        1.68969e-16        1.27935e-17        1.55222e-15        4.50877e-15         0.00482689           0.114879        1.32052e-09        3.98802e-12        5.65869e-17            0.73276
83         0.00209737        2.51183e-05        4.36674e-06             101325           0.173847        4.36674e-06            1941.72                  0            0.95876            50.4394        1.31428e+08         0.00014831        2.62666e-05         0.00072346          0.0464958         0.00290693          0.0971572         4.1894e-06        1.04844e-16        7.91823e-18        9.70652e-16        2.79331e-15         0.00470036           0.115077        1.22727e-09        3.77609e-12        4.80952e-17            0.73276
84         0.00212249        2.51183e-05        4.36311e-06             101325           0.173703        4.36311e-06            1943.62                  0           0.959961            47.7319        1.24432e+08        0.000144161        2.50993e-05        0.000701784          0.0464216         0.00287019          0.0972243         4.0964e-06        6.52859e-17        4.91818e-18        6.09196e-16        1.73687e-15         0.00457607           0.115273        1.14009e-09        3.57438e-12        4.15623e-17            0.73276
85         0.00214761        2.51183e-05        4.35957e-06             101325           0.173562        4.35957e-06            1945.48                  0           0.961141            45.1539        1.17765e+08        0.000140095         2.3977e-05        0.000680626          0.0463491         0.00283348          0.0972902        4.00476e-06        4.08063e-17        3.06616e-18        3.83784e-16        1.08398e-15         0.00445395           0.115464         1.0586e-09        3.38225e-12         3.6351e-17            0.73276
86         0.00217273        2.51183e-05        4.35611e-06             101325           0.173424        4.35611e-06            1947.31                  0             0.9623            42.6981         1.1141e+08        0.000136111         2.2898e-05        0.000659973          0.0462782          0.0027968          0.0973549        3.91448e-06        2.56082e-17        1.91909e-18        2.42725e-16        6.79041e-16         0.00433398           0.115653        9.82428e-10        3.19917e-12        3.20626e-17            0.73276
87         0.00219785        2.51183e-05        4.35272e-06             101325           0.173289        4.35272e-06            1949.09                  0           0.963438            40.3584        1.05354e+08        0.000132208        2.18608e-05        0.000639812          0.0462091         0.00276016          0.0974186        3.82553e-06        1.61409e-17        1.20623e-18        1.54142e-16        4.26988e-16         0.00421609           0.115838        9.11258e-10        3.02468e-12        2.84434e-17            0.73276
88         0.00222297        2.51183e-05        4.34942e-06             101325           0.173158        4.34942e-06            1950.84                  0           0.964557            38.1292        9.95811e+07        0.000128383        2.08638e-05        0.000620131          0.0461416         0.00272357          0.0974811        3.73793e-06        1.02228e-17        7.61659e-19        9.83118e-17        2.69527e-16         0.00410028            0.11602        8.44777e-10        2.85838e-12        2.53291e-17            0.73276
89         0.00224808        2.51183e-05        4.34619e-06             101325           0.173029        4.34619e-06            1952.55                  0           0.965657            36.0052        9.40804e+07        0.000124636        1.99055e-05         0.00060092          0.0460757         0.00268701          0.0975426        3.65167e-06        6.50969e-18        4.83385e-19        6.29938e-17        1.70797e-16         0.00398651           0.116199        7.82699e-10        2.69991e-12        2.26105e-17            0.73276
90          0.0022732        2.51183e-05        4.34304e-06             101325           0.172904        4.34304e-06            1954.22                  0           0.966737            33.9819        8.88398e+07        0.000120967        1.89848e-05        0.000582169          0.0460113         0.00265052          0.0976031        3.56676e-06        4.17106e-18        3.08532e-19        4.05661e-17        1.08662e-16         0.00387476           0.116374        7.24756e-10        2.54894e-12         2.0213e-17            0.73276
91         0.00229832        2.51183e-05        4.33995e-06             101325           0.172781        4.33995e-06            1955.86                  0           0.967798            32.0549        8.38481e+07        0.000117373        1.81002e-05        0.000563871          0.0459486         0.00261408          0.0976624         3.4832e-06        2.69198e-18        1.98215e-19        2.62674e-17        6.94121e-17         0.00376503           0.116547          6.707e-10        2.40516e-12        1.80835e-17            0.73276
92         0.00232344        2.51183e-05        4.33694e-06             101325           0.172661        4.33694e-06            1957.46                  0            0.96884            30.2203         7.9095e+07        0.000113855        1.72506e-05        0.000546016          0.0458874         0.00257771          0.0977208          3.401e-06        1.75229e-18        1.28308e-19        1.71133e-17        4.45233e-17          0.0036573           0.116716        6.20296e-10        2.26828e-12         1.6183e-17            0.73276
93         0.00234856        2.51183e-05          4.334e-06             101325           0.172544          4.334e-06            1959.03                  0           0.969863            28.4744        7.45707e+07        0.000110412         1.6435e-05        0.000528599          0.0458277         0.00254142          0.0977781        3.32019e-06        1.15231e-18        8.37956e-20        1.12269e-17        2.86806e-17         0.00355156           0.116882        5.73325e-10        2.13804e-12        1.44816e-17            0.73276
94         0.00237367        2.51183e-05        4.33112e-06             101325           0.172429        4.33112e-06            1960.57                  0           0.970867            26.8137         7.0266e+07        0.000107042        1.56521e-05        0.000511612          0.0457695         0.00250523          0.0978345        3.24078e-06        7.67083e-19         5.5303e-20        7.42414e-18        1.85566e-17         0.00344783           0.117045         5.2958e-10        2.01418e-12        1.29555e-17            0.73276
95         0.00239879        2.51183e-05        4.32832e-06             101325           0.172318        4.32832e-06            1962.07                  0           0.971853            25.2349        6.61721e+07        0.000103747        1.49011e-05        0.000495051          0.0457128         0.00246913          0.0978898        3.16278e-06        5.18148e-19        3.69557e-20         4.9549e-18        1.20614e-17          0.0033461           0.117205        4.88867e-10        1.89646e-12        1.15853e-17            0.73276
96         0.00242391        2.51183e-05        4.32557e-06             101325           0.172208        4.32557e-06            1963.54                  0            0.97282            23.7351        6.22805e+07        0.000100525         1.4181e-05         0.00047891          0.0456577         0.00243316          0.0979442        3.08624e-06        3.56083e-19        2.50605e-20        3.34265e-18        7.87746e-18         0.00324637           0.117362        4.51003e-10        1.78464e-12        1.03546e-17            0.73276
97         0.00244903        2.51183e-05         4.3229e-06             101325           0.172102         4.3229e-06            1964.97                  0           0.973768            22.3111        5.85834e+07        9.73766e-05        1.34907e-05        0.000463183           0.045604         0.00239731          0.0979975        3.01115e-06        2.49643e-19        1.72875e-20        2.28345e-18        5.17123e-18         0.00314865           0.117515        4.15813e-10         1.6785e-12        9.24903e-18            0.73276
98         0.00247415        2.51183e-05        4.32029e-06             101325           0.171998        4.32029e-06            1966.38                  0           0.974697            20.9601        5.50731e+07         9.4301e-05        1.28295e-05        0.000447867          0.0455519         0.00236162          0.0980499        2.93756e-06        1.79005e-19         1.2161e-20        1.58274e-18        3.41339e-18         0.00305296           0.117666        3.83136e-10        1.57782e-12        8.25627e-18            0.73276
99         0.00249927        2.51183e-05        4.31774e-06             101325           0.171896        4.31774e-06            1967.75                  0           0.975608            19.6795        5.17422e+07        9.12982e-05        1.21964e-05        0.000432957          0.0455012         0.00232608          0.0981012        2.86549e-06        1.31541e-19        8.74319e-21        1.11551e-18         2.2666e-18         0.00295929           0.117813        3.52815e-10        1.48239e-12        7.36523e-18            0.73276
100         0.00252438        2.51183e-05        4.31525e-06             101325           0.171798        4.31525e-06            1969.09                  0           0.976499            18.4665        4.85836e+07         8.8368e-05        1.15906e-05        0.000418449          0.0454519         0.00229073          0.0981516        2.79497e-06        9.91759e-20        6.43529e-21        8.01111e-19        1.51507e-18         0.00286766           0.117957        3.24704e-10          1.392e-12        6.56603e-18            0.73276
101          0.0025495        2.51183e-05        4.31283e-06             101325           0.171701        4.31283e-06             1970.4                  0           0.977372            17.3186        4.55905e+07        8.55103e-05        1.10113e-05        0.000404339          0.0454042         0.00225557           0.098201        2.72602e-06        7.67248e-20        4.85351e-21        5.87328e-19        1.02025e-18         0.00277807           0.118097        2.98664e-10        1.30647e-12        5.84975e-18            0.73276
102         0.00257462        2.51183e-05        4.31047e-06             101325           0.171607        4.31047e-06            1971.68                  0           0.978225            16.2331        4.27562e+07        8.27249e-05        1.04576e-05        0.000390625          0.0453579         0.00222063          0.0982494        2.65866e-06        6.08409e-20        3.75068e-21        4.40186e-19        6.92819e-19         0.00269055           0.118235        2.74564e-10         1.2256e-12        5.20833e-18            0.73276
103         0.00259974        2.51183e-05        4.30817e-06             101325           0.171516        4.30817e-06            1972.92                  0            0.97906            15.2077        4.00745e+07        8.00118e-05        9.92877e-06        0.000377302           0.045313         0.00218593          0.0982967        2.59294e-06        4.93534e-20        2.96677e-21        3.37492e-19        4.75011e-19         0.00260508           0.118369        2.52278e-10        1.14919e-12        4.63446e-18            0.73276
104         0.00262486        2.51183e-05        4.30593e-06             101325           0.171426        4.30593e-06            1974.13                  0           0.979875            14.2399         3.7539e+07        7.73707e-05        9.42407e-06        0.000364366          0.0452696         0.00215149          0.0983431        2.52887e-06        4.08464e-20        2.39762e-21        2.64678e-19        3.29297e-19          0.0025217             0.1185        2.31689e-10        1.07707e-12         4.1215e-18            0.73276
105         0.00264998        2.51183e-05        4.30375e-06             101325            0.17134        4.30375e-06            1975.32                  0           0.980671            13.3273        3.51437e+07        7.48015e-05         8.9427e-06        0.000351815          0.0452276         0.00211733          0.0983885        2.46647e-06        3.43895e-20        1.97495e-21        2.12132e-19        2.31208e-19         0.00244039           0.118628        2.12685e-10        1.00905e-12        3.66342e-18            0.73276
106         0.00267509        2.51183e-05        4.30164e-06             101325           0.171255        4.30164e-06            1976.47                  0           0.981447            12.4675        3.28827e+07        7.23039e-05        8.48392e-06        0.000339644          0.0451871         0.00208347          0.0984329        2.40577e-06        2.93674e-20        1.65373e-21        1.73476e-19        1.64726e-19         0.00236117           0.118752        1.95158e-10        9.44955e-13        3.25474e-18            0.73276
107         0.00270021        2.51183e-05        4.29958e-06             101325           0.171173        4.29958e-06            1977.59                  0           0.982204            11.6584        3.07503e+07        6.98777e-05        8.04699e-06         0.00032785          0.0451479         0.00204993          0.0984763         2.3468e-06         2.5369e-20        1.40397e-21         1.4445e-19         1.1932e-19         0.00228405           0.118874         1.7901e-10        8.84619e-13        2.89048e-18            0.73276
108         0.00272533        2.51183e-05        4.29758e-06             101325           0.171094        4.29758e-06            1978.68                  0           0.982942            10.8976        2.87408e+07        6.75227e-05        7.63119e-06        0.000316429          0.0451101         0.00201673          0.0985187        2.28956e-06        2.21168e-20        1.20552e-21        1.22194e-19        8.80426e-20         0.00220902           0.118991        1.64145e-10        8.27872e-13         2.5661e-18            0.73276
109         0.00275045        2.51183e-05        4.29564e-06             101325           0.171017        4.29564e-06            1979.74                  0            0.98366            10.1828        2.68489e+07        6.52385e-05        7.23579e-06        0.000305377          0.0450738          0.0019839            0.09856        2.23408e-06        1.94213e-20        1.04467e-21        1.04768e-19        6.62864e-20         0.00213608           0.119106        1.50474e-10        7.74548e-13        2.27751e-18            0.73276
110         0.00277557        2.51183e-05        4.29375e-06             101325           0.170942        4.29375e-06            1980.76                  0           0.984359            9.51202        2.50691e+07        6.30247e-05        6.86008e-06         0.00029469          0.0450387         0.00195146          0.0986004        2.18036e-06         1.7151e-20        9.11995e-22        9.08455e-20        5.09851e-20         0.00206524           0.119217        1.37911e-10        7.24486e-13        2.02099e-18            0.73276
111         0.00280069        2.51183e-05        4.29193e-06             101325           0.170869        4.29193e-06            1981.76                  0           0.985039              8.883        2.33964e+07        6.08808e-05        6.50336e-06        0.000284364          0.0450051         0.00191944          0.0986397        2.12842e-06        1.52133e-20        8.00895e-22        7.95123e-20         4.0088e-20         0.00199649           0.119325        1.26376e-10        6.77531e-13        1.79317e-18            0.73276
112          0.0028258        2.51183e-05        4.29016e-06             101325           0.170798        4.29016e-06            1982.73                  0           0.985698            8.29368        2.18256e+07        5.88065e-05        6.16494e-06        0.000274394          0.0449727         0.00188785           0.098678        2.07827e-06        1.35417e-20         7.0668e-22        7.01291e-20        3.22172e-20         0.00192983            0.11943        1.15796e-10        6.33529e-13          1.591e-18            0.73276
113         0.00285092        2.51183e-05        4.28844e-06             101325            0.17073        4.28844e-06            1983.67                  0           0.986339            7.74205        2.03518e+07         5.6801e-05        5.84413e-06        0.000264776          0.0449417         0.00185672          0.0987153        2.02991e-06        1.20871e-20         6.2595e-22         6.2244e-20        2.64426e-20         0.00186524           0.119532        1.06098e-10        5.92332e-13        1.41174e-18            0.73276
114         0.00287604        2.51183e-05        4.28679e-06             101325           0.170664        4.28679e-06            1984.58                  0            0.98696             7.2261        1.89703e+07        5.48638e-05        5.54025e-06        0.000255504          0.0449119         0.00182607          0.0987516        1.98333e-06        1.08131e-20        5.56194e-22        5.55323e-20        2.21325e-20         0.00180273            0.11963        9.72161e-11        5.53796e-13        1.25289e-18            0.73276
115         0.00290116        2.51183e-05        4.28518e-06             101325             0.1706        4.28518e-06            1985.46                  0           0.987562            6.74392        1.76763e+07        5.29941e-05        5.25265e-06        0.000246574          0.0448834         0.00179592          0.0987868        1.93854e-06        9.69132e-21        4.95513e-22        4.97576e-20         1.8856e-20         0.00174226           0.119725        8.90884e-11         5.1778e-13        1.11224e-18            0.73276
116         0.00292628        2.51183e-05        4.28363e-06             101325           0.170539        4.28363e-06            1986.31                  0           0.988145            6.29362        1.64654e+07        5.11913e-05        4.98067e-06        0.000237981          0.0448562          0.0017663          0.0988211        1.89553e-06        8.69977e-21        4.42447e-22        4.47444e-20        1.63171e-20         0.00168384           0.119816         8.1656e-11        4.84149e-13        9.87766e-19            0.73276
117         0.00295139        2.51183e-05        4.28214e-06             101325           0.170479        4.28214e-06            1987.13                  0           0.988708             5.8734        1.53331e+07        4.94544e-05        4.72367e-06        0.000229717          0.0448301         0.00173722          0.0988543        1.85428e-06        7.82066e-21        3.95844e-22        4.03601e-20        1.43112e-20         0.00162743           0.119905        7.48645e-11        4.52771e-13        8.77674e-19            0.73276
118         0.00297651        2.51183e-05         4.2807e-06             101325           0.170422         4.2807e-06            1987.92                  0           0.989253            5.48151        1.42752e+07        4.77827e-05          4.481e-06        0.000221779          0.0448052         0.00170871          0.0988865        1.81478e-06        7.03947e-21         3.5478e-22        3.65027e-20        1.26957e-20         0.00157303           0.119991        6.86627e-11         4.2352e-13        7.80347e-19            0.73276
119         0.00300163        2.51183e-05        4.27931e-06             101325           0.170367        4.27931e-06            1988.68                  0           0.989779            5.11626        1.32876e+07         4.6175e-05        4.25206e-06        0.000214159          0.0447815         0.00168078          0.0989178        1.77702e-06        6.34409e-21        3.18502e-22        3.30924e-20        1.13708e-20         0.00152061           0.120073        6.30031e-11        3.96274e-13         6.9434e-19            0.73276
120         0.00302675        2.51183e-05        4.27797e-06             101325           0.170313        4.27797e-06            1989.42                  0           0.990287            4.77603        1.23663e+07        4.46305e-05        4.03623e-06        0.000206852          0.0447589         0.00165346           0.098948        1.74097e-06        5.72427e-21        2.86386e-22        3.00653e-20        1.02656e-20         0.00147015           0.120152        5.78414e-11        3.70915e-13        6.18361e-19            0.73276
121         0.00305187        2.51183e-05        4.27668e-06             101325           0.170262        4.27668e-06            1990.13                  0           0.990776            4.45926        1.15074e+07        4.31481e-05        3.83293e-06        0.000199851          0.0447375         0.00162676          0.0989772        1.70661e-06        5.17125e-21        2.57905e-22        2.73696e-20        9.32942e-21         0.00142161           0.120228        5.31364e-11         3.4733e-13        5.51258e-19            0.73276
122         0.00307699        2.51183e-05        4.27545e-06             101325           0.170213        4.27545e-06            1990.81                  0           0.991247            4.16447        1.07074e+07        4.17266e-05        3.64158e-06        0.000193149           0.044717         0.00160069          0.0990054         1.6739e-06        4.67744e-21        2.32614e-22        2.49629e-20        8.52565e-21         0.00137497           0.120302        4.88499e-11        3.25412e-13        4.92006e-19            0.73276
123          0.0031021        2.51183e-05        4.27426e-06             101325           0.170165        4.27426e-06            1991.47                  0             0.9917            3.89024        9.96258e+06        4.03649e-05         3.4616e-06         0.00018674          0.0446976         0.00157529          0.0990327        1.64282e-06        4.23624e-21        2.10129e-22        2.28094e-20        7.82746e-21         0.00133021           0.120372        4.49467e-11        3.05058e-13         4.3969e-19            0.73276
124         0.00312722        2.51183e-05        4.27312e-06             101325            0.17012        4.27312e-06             1992.1                  0           0.992135            3.63524        9.26967e+06        3.90617e-05        3.29247e-06        0.000180617          0.0446792         0.00155054          0.0990589        1.61333e-06        3.84184e-21        1.90121e-22        2.08791e-20        7.21496e-21         0.00128728           0.120439         4.1394e-11         2.8617e-13          3.935e-19            0.73276
125         0.00315234        2.51183e-05        4.27202e-06             101325           0.170076        4.27202e-06             1992.7                  0           0.992553            3.39817        8.62542e+06        3.78158e-05        3.13364e-06        0.000174773          0.0446618         0.00152649          0.0990842        1.58539e-06        3.48915e-21        1.72301e-22        1.91461e-20        6.67318e-21         0.00124616           0.120504        3.81616e-11        2.68653e-13        3.52716e-19            0.73276
126         0.00317746        2.51183e-05        4.27098e-06             101325           0.170035        4.27098e-06            1993.28                  0           0.992954            3.17786        8.02676e+06         3.6626e-05         2.9846e-06          0.0001692          0.0446453         0.00150312          0.0991086        1.55896e-06        3.17363e-21        1.56419e-22        1.75885e-20        6.19066e-21         0.00120681           0.120566        3.52218e-11         2.5242e-13        3.16701e-19            0.73276
127         0.00320258        2.51183e-05        4.26997e-06             101325           0.169995        4.26997e-06            1993.83                  0           0.993338            2.97315        7.47077e+06        3.54909e-05        2.84487e-06        0.000163892          0.0446297         0.00148046           0.099132          1.534e-06        2.89129e-21        1.42256e-22        1.61869e-20        5.75851e-21         0.00116919           0.120625        3.25489e-11        2.37386e-13        2.84891e-19            0.73276
128          0.0032277        2.51183e-05        4.26902e-06             101325           0.169957        4.26902e-06            1994.36                  0           0.993706              2.783         6.9547e+06        3.44092e-05        2.71396e-06        0.000158841           0.044615         0.00145852          0.0991544        1.51047e-06        2.63856e-21        1.29617e-22        1.49246e-20        5.36973e-21         0.00113328           0.120681        3.01195e-11        2.23471e-13        2.56788e-19            0.73276
129         0.00325281        2.51183e-05         4.2681e-06             101325            0.16992         4.2681e-06            1994.87                  0           0.994058            2.60641        6.47593e+06        3.33797e-05        2.59143e-06        0.000154041          0.0446011         0.00143731           0.099176        1.48832e-06        2.41228e-21        1.18333e-22        1.37868e-20        5.01868e-21         0.00109903           0.120735        2.79119e-11        2.10601e-13        2.31951e-19            0.73276
130         0.00327793        2.51183e-05        4.26723e-06             101325           0.169886        4.26723e-06            1995.35                  0           0.994393            2.44247        6.03201e+06        3.24009e-05        2.47682e-06        0.000149484           0.044588         0.00141683          0.0991966        1.46751e-06        2.20964e-21        1.08254e-22        1.27607e-20        4.70078e-21          0.0010664           0.120786        2.59066e-11        1.98706e-13        2.09994e-19            0.73276
131         0.00330305        2.51183e-05         4.2664e-06             101325           0.169853         4.2664e-06            1995.81                  0           0.994713            2.29031        5.62064e+06        3.14715e-05        2.36973e-06        0.000145164          0.0445757         0.00139709          0.0992163        1.44798e-06        2.02813e-21         9.9247e-23        1.18346e-20        4.41224e-21         0.00103536           0.120835        2.40855e-11        1.87718e-13        1.90574e-19            0.73276
132         0.00332817        2.51183e-05        4.26561e-06             101325           0.169821        4.26561e-06            1996.25                  0           0.995018            2.14915        5.23966e+06        3.05903e-05        2.26976e-06        0.000141072          0.0445641         0.00137809          0.0992351        1.42969e-06        1.86552e-21        9.11948e-23        1.09986e-20        4.14991e-21         0.00100588           0.120881        2.24322e-11        1.77577e-13        1.73391e-19            0.73276
133         0.00335329        2.51183e-05        4.26486e-06             101325           0.169791        4.26486e-06            1996.66                  0           0.995307            2.01826        4.88708e+06        2.97559e-05        2.17653e-06        0.000137204          0.0445533         0.00135986          0.0992531        1.41259e-06        1.71981e-21        8.39939e-23        1.02436e-20        3.91108e-21        0.000977909           0.120925        2.09317e-11        1.68224e-13        1.58181e-19            0.73276
134          0.0033784        2.51183e-05        4.26415e-06             101325           0.169763        4.26415e-06            1997.06                  0           0.995583              1.897        4.56104e+06        2.89671e-05        2.08969e-06        0.000133551          0.0445431         0.00134238          0.0992702        1.39664e-06        1.58925e-21        7.75529e-23        9.56167e-21        3.69346e-21        0.000951421           0.120967        1.95704e-11        1.59605e-13        1.44712e-19            0.73276
135         0.00340352        2.51183e-05        4.26348e-06             101325           0.169736        4.26348e-06            1997.43                  0           0.995843            1.78474        4.25981e+06        2.82227e-05        2.00889e-06        0.000130109          0.0445336         0.00132566          0.0992864        1.38178e-06        1.47226e-21        7.17907e-23        8.94569e-21        3.49508e-21        0.000926379           0.121006        1.83361e-11        1.51671e-13        1.32781e-19            0.73276
136         0.00342864        2.51183e-05        4.26285e-06             101325           0.169711        4.26285e-06            1997.78                  0            0.99609            1.68097        3.98182e+06        2.75216e-05        1.93384e-06        0.000126871          0.0445247         0.00130972          0.0993018        1.36797e-06        1.36745e-21        6.66359e-23        8.38938e-21        3.31419e-21        0.000902752           0.121043        1.72175e-11        1.44376e-13         1.2221e-19            0.73276
137         0.00345376        2.51183e-05        4.26225e-06             101325           0.169687        4.26225e-06            1998.12                  0           0.996323            1.58517        3.72562e+06        2.68627e-05        1.86424e-06         0.00012383          0.0445164         0.00129454          0.0993163        1.35517e-06        1.27358e-21        6.20252e-23        7.88715e-21        3.14931e-21        0.000880509           0.121078        1.62047e-11        1.37677e-13        1.12842e-19            0.73276
138         0.00347888        2.51183e-05        4.26168e-06             101325           0.169665        4.26168e-06            1998.43                  0           0.996542            1.49692        3.48989e+06        2.62449e-05        1.79981e-06        0.000120984          0.0445087         0.00128015            0.09933        1.34333e-06        1.18956e-21        5.79031e-23        7.43405e-21         2.9991e-21        0.000859622           0.121111        1.52885e-11        1.31535e-13        1.04542e-19            0.73276
139           0.003504        2.51183e-05        4.26116e-06             101325           0.169644        4.26116e-06            1998.72                  0           0.996748            1.41584        3.27344e+06        2.56674e-05        1.74032e-06        0.000118325          0.0445016         0.00126655          0.0993429        1.33241e-06        1.11442e-21        5.42207e-23        7.02569e-21        2.86243e-21        0.000840066           0.121142        1.44609e-11        1.25915e-13        9.71916e-20            0.73276
140         0.00352911        2.51183e-05        4.26066e-06             101325           0.169624        4.26066e-06            1998.99                  0           0.996941            1.34158         3.0752e+06        2.51294e-05        1.68554e-06        0.000115852           0.044495         0.00125374           0.099355        1.32237e-06         1.0473e-21        5.09348e-23        6.65819e-21        2.73826e-21        0.000821819           0.121171        1.37148e-11        1.20785e-13        9.06865e-20            0.73276
141         0.00355423        2.51183e-05        4.26021e-06             101325           0.169606        4.26021e-06            1999.25                  0           0.997122            1.27385        2.89422e+06        2.46302e-05        1.63527e-06        0.000113558          0.0444889         0.00124173          0.0993663        1.31318e-06        9.87469e-22         4.8008e-23        6.32817e-21        2.62574e-21        0.000804864           0.121197        1.30435e-11        1.16116e-13        8.49374e-20            0.73276
142         0.00357935        2.51183e-05        4.25978e-06             101325           0.169589        4.25978e-06            1999.48                  0           0.997289            1.21238        2.72964e+06        2.41692e-05        1.58934e-06        0.000111443          0.0444833         0.00123054          0.0993767        1.30481e-06        9.34267e-22        4.54075e-23        6.03266e-21        2.52408e-21        0.000789187           0.121222        1.24416e-11        1.11884e-13        7.98671e-20            0.73276
143         0.00360447        2.51183e-05        4.25939e-06             101325           0.169574        4.25939e-06             1999.7                  0           0.997443            1.15694        2.58073e+06        2.37462e-05         1.5476e-06        0.000109504          0.0444782         0.00122018          0.0993864        1.29722e-06        8.87133e-22        4.31052e-23        5.76909e-21        2.43264e-21        0.000774781           0.121244        1.19041e-11        1.08065e-13         7.5409e-20            0.73276
144         0.00362959        2.51183e-05        4.25904e-06             101325           0.169559        4.25904e-06             1999.9                  0           0.997585            1.10735        2.44684e+06        2.33608e-05        1.50992e-06        0.000107739          0.0444736         0.00121067          0.0993952        1.29039e-06        8.45584e-22        4.10769e-23        5.53527e-21        2.35088e-21        0.000761642           0.121265        1.14269e-11        1.04641e-13        7.15068e-20            0.73276
145         0.00365471        2.51183e-05        4.25872e-06             101325           0.169547        4.25872e-06            2000.08                  0           0.997714            1.06342        2.32742e+06        2.30132e-05        1.47621e-06        0.000106148          0.0444695         0.00120202          0.0994032         1.2843e-06        8.09212e-22        3.93024e-23        5.32938e-21        2.27834e-21        0.000749776           0.121284        1.10063e-11        1.01597e-13        6.81128e-20            0.73276
146         0.00367982        2.51183e-05        4.25843e-06             101325           0.169535        4.25843e-06            2000.24                  0           0.997831            1.02498        2.22201e+06        2.27034e-05         1.4464e-06        0.000104731          0.0444658         0.00119427          0.0994103        1.27893e-06        7.77685e-22        3.77648e-23        5.14993e-21        2.21467e-21        0.000739194             0.1213        1.06395e-11        9.89215e-14        6.51878e-20            0.73276
147         0.00370494        2.51183e-05        4.25818e-06             101325           0.169525        4.25818e-06            2000.38                  0           0.997934           0.991882        2.13023e+06        2.24321e-05        1.42047e-06        0.000103492          0.0444626         0.00118743          0.0994166        1.27427e-06        7.50734e-22        3.64509e-23        4.99577e-21        2.15964e-21        0.000729917           0.121315        1.03242e-11        9.66053e-14        6.27004e-20            0.73276
148         0.00373006        2.51183e-05        4.25796e-06             101325           0.169517        4.25796e-06             2000.5                  0           0.998024           0.963958        2.05176e+06           2.22e-05        1.39842e-06        0.000102432          0.0444599         0.00118156           0.099422        1.27032e-06        7.28163e-22        3.53509e-23         4.8661e-21        2.11308e-21        0.000721973           0.121327         1.0059e-11         9.4644e-14        6.06265e-20            0.73276
149         0.00375518        2.51183e-05        4.25778e-06             101325            0.16951        4.25778e-06             2000.6                  0             0.9981            0.94104        1.98639e+06        2.20081e-05        1.38029e-06        0.000101556          0.0444577         0.00117668          0.0994264        1.26708e-06        7.09839e-22        3.44582e-23        4.76043e-21        2.07497e-21        0.000715403           0.121338        9.84279e-12         9.3037e-14        5.89493e-20            0.73276
150          0.0037803        2.51183e-05        4.25764e-06             101325           0.169504        4.25764e-06            2000.67                  0           0.998163           0.922951        1.93397e+06        2.18579e-05        1.36614e-06        0.000100871          0.0444559         0.00117284          0.0994299        1.26455e-06          6.957e-22        3.37694e-23        4.67864e-21        2.04535e-21        0.000710255           0.121346        9.67542e-12        9.17876e-14        5.76591e-20            0.73276
151         0.00380542        2.51183e-05        4.25754e-06             101325             0.1695        4.25754e-06            2000.73                  0            0.99821           0.909514        1.89443e+06         2.1751e-05        1.35611e-06        0.000100383          0.0444547         0.00117011          0.0994324        1.26277e-06        6.85746e-22        3.32846e-23        4.62092e-21        2.02439e-21        0.000706589           0.121352         9.5573e-12        9.09029e-14        5.67528e-20            0.73276
152         0.00383053        2.51183e-05        4.25749e-06             101325           0.169498        4.25749e-06            2000.76                  0           0.998243           0.900583        1.86784e+06        2.16891e-05        1.35032e-06        0.000100101           0.044454         0.00116852          0.0994339        1.26174e-06        6.80032e-22        3.30064e-23        4.58775e-21        2.01231e-21        0.000704469           0.121355         9.4894e-12        9.03933e-14        5.62334e-20            0.73276
