# Time 0.000705
# eta = 0.002
# length = 0.000234379
#--- 	  	 LEM Line data  --- 
#(1) wafer              (2) x             (3) dx              (4) m              (5) p            (6) rho              (7) m              (8) T              (9) Z             (10) C          (11) dCdt       (12) heatRel                  (13) Y_H2                  (14) Y_H                  (15) Y_O                  (16) Y_O2                  (17) Y_OH                  (18) Y_H2O                  (19) Y_HO2                  (20) Y_CH2                  (21) Y_CH2(S)                  (22) Y_CH3                  (23) Y_CH4                  (24) Y_CO                  (25) Y_CO2                  (26) Y_HCO                  (27) Y_CH2O                  (28) Y_CH2OH                  (29) Y_N2
0        1.25591e-05        2.51183e-05        2.83442e-05             101325            1.12843        2.83442e-05            300.856                  0                  0                  0        5.02621e-12        6.30031e-08        3.15903e-17        9.46342e-13           0.222525        2.52789e-12        4.14052e-05        3.46482e-08        5.16467e-17        2.68071e-18        3.89291e-07           0.044623        2.17946e-06        4.73935e-05        3.73434e-17        2.15367e-07        5.89792e-21            0.73276
1        3.76774e-05        2.51183e-05        2.83113e-05             101325            1.12712        2.83113e-05            301.206                  0        0.000421704        2.12875e-07            8.73832        9.31839e-08        5.17964e-17        1.08906e-12           0.222496        3.59264e-12         5.8409e-05        4.83018e-08        1.00195e-16        5.20811e-18        5.51322e-07          0.0446152        3.25988e-06        6.66036e-05        7.29988e-17        3.12828e-07        1.15357e-20            0.73276
2        6.27956e-05        2.51183e-05        2.82624e-05             101325            1.12517        2.82624e-05            301.726                  0        0.000572464        3.00102e-07            15.6936        1.44179e-07        8.32643e-17        1.07823e-12           0.222451        5.22828e-12        8.38847e-05         6.8076e-08        2.11654e-16        1.10275e-17        7.96732e-07          0.0446034        5.13026e-06        9.50412e-05        1.56083e-16        4.70653e-07        2.46943e-20            0.73276
3        8.79139e-05        2.51183e-05         2.8187e-05             101325            1.12217         2.8187e-05            302.533                  0        0.000820957        4.57796e-07            31.4404        2.31035e-07        1.35657e-16        9.52479e-13           0.222382        7.83988e-12        0.000123532          9.816e-08        4.70267e-16        2.45881e-17        1.18152e-06           0.044585        8.37495e-06        0.000138841        3.52172e-16        7.30938e-07        5.59816e-20            0.73276
4        0.000113032        2.51183e-05        2.80747e-05             101325             1.1177        2.80747e-05            303.741                  0         0.00120486        7.34263e-07             66.209        3.73717e-07        2.31024e-16        7.46712e-13           0.222278        1.19068e-11        0.000183198        1.42599e-07        1.06142e-15        5.57825e-17        1.76435e-06          0.0445573         1.3802e-05        0.000204013        8.09833e-16        1.14516e-06        1.30146e-19            0.73276
5         0.00013815        2.51183e-05        2.79125e-05             101325            1.11125        2.79125e-05            305.504                  0         0.00177866         1.2236e-06            141.723        6.02495e-07        4.26125e-16        5.15008e-13           0.222127        1.81721e-11         0.00027075        2.06835e-07        2.39027e-15        1.26539e-16        2.62455e-06          0.0445166        2.26639e-05        0.000298412        1.86535e-15        1.78817e-06        3.05796e-19            0.73276
6        0.000163269        2.51183e-05        2.76842e-05             101325            1.10216        2.76842e-05             308.02                  0         0.00261444        2.10989e-06            302.064        9.62048e-07         8.6093e-16        3.09735e-13           0.221909         2.7828e-11        0.000396488         2.9811e-07        5.33098e-15        2.85107e-16        3.86623e-06          0.0444579        3.68503e-05        0.000431981        4.27651e-15        2.76593e-06        7.23939e-19            0.73276
7        0.000188387        2.51183e-05        2.73711e-05             101325            1.08969        2.73711e-05             311.54                  0         0.00380498        3.76362e-06            633.495        1.51653e-06        1.86819e-15        1.60874e-13           0.221604         4.2864e-11         0.00057355        4.26058e-07        1.17621e-14        6.37826e-16        5.62217e-06          0.0443751        5.91349e-05        0.000616903        9.76001e-15        4.22437e-06         1.7336e-18            0.73276
8        0.000213505        2.51183e-05         2.6953e-05             101325            1.07305         2.6953e-05            316.364                  0         0.00546635        6.94993e-06            1298.81        2.35529e-06        4.24082e-15        7.18136e-14           0.221183        6.67669e-11         0.00081822        6.03561e-07        2.57474e-14        1.42208e-15        8.05643e-06          0.0442603        9.34655e-05         0.00086757        2.22693e-14        6.35841e-06        4.23493e-18            0.73276
9        0.000238623        2.51183e-05        2.64106e-05             101325            1.05145        2.64106e-05             322.85                  0         0.00773917        1.32963e-05             2594.6        3.59845e-06        9.91985e-15        2.76616e-14           0.220615        1.05874e-10         0.00115005        8.48025e-07        5.61863e-14        3.17746e-15        1.13647e-05          0.0441042        0.000145268         0.00120031        5.11153e-14        9.41951e-06        1.06632e-17            0.73276
10        0.000263742        2.51183e-05        2.57281e-05             101325            1.02428        2.57281e-05            331.397                  0           0.010788        2.63633e-05            5043.46        5.40124e-06        2.38281e-14         9.6728e-15           0.219862        1.72033e-10         0.00159168        1.18329e-06        1.22849e-13        7.15474e-15        1.57713e-05          0.0438957        0.000221709         0.00163283        1.18775e-13        1.37195e-05         2.7947e-17            0.73276
11         0.00028886        2.51183e-05        2.48966e-05             101325           0.991177        2.48966e-05            342.439                  0          0.0147981        5.41553e-05            9538.91        7.95539e-06        5.88258e-14        4.38444e-15           0.218883        2.87706e-10         0.00216836         1.6424e-06        2.70056e-13         1.6293e-14        2.15234e-05          0.0436227        0.000331839         0.00218338        2.80614e-13        1.96283e-05        7.67224e-17            0.73276
12        0.000313978        2.51183e-05        2.39178e-05             101325           0.952208        2.39178e-05            356.415                  0          0.0199693        0.000115039            17570.1        1.14861e-05        1.49152e-13        6.26641e-15           0.217635        4.95609e-10         0.00290705        2.27132e-06        5.97164e-13        3.75243e-14        2.88807e-05          0.0432718        0.000486528         0.00286975        6.74696e-13         2.7563e-05        2.20728e-16            0.73276
13        0.000339096        2.51183e-05        2.28051e-05             101325           0.907908        2.28051e-05            373.753                  0          0.0265075        0.000251642            31570.2        1.62435e-05        3.86605e-13        1.97878e-14           0.216073        8.76216e-10         0.00383517        3.13382e-06        1.32437e-12        8.70421e-14        3.81049e-05          0.0428296        0.000698135         0.00370828        1.64578e-12        3.79691e-05        6.61286e-16            0.73276
14        0.000364215        2.51183e-05        2.15834e-05             101325           0.859271        2.15834e-05            394.834                  0          0.0346144        0.000562829            55462.2        2.24895e-05         1.0164e-12        7.53991e-14           0.214158         1.5775e-09         0.00497935        4.31711e-06         2.9278e-12        2.01756e-13        4.94487e-05          0.0422827        0.000979916         0.00471301         4.0457e-12        5.12943e-05        2.03812e-15            0.73276
15        0.000389333        2.51183e-05        2.02864e-05             101325           0.807635        2.02864e-05            419.975                  0          0.0444781          0.0012745            95526.5         3.0482e-05        2.68886e-12        3.09576e-13           0.211849         2.8618e-09         0.00636414        5.93813e-06        6.40184e-12        4.62661e-13        6.31487e-05           0.041619         0.00134526         0.00589527        9.93724e-12        6.79615e-05        6.36771e-15            0.73276
16        0.000414451        2.51183e-05        1.89518e-05             101325           0.754503        1.89518e-05            449.412                  0          0.0562651          0.0028884             161804        4.04596e-05        7.12796e-12        1.32553e-12           0.209114        5.17211e-09         0.00801113        8.14985e-06        1.37376e-11        1.03905e-12        7.94241e-05          0.0408275          0.0018069         0.00726368        2.41856e-11        8.83446e-05        1.99119e-14            0.73276
17        0.000439569        2.51183e-05        1.76165e-05             101325           0.701341        1.76165e-05            483.296                  0          0.0701164         0.00647387             270401        5.26305e-05        1.89783e-11        5.78163e-12           0.205926        9.21824e-09         0.00993864        1.11472e-05        2.87683e-11        2.26733e-12        9.84815e-05          0.0398991         0.00237629         0.00882458        5.79873e-11        0.000112753        6.19638e-14            0.73276
18        0.000464688        2.51183e-05        1.63123e-05             101325           0.649421        1.63123e-05            521.699                  0           0.086148          0.0141995             447335        6.71669e-05        5.12521e-11        2.52444e-11           0.202262        1.60941e-08          0.0121617        1.51723e-05        5.87446e-11        4.79268e-12        0.000120526          0.0388259         0.00306324          0.0105827        1.36816e-10        0.000141423          1.929e-13            0.73276
19        0.000489806        2.51183e-05        1.50641e-05             101325           0.599727        1.50641e-05            564.626                  0           0.104454          0.0302547             735333        8.42056e-05        1.42107e-10         1.0893e-10           0.198102        2.75038e-08          0.0146929        2.05179e-05        1.17878e-10        9.86456e-12        0.000145774          0.0376017         0.00387581          0.0125419        3.19447e-10        0.000174523         6.1025e-13            0.73276
20        0.000514924        2.51183e-05        1.38886e-05             101325            0.55293        1.38886e-05            612.036                  0           0.125115          0.0625188        1.20732e+06        0.000103852         4.0734e-10         4.5977e-10           0.193432        4.64172e-08          0.0175425        2.75287e-05        2.37457e-10        2.01273e-11        0.000174474          0.0362211         0.00482047          0.0147058        7.47883e-10         0.00021215        1.99647e-12            0.73276
21        0.000540043        2.51183e-05        1.27956e-05             101325           0.509413        1.27956e-05            663.852                  0           0.148199           0.126293        1.99828e+06        0.000126189        1.20129e-09        1.87953e-09           0.188236        7.92416e-08          0.0207198        3.65967e-05         4.9891e-10         4.2126e-11        0.000206921          0.0346793         0.00590235          0.0170784        1.78893e-09        0.000254338        6.78818e-12            0.73276
22        0.000565161        2.51183e-05        1.17887e-05             101325           0.469328        1.17887e-05            719.979                  0           0.173771           0.255327        3.39104e+06        0.000151279        3.58797e-09         7.3649e-09           0.182501        1.42837e-07          0.0242328        4.81449e-05        1.14358e-09        9.45215e-11        0.000243486          0.0329722         0.00712547           0.019664        4.44858e-09        0.000301057        2.36406e-11            0.73276
23        0.000590279        2.51183e-05        1.08676e-05             101325           0.432656        1.08676e-05            780.314                  0           0.201895           0.539333        6.05831e+06        0.000179172        1.06364e-08        2.73817e-08           0.176216        2.85708e-07          0.0280888        6.25866e-05        2.92065e-09        2.33887e-10        0.000284648          0.0310957         0.00849291          0.0224673         1.1564e-08        0.000352208        8.21519e-11            0.73276
24        0.000615397        2.51183e-05        1.00289e-05             101325           0.399265        1.00289e-05            844.744                  0           0.232632            1.25105         1.1729e+07         0.00020991        3.07496e-08        9.57709e-08            0.16937        6.47278e-07           0.032294        8.02372e-05        8.11218e-09        6.29999e-10        0.000331055          0.0290464          0.0100068          0.0254927        3.10494e-08        0.000407618        2.77804e-10            0.73276
25        0.000640516        2.51183e-05        9.26763e-06             101325            0.36896        9.26763e-06            913.148                  0           0.266036            3.24679        2.49218e+07        0.000243523        8.57107e-08        3.13446e-07           0.161957        1.61109e-06          0.0368521        0.000101146        2.33089e-08        1.76765e-09         0.00038359          0.0268217          0.0116679           0.028744        8.40468e-08        0.000467012         8.9812e-10            0.73276
26        0.000665634        2.51183e-05         8.5782e-06             101325           0.341513         8.5782e-06            985.385                  0           0.302143            9.11288        5.71596e+07        0.000280018        2.29164e-07         9.5839e-07           0.153976        4.17055e-06           0.041762        0.000124803        6.62637e-08        4.93988e-09        0.000443355          0.0244207           0.013475          0.0322226        2.23428e-07        0.000529954        2.74668e-09            0.73276
27        0.000690752        2.51183e-05        7.95483e-06             101325           0.316695        7.95483e-06            1061.26                  0           0.340957            26.1105        1.36467e+08        0.000319351        5.86857e-07        2.74143e-06           0.145441        1.07329e-05          0.0470136        0.000149688        1.81131e-07        1.33345e-08        0.000511273          0.0218467          0.0154229          0.0359257        5.70931e-07        0.000595693         7.8963e-09            0.73276
28         0.00071587        2.51183e-05        7.39224e-06             101325           0.294297        7.39224e-06            1140.47                  0           0.382412            72.8547        3.26797e+08        0.000361394        1.43825e-06         7.3608e-06           0.136374        2.67394e-05          0.0525866        0.000172743         4.6837e-07        3.41492e-08        0.000586772          0.0191079          0.0175023          0.0398485         1.3811e-06        0.000662853        2.12481e-08           0.732759
29        0.000740989        2.51183e-05        6.88608e-06             101325           0.274146        6.88608e-06            1222.49                  0           0.426383            192.242        7.62509e+08        0.000405791        3.36278e-06        1.86115e-05           0.126815        6.35625e-05          0.0584442        0.000189151         1.1325e-06        8.19464e-08        0.000664694          0.0162226           0.019696          0.0439855         3.1245e-06         0.00072862        5.32323e-08           0.732759
30        0.000766107        2.51183e-05        6.43361e-06             101325           0.256133        6.43361e-06            1306.38                  0           0.472658            470.355        1.69315e+09        0.000451527        7.44335e-06        4.43467e-05           0.116838        0.000142668          0.0645099         0.00019337        2.52261e-06        1.81481e-07         0.00073022          0.0132336           0.021967           0.048328        6.51365e-06        0.000786812         1.2276e-07           0.732758
31        0.000791225        2.51183e-05        6.03472e-06             101325           0.240252        6.03472e-06            1390.36                  0           0.520786            1046.18        3.48948e+09        0.000496008        1.53886e-05        9.92831e-05           0.106604        0.000298945          0.0706292        0.000181959        5.03895e-06        3.61239e-07        0.000755161          0.0102316          0.0242312          0.0528589        1.22202e-05        0.000824288        2.54239e-07           0.732757
32        0.000816343        2.51183e-05        5.69292e-06             101325           0.226645        5.69292e-06            1471.27                  0           0.569849            2061.39        6.46152e+09        0.000533595        2.91295e-05        0.000207233           0.096431        0.000576161          0.0765229        0.000156071         8.5983e-06        6.16594e-07        0.000706038         0.00737923          0.0263119          0.0575448         1.9859e-05        0.000817285        4.50772e-07           0.732756
33        0.000841462        2.51183e-05        5.41475e-06             101325            0.21557        5.41475e-06            1544.35                  0           0.618184            3479.68        1.02853e+10        0.000555043        4.92935e-05        0.000397589          0.0868562         0.00100348          0.0817812        0.000121507        1.16943e-05        8.44315e-07        0.000574088         0.00490111           0.027904          0.0623242         2.6574e-05        0.000738269        6.37989e-07           0.732756
34         0.00086658        2.51183e-05        5.20462e-06             101325           0.207205        5.20462e-06            1604.73                  0           0.663348            4870.84        1.33796e+10        0.000552187        7.33357e-05        0.000685986          0.0785216         0.00155667          0.0859916         8.6668e-05        1.20859e-05        8.85367e-07        0.000401217         0.00299563          0.0286573           0.067095         2.8174e-05         0.00058646        6.86652e-07           0.732756
35        0.000891698        2.51183e-05        5.05733e-06             101325           0.201341        5.05733e-06            1650.38                  0           0.702899            5597.11        1.38511e+10        0.000527557        9.65173e-05         0.00104297          0.0718596          0.0021476          0.0889721        5.84078e-05        9.77345e-06          7.298e-07        0.000247829         0.00171107          0.0284217          0.0717156        2.39244e-05        0.000408188        5.77372e-07           0.732756
36        0.000916816        2.51183e-05        4.95799e-06             101325           0.197386        4.95799e-06            1683.26                  0           0.735682            5428.87        1.17594e+10        0.000494013         0.00011539         0.00139988          0.0668803         0.00267883           0.090858        3.89902e-05        6.67855e-06        5.08484e-07         0.00014168        0.000934819          0.0273754          0.0760441        1.71891e-05        0.000256504        4.08317e-07           0.732757
37        0.000941935        2.51183e-05        4.89002e-06             101325            0.19468        4.89002e-06            1707.13                  0           0.762163            4698.65        8.75078e+09        0.000463272        0.000129041         0.00169861          0.0632823         0.00310121          0.0919534        2.70068e-05        4.14794e-06        3.21234e-07        7.78189e-05        0.000498261          0.0258578          0.0799859        1.11175e-05        0.000151239        2.60788e-07           0.732758
38        0.000967053        2.51183e-05        4.84087e-06             101325           0.192723        4.84087e-06            1725.34                  0           0.783577            3837.62         6.1096e+09        0.000440042        0.000138017         0.00191783           0.060686         0.00341414          0.0925537        2.00033e-05        2.45166e-06        1.92564e-07        4.19488e-05        0.000262352          0.0241643          0.0835072        6.77307e-06        8.60763e-05        1.57603e-07           0.732758
39        0.000992171        2.51183e-05        4.80282e-06             101325           0.191208        4.80282e-06            1740.08                  0           0.801153             3076.6        4.23245e+09        0.000424049         0.00014325         0.00206286           0.058773         0.00363817          0.0928729        1.59754e-05         1.4128e-06        1.12261e-07         2.2436e-05         0.00013743          0.0224798          0.0866173        3.99271e-06        4.80799e-05        9.24533e-08           0.732759
40         0.00101729        2.51183e-05        4.77148e-06             101325           0.189961        4.77148e-06            1752.67                  0           0.815851             2474.9        3.02946e+09        0.000413267        0.000145621         0.00214886          0.0573174         0.00379617          0.0930452         1.3631e-05        8.03798e-07        6.44838e-08        1.19744e-05        7.19092e-05          0.0208988           0.089348          2.313e-06        2.66029e-05        5.33687e-08           0.732759
41         0.00104241        2.51183e-05        4.74446e-06             101325           0.188885        4.74446e-06            1763.84                  0           0.828355            2017.07        2.29161e+09        0.000405637         0.00014585         0.00219136          0.0561709         0.00390663          0.0931481         1.2217e-05        4.54578e-07        3.67571e-08        6.39784e-06        3.76709e-05          0.0194596          0.0917397        1.32949e-06         1.4658e-05        3.05438e-08           0.732759
42         0.00106753        2.51183e-05        4.72044e-06             101325           0.187929        4.72044e-06            1773.98                  0           0.839144            1669.63        1.84025e+09         0.00039961        0.000144498         0.00220302          0.0552384         0.00398295          0.0932237        1.13144e-05        2.56523e-07        2.08772e-08        3.42851e-06        1.97866e-05          0.0181707          0.0938338        7.63534e-07        8.06783e-06        1.74063e-08           0.732759
43         0.00109264        2.51183e-05        4.69867e-06             101325           0.187062        4.69867e-06            1783.33                  0           0.848559            1402.16        1.55556e+09         0.00039418        0.000141996         0.00219325          0.0544595         0.00403444          0.0932939        1.06948e-05        1.44767e-07        1.18438e-08        1.84488e-06        1.04298e-05          0.0170255          0.0956696         4.4087e-07        4.44425e-06        9.90247e-09            0.73276
44         0.00111776        2.51183e-05         4.6787e-06             101325           0.186267         4.6787e-06            1792.04                  0           0.856852               1192        1.36548e+09        0.000388765        0.000138672         0.00216874          0.0537947         0.00406748          0.0933685        1.02347e-05         8.1809e-08        6.72077e-09        9.97535e-07        5.52064e-06          0.0160111          0.0972829        2.57668e-07        2.45308e-06         5.6325e-09            0.73276
45         0.00114288        2.51183e-05        4.66025e-06             101325           0.185532        4.66025e-06            1800.18                  0           0.864213            1023.45        1.22907e+09        0.000383069        0.000134775          0.0021342          0.0532176         0.00408652          0.0934517        9.86738e-06        4.63285e-08        3.81795e-09        5.42211e-07        2.93552e-06          0.0151125          0.0987051        1.53672e-07        1.35773e-06        3.20615e-09            0.73276
46           0.001168        2.51183e-05         4.6431e-06             101325            0.18485         4.6431e-06            1807.82                  0           0.870791             885.86        1.12378e+09        0.000376975        0.000130499          0.0020929          0.0527101         0.00409471          0.0935441        9.55632e-06        2.63019e-08        2.17242e-09        2.96338e-07         1.5685e-06          0.0143148          0.0999639        9.44431e-08        7.53863e-07        1.82738e-09            0.73276
47         0.00119312        2.51183e-05        4.62712e-06             101325           0.184214        4.62712e-06            1815.01                  0           0.876705            771.948        1.03739e+09        0.000370468        0.000125987         0.00204715          0.0522592         0.00409432          0.0936449        9.28139e-06        1.49727e-08        1.23845e-09        1.62863e-07        8.42292e-07          0.0136046           0.101083        6.04694e-08        4.20008e-07        1.04322e-09            0.73276
48         0.00121824        2.51183e-05        4.61218e-06             101325           0.183619        4.61218e-06             1821.8                  0           0.882054            676.627        9.63249e+08         0.00036359        0.000121352         0.00199859          0.0518551         0.00408707          0.0937529        9.03115e-06        8.54692e-09        7.07451e-10        9.00057e-08         4.5464e-07          0.0129695           0.102082        4.07491e-08        2.34833e-07         5.9661e-10            0.73276
49         0.00124335        2.51183e-05        4.59817e-06             101325           0.183061        4.59817e-06            1828.21                  0           0.886918             596.22        8.97706e+08        0.000356407        0.000116677         0.00194838          0.0514903         0.00407424          0.0938664        8.79895e-06        4.89218e-09        4.04963e-10        5.00137e-08        2.46672e-07           0.012399            0.10298        2.90935e-08        1.31768e-07        3.41827e-10            0.73276
50         0.00126847        2.51183e-05        4.58502e-06             101325           0.182537        4.58502e-06            1834.28                  0           0.891364             527.98        8.38687e+08        0.000348991        0.000112025         0.00189738          0.0511589         0.00405687          0.0939839        8.58073e-06        2.80764e-09         2.3229e-10        2.79393e-08         1.3453e-07          0.0118839           0.103789        2.20231e-08        7.42004e-08        1.96213e-10            0.73276
51         0.00129359        2.51183e-05        4.57263e-06             101325           0.182044        4.57263e-06            1840.03                  0            0.89545            469.785        7.84954e+08        0.000341415        0.000107443          0.0018462          0.0508562         0.00403576          0.0941041        8.37391e-06         1.6154e-09        1.33514e-10        1.56881e-08        7.37473e-08          0.0114163           0.104524        1.75797e-08        4.19297e-08        1.12834e-10            0.73276
52         0.00131871        2.51183e-05        4.56095e-06             101325           0.181579        4.56095e-06             1845.5                  0           0.899222            419.954        7.35706e+08        0.000333744        0.000102964         0.00179531          0.0505782         0.00401157          0.0942257        8.17675e-06        9.31666e-10        7.68921e-11        8.85228e-09        4.06324e-08          0.0109898           0.105195        1.46588e-08        2.37758e-08        6.50028e-11            0.73276
53         0.00134383        2.51183e-05        4.54992e-06             101325            0.18114        4.54992e-06            1850.69                  0           0.902721            377.126        6.90382e+08        0.000326034        9.86116e-05         0.00174501          0.0503218         0.00398485          0.0943478          7.988e-06        5.38559e-10        4.43675e-11        5.01852e-09        2.24985e-08          0.0105985            0.10581        1.26351e-08         1.3528e-08        3.75128e-11            0.73276
54         0.00136894        2.51183e-05        4.53947e-06             101325           0.180724        4.53947e-06            1855.63                  0           0.905982            340.187        6.48553e+08        0.000318332        9.44021e-05         0.00169557          0.0500841         0.00395605          0.0944697        7.80672e-06        3.11997e-10        2.56481e-11        2.85778e-09        1.25182e-08          0.0102377           0.106376        1.11523e-08         7.7237e-09        2.16853e-11            0.73276
55         0.00139406        2.51183e-05        4.52957e-06             101325            0.18033        4.52957e-06            1860.35                  0           0.909034            308.212         6.0987e+08        0.000310678        9.03451e-05         0.00164714           0.049863         0.00392554          0.0945906        7.63218e-06         1.8112e-10        1.48536e-11        1.63424e-09         6.9981e-09         0.00990339           0.106902        1.00063e-08        4.42547e-09        1.25567e-11            0.73276
56         0.00141918        2.51183e-05        4.52016e-06             101325           0.179955        4.52016e-06            1864.85                  0             0.9119             280.43        5.74035e+08        0.000303101        8.64459e-05         0.00159984          0.0496564         0.00389362          0.0947102        7.46377e-06        1.05353e-10        8.61741e-12        9.38301e-10        3.93014e-09         0.00959204           0.107391        9.07827e-09        2.54536e-09        7.28279e-12            0.73276
57          0.0014443        2.51183e-05        4.51121e-06             101325           0.179599        4.51121e-06            1869.16                  0           0.914604            256.199        5.40787e+08        0.000295627        8.27064e-05         0.00155374          0.0494626         0.00386057          0.0948281        7.30099e-06         6.1399e-11        5.00819e-12        5.40776e-10          2.217e-09         0.00930075           0.107849        8.29826e-09        1.47033e-09        4.23088e-12            0.73276
58         0.00146942        2.51183e-05        4.50268e-06             101325           0.179259        4.50268e-06            1873.28                  0           0.917162            234.976        5.09893e+08        0.000288273        7.91257e-05          0.0015089          0.0492803         0.00382659          0.0949439         7.1434e-06        3.58502e-11        2.91568e-12        3.12798e-10        1.25601e-09         0.00902703           0.108279        7.62405e-09        8.53756e-10        2.46194e-12            0.73276
59         0.00149454        2.51183e-05        4.49454e-06             101325           0.178935        4.49454e-06            1877.23                  0           0.919592            216.308        4.81144e+08        0.000281053        7.57011e-05         0.00146533          0.0491081         0.00379188          0.0950576        6.99061e-06        2.09713e-11        1.70041e-12        1.81555e-10        7.14544e-10         0.00876875           0.108685        7.02942e-09        4.99043e-10        1.43499e-12            0.73276
60         0.00151965        2.51183e-05        4.48677e-06             101325           0.178626        4.48677e-06            1881.02                  0           0.921905            199.815        4.54352e+08        0.000273977        7.24286e-05         0.00142303          0.0489451         0.00375657          0.0951689        6.84228e-06        1.22901e-11        9.93409e-13        1.05728e-10        4.08151e-10          0.0085241           0.109069         6.4975e-09        2.94327e-10        8.37849e-13            0.73276
61         0.00154477        2.51183e-05        4.47932e-06             101325           0.178329        4.47932e-06            1884.67                  0           0.924115            185.174        4.29347e+08         0.00026705        6.93029e-05         0.00138199          0.0487903         0.00372081          0.0952778        6.69812e-06        7.21574e-12        5.81401e-13        6.17667e-11        2.34055e-10         0.00829151           0.109435        6.01694e-09        1.75774e-10        4.90067e-13            0.73276
62         0.00156989        2.51183e-05        4.47219e-06             101325           0.178045        4.47219e-06            1888.18                  0           0.926232            172.117        4.05975e+08        0.000260276        6.63186e-05          0.0013422          0.0486429         0.00368468          0.0953843        6.55784e-06        4.24436e-12        3.40887e-13        3.61961e-11        1.34733e-10         0.00806966           0.109783        5.57973e-09        1.06852e-10        2.87184e-13            0.73276
63         0.00159501        2.51183e-05        4.46534e-06             101325           0.177773        4.46534e-06            1891.56                  0           0.928264            160.416        3.84099e+08        0.000253656        6.34694e-05         0.00130362          0.0485022         0.00364829          0.0954883        6.42119e-06        2.50126e-12        2.00241e-13        2.12753e-11        7.78477e-11          0.0078574           0.110117        5.17994e-09        6.65968e-11        1.68631e-13            0.73276
64         0.00162013        2.51183e-05        4.45876e-06             101325           0.177511        4.45876e-06            1894.81                  0           0.930219             149.88        3.63593e+08        0.000247191        6.07493e-05         0.00126621          0.0483675         0.00361169          0.0955899        6.28796e-06        1.47686e-12        1.17849e-13        1.25421e-11        4.51439e-11         0.00765373           0.110437        4.81299e-09        4.29457e-11        9.92343e-14            0.73276
65         0.00164525        2.51183e-05        4.45243e-06             101325           0.177259        4.45243e-06            1897.96                  0           0.932104            140.347        3.44345e+08        0.000240878        5.81518e-05         0.00122994          0.0482384         0.00357495          0.0956891        6.15793e-06        8.73716e-13        6.94948e-14        7.41524e-12        2.62726e-11         0.00745779           0.110745        4.47522e-09        2.89403e-11        5.85386e-14            0.73276
66         0.00167036        2.51183e-05        4.44634e-06             101325           0.177016        4.44634e-06               1901                  0           0.933925            131.683        3.26252e+08        0.000234715        5.56709e-05         0.00119477          0.0481144         0.00353812           0.095786         6.0309e-06        5.17937e-13         4.1064e-14        4.39672e-12        1.53438e-11         0.00726886           0.111042        4.16356e-09         2.0556e-11        3.46279e-14            0.73276
67         0.00169548        2.51183e-05        4.44046e-06             101325           0.176782        4.44046e-06            1903.95                  0           0.935687            123.771        3.09224e+08        0.000228699        5.33005e-05         0.00116065          0.0479949         0.00350122          0.0958806        5.90671e-06        3.07669e-13        2.43153e-14        2.61442e-12        8.99216e-12         0.00708626           0.111328        3.87546e-09        1.54593e-11        2.05505e-14            0.73276
68          0.0017206        2.51183e-05        4.43478e-06             101325           0.176556        4.43478e-06             1906.8                  0           0.937396            116.515        2.93178e+08        0.000222826        5.10347e-05         0.00112754          0.0478798         0.00346428           0.095973        5.78518e-06        1.83154e-13        1.44292e-14        1.55905e-12        5.28791e-12         0.00690944           0.111606        3.60868e-09        1.22935e-11        1.22442e-14            0.73276
69         0.00174572        2.51183e-05        4.42929e-06             101325           0.176338        4.42929e-06            1909.57                  0           0.939055            109.833        2.78037e+08        0.000217091        4.88679e-05         0.00109541          0.0477686         0.00342734          0.0960633        5.66618e-06        1.09271e-13         8.5817e-15         9.3237e-13        3.12018e-12         0.00673791           0.111876         3.3613e-09        1.02678e-11        7.33119e-15            0.73276
70         0.00177084        2.51183e-05        4.42399e-06             101325           0.176126        4.42399e-06            1912.25                  0           0.940667            103.654        2.63736e+08        0.000211491         4.6795e-05          0.0010642           0.047661          0.0033904          0.0961516        5.54956e-06        6.53402e-14        5.11575e-15        5.59197e-13        1.84731e-12         0.00657123           0.112138        3.13161e-09         8.9199e-12        4.41729e-15            0.73276
71         0.00179596        2.51183e-05        4.41885e-06             101325           0.175922        4.41885e-06            1914.86                  0           0.942238            97.9205        2.50212e+08         0.00020602        4.48107e-05         0.00103388          0.0475568         0.00335349          0.0962379         5.4352e-06        3.91625e-14        3.05689e-15        3.36356e-13        1.09739e-12         0.00640903           0.112393        2.91812e-09        7.97874e-12        2.68366e-15            0.73276
72         0.00182107        2.51183e-05        4.41386e-06             101325           0.175723        4.41386e-06            1917.39                  0           0.943768            92.5808        2.37411e+08        0.000200675        4.29104e-05         0.00100441          0.0474558         0.00331659          0.0963223        5.32298e-06        2.35291e-14        1.83112e-15         2.0291e-13          6.541e-13         0.00625096           0.112641        2.71946e-09        7.28479e-12         1.6484e-15            0.73276
73         0.00184619        2.51183e-05        4.40903e-06             101325           0.175531        4.40903e-06            1919.85                  0           0.945261            87.5923        2.25282e+08        0.000195452        4.10897e-05        0.000975753          0.0473578         0.00327974          0.0964049        5.21278e-06        1.41716e-14        1.09965e-15         1.2277e-13        3.91188e-13         0.00609673           0.112883        2.53445e-09        6.74378e-12        1.02738e-15            0.73276
74         0.00187131        2.51183e-05        4.40434e-06             101325           0.175344        4.40434e-06            1922.25                  0            0.94672            82.9182        2.13779e+08        0.000190344        3.93443e-05        0.000947874          0.0472625         0.00324291          0.0964858        5.10453e-06        8.55731e-15        6.62094e-16        7.45041e-14         2.3474e-13         0.00594608            0.11312        2.36201e-09        6.29973e-12        6.52735e-16            0.73276
75         0.00189643        2.51183e-05        4.39978e-06             101325           0.175162        4.39978e-06            1924.59                  0           0.948145            78.5271        2.02861e+08         0.00018535        3.76704e-05        0.000920741          0.0471699         0.00320613           0.096565        4.99811e-06        5.18079e-15        3.99713e-16         4.5351e-14        1.41338e-13          0.0057988           0.113351        2.20116e-09        5.91919e-12        4.25058e-16            0.73276
76         0.00192155        2.51183e-05        4.39534e-06             101325           0.174986        4.39534e-06            1926.87                  0            0.94954            74.3919        1.92491e+08        0.000180464        3.60643e-05        0.000894321          0.0470797         0.00316938          0.0966426        4.89347e-06        3.14503e-15        2.41974e-16        2.76905e-14        8.53888e-14         0.00565466           0.113578        2.05104e-09        5.58198e-12        2.85367e-16            0.73276
77         0.00194666        2.51183e-05        4.39103e-06             101325           0.174814        4.39103e-06             1929.1                  0           0.950906            70.4893        1.82634e+08        0.000175682        3.45227e-05        0.000868586          0.0469919         0.00313267          0.0967186        4.79051e-06        1.91451e-15        1.46898e-16        1.69603e-14        5.17638e-14          0.0055135             0.1138        1.91085e-09        5.27583e-12        1.98568e-16            0.73276
78         0.00197178        2.51183e-05        4.38682e-06             101325           0.174647        4.38682e-06            1931.27                  0           0.952244            66.7993        1.73259e+08        0.000171002        3.30424e-05        0.000843507          0.0469062           0.003096          0.0967932        4.68917e-06        1.16876e-15        8.94378e-17        1.04211e-14        3.14878e-14         0.00537516           0.114017        1.77988e-09        4.99313e-12        1.43726e-16            0.73276
79          0.0019969        2.51183e-05        4.38273e-06             101325           0.174484        4.38273e-06            1933.39                  0           0.953556            63.3045        1.64337e+08         0.00016642        3.16206e-05         0.00081906          0.0468228         0.00305936          0.0968664        4.58941e-06        7.15593e-16        5.46158e-17        6.42394e-15        1.92203e-14          0.0052395            0.11423        1.65747e-09        4.72909e-12        1.08316e-16            0.73276
80         0.00202202        2.51183e-05        4.37874e-06             101325           0.174325        4.37874e-06            1935.46                  0           0.954843            59.9898        1.55844e+08        0.000161933        3.02544e-05        0.000795221          0.0467413         0.00302275          0.0969382        4.49116e-06        4.39457e-16        3.34536e-17        3.97299e-15        1.17732e-14         0.00510641           0.114439        1.54303e-09        4.48059e-12        8.48214e-17            0.73276
81         0.00204714        2.51183e-05        4.37485e-06             101325            0.17417        4.37485e-06            1937.48                  0           0.956106             56.842        1.47754e+08        0.000157537        2.89414e-05        0.000771968          0.0466618         0.00298618          0.0970087        4.39438e-06        2.70719e-16        2.05559e-17        2.46543e-15        7.23692e-15         0.00497577           0.114645        1.43601e-09        4.24557e-12        6.87106e-17            0.73276
82         0.00207226        2.51183e-05        4.37105e-06             101325           0.174019        4.37105e-06            1939.47                  0           0.957345            53.8496        1.40046e+08        0.000153232        2.76793e-05         0.00074928          0.0465842         0.00294964          0.0970779        4.29904e-06        1.67311e-16         1.2672e-17        1.53518e-15        4.46432e-15          0.0048475           0.114846        1.33593e-09        4.02257e-12        5.72412e-17            0.73276
83         0.00209737        2.51183e-05        4.36735e-06             101325           0.173871        4.36735e-06             1941.4                  0           0.958562            51.0026          1.327e+08        0.000149013        2.64658e-05         0.00072714          0.0465085         0.00291313          0.0971459        4.20509e-06        1.03751e-16        7.83822e-18        9.59299e-16        2.76384e-15         0.00472152           0.115044        1.24233e-09        3.81054e-12        4.87437e-17            0.73276
84         0.00212249        2.51183e-05        4.36373e-06             101325           0.173727        4.36373e-06             1943.3                  0           0.959758             48.292        1.25697e+08        0.000144879         2.5299e-05        0.000705531          0.0464345         0.00287665          0.0972126        4.11253e-06        6.45642e-17        4.86542e-18        6.01618e-16        1.71728e-15         0.00459775           0.115239        1.15478e-09        3.60868e-12        4.21946e-17            0.73276
85         0.00214761        2.51183e-05         4.3602e-06             101325           0.173587         4.3602e-06            1945.15                  0           0.960932            45.7099        1.19021e+08        0.000140828        2.41771e-05        0.000684436          0.0463622          0.0028402          0.0972783        4.02131e-06        4.03291e-17        3.03131e-18        3.78715e-16        1.07093e-15         0.00447615            0.11543        1.07291e-09        3.41635e-12        3.69607e-17            0.73276
86         0.00217273        2.51183e-05        4.35675e-06             101325           0.173449        4.35675e-06            1946.97                  0           0.962087            43.2494        1.12656e+08        0.000136858        2.30982e-05        0.000663842          0.0462916         0.00280378          0.0973428        3.93144e-06        2.52924e-17        1.89605e-18        2.39328e-16         6.7033e-16         0.00435667           0.115617        9.96349e-10        3.23302e-12        3.26457e-17            0.73276
87         0.00219785        2.51183e-05        4.35337e-06             101325           0.173315        4.35337e-06            1948.75                  0           0.963221            40.9042        1.06588e+08        0.000132968        2.20607e-05        0.000643736          0.0462226         0.00276741          0.0974061        3.84289e-06        1.59317e-17        1.19098e-18        1.51862e-16        4.21158e-16         0.00423926           0.115802        9.24777e-10        3.05822e-12        2.89978e-17            0.73276
88         0.00222297        2.51183e-05        4.35008e-06             101325           0.173184        4.35008e-06            1950.49                  0           0.964335            38.6686        1.00802e+08        0.000129156        2.10632e-05        0.000624106          0.0461553         0.00273107          0.0974684        3.75567e-06        1.00842e-17         7.5156e-19        9.67786e-17        2.65615e-16          0.0041239           0.115983        8.57884e-10        2.89157e-12        2.58539e-17            0.73276
89         0.00224808        2.51183e-05        4.34686e-06             101325           0.173056        4.34686e-06            1952.19                  0            0.96543            36.5375        9.52862e+07        0.000125421        2.01042e-05        0.000604941          0.0460896         0.00269478          0.0975297        3.66977e-06        6.41792e-18        4.76699e-19        6.19615e-17        1.68166e-16         0.00401055           0.116161        7.95386e-10         2.7327e-12        2.31055e-17            0.73276
90          0.0022732        2.51183e-05        4.34371e-06             101325            0.17293        4.34371e-06            1953.86                  0           0.966506            34.5064        9.00292e+07        0.000121762        1.91824e-05        0.000586232          0.0460254         0.00265854          0.0975899         3.5852e-06        4.11039e-18        3.04111e-19        3.98703e-17        1.06888e-16          0.0038992           0.116336        7.37018e-10        2.58128e-12        2.06783e-17            0.73276
91         0.00229832        2.51183e-05        4.34063e-06             101325           0.172808        4.34063e-06            1955.49                  0           0.967564            32.5708        8.50197e+07        0.000118179        1.82965e-05        0.000567971          0.0459627         0.00262236          0.0976491        3.50196e-06          2.652e-18        1.95298e-19        2.57981e-17        6.82125e-17         0.00378984           0.116508        6.82531e-10        2.43701e-12        1.85198e-17            0.73276
92         0.00232344        2.51183e-05        4.33763e-06             101325           0.172688        4.33763e-06            1957.09                  0           0.968602             30.727        8.02474e+07        0.000114669        1.74454e-05        0.000550148          0.0459016         0.00258624          0.0977072        3.42006e-06        1.72609e-18        1.26391e-19        1.67968e-17        4.37102e-17         0.00368244           0.116677        6.31692e-10         2.2996e-12         1.6591e-17            0.73276
93         0.00234856        2.51183e-05        4.33469e-06             101325           0.172571        4.33469e-06            1958.66                  0           0.969622            28.9712        7.57027e+07        0.000111234         1.6628e-05        0.000532758           0.045842         0.00255021          0.0977644        3.33952e-06        1.13529e-18        8.25455e-20        1.10138e-17        2.81279e-17         0.00357702           0.116842        5.84283e-10        2.16879e-12        1.48624e-17            0.73276
94         0.00237368        2.51183e-05        4.33182e-06             101325           0.172457        4.33182e-06            1960.19                  0           0.970624               27.3        7.13762e+07        0.000107872        1.58431e-05        0.000515793          0.0457839         0.00251425          0.0978206        3.26036e-06        7.56182e-19        5.44964e-20        7.28093e-18        1.81801e-17         0.00347356           0.117005          5.401e-10        2.04432e-12        1.33101e-17            0.73276
95         0.00239879        2.51183e-05        4.32902e-06             101325           0.172346        4.32902e-06            1961.69                  0           0.971607            25.7102        6.72595e+07        0.000104582        1.50898e-05        0.000499249          0.0457273          0.0024784          0.0978757        3.18258e-06        5.11322e-19        3.64441e-20         4.8591e-18        1.18042e-17         0.00337207           0.117164         4.9895e-10        1.92595e-12        1.19149e-17            0.73276
96         0.00242391        2.51183e-05        4.32628e-06             101325           0.172236        4.32628e-06            1963.16                  0           0.972571            24.1988         6.3344e+07        0.000101365        1.43671e-05        0.000483118          0.0456721         0.00244266          0.0979299        3.10622e-06        3.51965e-19        2.47448e-20        3.27902e-18        7.70139e-18         0.00327255           0.117321         4.6065e-10        1.81346e-12        1.06602e-17            0.73276
97         0.00244903        2.51183e-05        4.32361e-06             101325            0.17213        4.32361e-06            1964.59                  0           0.973517            22.7628         5.9622e+07        9.82201e-05        1.36741e-05        0.000467398          0.0456185         0.00240704          0.0979832         3.0313e-06        2.47318e-19        1.71015e-20        2.24165e-18        5.05042e-18         0.00317501           0.117474        4.25029e-10        1.70661e-12          9.532e-18            0.73276
98         0.00247415        2.51183e-05          4.321e-06             101325           0.172026          4.321e-06               1966                  0           0.974445            21.3995        5.60858e+07        9.51471e-05        1.30099e-05        0.000452082          0.0455662         0.00237156          0.0980354        2.95783e-06        1.77857e-19        1.20604e-20        1.55576e-18        3.33034e-18         0.00307945           0.117624        3.91925e-10        1.60519e-12        8.51772e-18            0.73276
99         0.00249927        2.51183e-05        4.31845e-06             101325           0.171925        4.31845e-06            1967.37                  0           0.975354            20.1061        5.27282e+07        9.21457e-05        1.23736e-05        0.000437167          0.0455155         0.00233624          0.0980867        2.88586e-06         1.3116e-19        8.69818e-21        1.09856e-18        2.20942e-18         0.00298588           0.117771        3.61183e-10        1.50901e-12        7.60636e-18            0.73276
100         0.00252438        2.51183e-05        4.31596e-06             101325           0.171826        4.31596e-06            1968.71                  0           0.976244              18.88        4.95423e+07        8.92158e-05        1.17645e-05        0.000422649          0.0454662         0.00230108           0.098137         2.8154e-06        9.92856e-20        6.42605e-21         7.9095e-19        1.47566e-18         0.00289432           0.117915        3.32658e-10        1.41785e-12        6.78802e-18            0.73276
101          0.0025495        2.51183e-05        4.31354e-06             101325           0.171729        4.31354e-06            1970.02                  0           0.977116            17.7187        4.65213e+07        8.63572e-05        1.11816e-05        0.000408524          0.0454183         0.00226612          0.0981863        2.74647e-06        7.71398e-20        4.86675e-21        5.81724e-19        9.93065e-19         0.00280476           0.118056        3.06212e-10        1.33152e-12        6.05374e-18            0.73276
102         0.00257462        2.51183e-05        4.31118e-06             101325           0.171635        4.31118e-06            1971.29                  0           0.977969            16.6198        4.36586e+07        8.35699e-05        1.06242e-05        0.000394789          0.0453719         0.00223136          0.0982346        2.67911e-06        6.14373e-20        3.77752e-21         4.3762e-19        6.74081e-19         0.00271723           0.118193        2.81716e-10        1.24984e-12        5.39545e-18            0.73276
103         0.00259974        2.51183e-05        4.30888e-06             101325           0.171544        4.30888e-06            1972.54                  0           0.978804            15.5807         4.0948e+07        8.08537e-05        1.00916e-05         0.00038144          0.0453269         0.00219683           0.098282        2.61335e-06        5.00489e-20        3.00132e-21        3.36925e-19        4.62116e-19         0.00263172           0.118327        2.59044e-10        1.17262e-12        4.80581e-18            0.73276
104         0.00262486        2.51183e-05        4.30664e-06             101325           0.171454        4.30664e-06            1973.75                  0           0.979619            14.5991        3.83834e+07        7.82084e-05        9.58294e-06        0.000368473          0.0452834         0.00216255          0.0983284         2.5492e-06        4.15865e-20          2.436e-21        2.65401e-19        3.20452e-19         0.00254825           0.118459        2.38079e-10        1.09967e-12        4.27815e-18            0.73276
105         0.00264998        2.51183e-05        4.30445e-06             101325           0.171368        4.30445e-06            1974.94                  0           0.980416            13.6727        3.59587e+07        7.56339e-05        9.09751e-06        0.000355886          0.0452412         0.00212853          0.0983738         2.4867e-06        3.51388e-20        2.01464e-21        2.13661e-19        2.25176e-19         0.00246683           0.118586         2.1871e-10        1.03082e-12        3.80639e-18            0.73276
106         0.00267509        2.51183e-05        4.30233e-06             101325           0.171283        4.30233e-06            1976.09                  0           0.981193            12.7992        3.36682e+07          7.313e-05        8.63456e-06        0.000343674          0.0452005          0.0020948          0.0984182        2.42586e-06         3.0103e-20        1.69311e-21        1.75483e-19        1.60648e-19         0.00238746           0.118711        2.00832e-10        9.65896e-13        3.38501e-18            0.73276
107         0.00270021        2.51183e-05        4.30027e-06             101325           0.171201        4.30027e-06            1977.21                  0           0.981952            11.9764        3.15063e+07        7.06964e-05        8.19339e-06        0.000331834          0.0451611         0.00206137          0.0984616         2.3667e-06        2.60767e-20        1.44203e-21        1.46713e-19        1.16603e-19         0.00231015           0.118833        1.84345e-10        9.04732e-13        3.00899e-18            0.73276
108         0.00272533        2.51183e-05        4.29826e-06             101325           0.171121        4.29826e-06            1978.31                  0           0.982691            11.2019        2.94674e+07         6.8333e-05        7.77327e-06        0.000320364          0.0451231         0.00202828           0.098504        2.30926e-06        2.27883e-20        1.24167e-21        1.24565e-19        8.62709e-20          0.0022349           0.118951        1.69153e-10        8.47159e-13        2.67376e-18            0.73276
109         0.00275045        2.51183e-05        4.29631e-06             101325           0.171043        4.29631e-06            1979.37                  0           0.983411            10.4738        2.75462e+07        6.60395e-05        7.37349e-06        0.000309258          0.0450865         0.00199554          0.0985455        2.25353e-06        2.00521e-20        1.07859e-21        1.07148e-19        6.51716e-20         0.00216172           0.119066        1.55168e-10        7.93017e-13        2.37516e-18            0.73276
110         0.00277557        2.51183e-05        4.29442e-06             101325           0.170968        4.29442e-06             1980.4                  0           0.984112            9.78969        2.57374e+07        6.38154e-05        6.99338e-06        0.000298513          0.0450512         0.00196318          0.0985859        2.19954e-06        1.77394e-20        9.43543e-22        9.31718e-20        5.03253e-20          0.0020906           0.119178        1.42305e-10        7.42147e-13        2.10944e-18            0.73276
111         0.00280069        2.51183e-05        4.29259e-06             101325           0.170895        4.29259e-06             1981.4                  0           0.984794            9.14766         2.4036e+07        6.16604e-05        6.63223e-06        0.000288125          0.0450173         0.00193122          0.0986253         2.1473e-06        1.57591e-20        8.30049e-22        8.17456e-20        3.97419e-20         0.00202153           0.119286        1.30485e-10        6.94395e-13        1.87318e-18            0.73276
112          0.0028258        2.51183e-05        4.29081e-06             101325           0.170824        4.29081e-06            1982.37                  0           0.985457             8.5456        2.24369e+07        5.95741e-05        6.28936e-06        0.000278089          0.0449846         0.00189967          0.0986638        2.09682e-06        1.40458e-20        7.33492e-22        7.22465e-20        3.20857e-20         0.00195453           0.119391        1.19632e-10         6.4961e-13        1.66328e-18            0.73276
113         0.00285092        2.51183e-05        4.28908e-06             101325           0.170756        4.28908e-06            1983.32                  0             0.9861            7.98152        2.09354e+07        5.75558e-05        5.96412e-06        0.000268402          0.0449533         0.00186857          0.0987012         2.0481e-06        1.25512e-20        6.50519e-22        6.42332e-20         2.6456e-20         0.00188958           0.119493        1.09675e-10        6.07646e-13        1.47695e-18            0.73276
114         0.00287604        2.51183e-05        4.28742e-06             101325           0.170689        4.28742e-06            1984.23                  0           0.986725            7.45346        1.95266e+07        5.56051e-05        5.65583e-06        0.000259059          0.0449233         0.00183793          0.0987376        2.00114e-06        1.12392e-20        5.78643e-22         5.7389e-20        2.22421e-20         0.00182667           0.119592        1.00547e-10         5.6836e-13        1.31167e-18            0.73276
115         0.00290116        2.51183e-05         4.2858e-06             101325           0.170625         4.2858e-06            1985.12                  0            0.98733            6.95953         1.8206e+07        5.37212e-05        5.36384e-06        0.000250054          0.0448944         0.00180777          0.0987731        1.95594e-06        1.00818e-20        5.15983e-22         5.1482e-20        1.90276e-20         0.00176579           0.119688        9.21872e-11        5.31614e-13        1.16516e-18            0.73276
116         0.00292628        2.51183e-05        4.28424e-06             101325           0.170563        4.28424e-06            1985.97                  0           0.987917            6.49786         1.6969e+07        5.19036e-05        5.08751e-06        0.000241383          0.0448669         0.00177813          0.0988075         1.9125e-06        9.05698e-21        4.61079e-22        4.63401e-20        1.65268e-20         0.00170693            0.11978        8.45355e-11        4.97272e-13        1.03537e-18            0.73276
117          0.0029514        2.51183e-05        4.28274e-06             101325           0.170503        4.28274e-06             1986.8                  0           0.988484            6.06666        1.58115e+07        5.01513e-05        4.82621e-06         0.00023304          0.0448405         0.00174901          0.0988409         1.8708e-06        8.14697e-21        4.12781e-22        4.18325e-20        1.45422e-20         0.00165007            0.11987        7.75373e-11        4.65206e-13        9.20452e-19            0.73276
118         0.00297651        2.51183e-05        4.28128e-06             101325           0.170445        4.28128e-06             1987.6                  0           0.989033            5.66421        1.47291e+07        4.84637e-05        4.57931e-06         0.00022502          0.0448153         0.00172045          0.0988734        1.83085e-06         7.3372e-21        3.70161e-22        3.78586e-20        1.29367e-20         0.00159519           0.119956        7.11412e-11         4.3529e-13         8.1876e-19            0.73276
119         0.00300163        2.51183e-05        4.27988e-06             101325           0.170389        4.27988e-06            1988.37                  0           0.989564            5.28881        1.37177e+07        4.68397e-05        4.34621e-06        0.000217316          0.0447913         0.00169245          0.0989048        1.79261e-06        6.61547e-21        3.32459e-22        3.43389e-20        1.16138e-20         0.00154228           0.120039        6.52993e-11        4.07401e-13         7.2881e-19            0.73276
120         0.00302675        2.51183e-05        4.27853e-06             101325           0.170335        4.27853e-06            1989.11                  0           0.990076            4.93887        1.27735e+07        4.52784e-05         4.1263e-06        0.000209924          0.0447684         0.00166504          0.0989352        1.75607e-06        5.97144e-21        2.99042e-22          3.121e-20        1.05052e-20          0.0014913           0.120119        5.99669e-11        3.81423e-13        6.49274e-19            0.73276
121         0.00305187        2.51183e-05        4.27723e-06             101325           0.170284        4.27723e-06            1989.83                  0            0.99057            4.61283        1.18927e+07        4.37789e-05        3.91901e-06        0.000202837          0.0447465         0.00163824          0.0989647         1.7212e-06        5.39622e-21        2.69377e-22        2.84199e-20        9.56218e-21         0.00144225           0.120196        5.51023e-11        3.57245e-13        5.78969e-19            0.73276
122         0.00307699        2.51183e-05        4.27598e-06             101325           0.170234        4.27598e-06            1990.52                  0           0.991045            4.30922        1.10715e+07          4.234e-05        3.72376e-06        0.000196048          0.0447258         0.00161205          0.0989932        1.68798e-06         4.8821e-21        2.43009e-22        2.59259e-20        8.74933e-21         0.00139508            0.12027        5.06669e-11        3.34758e-13        5.16836e-19            0.73276
123          0.0031021        2.51183e-05        4.27478e-06             101325           0.170186        4.27478e-06            1991.18                  0           0.991503            4.02661        1.03064e+07        4.09607e-05        3.53999e-06        0.000189552           0.044706         0.00158651          0.0990207        1.65639e-06        4.42234e-21        2.19547e-22         2.3692e-20        8.04075e-21         0.00134977           0.120341         4.6625e-11         3.1386e-13        4.61933e-19            0.73276
124         0.00312722        2.51183e-05        4.27362e-06             101325            0.17014        4.27362e-06            1991.82                  0           0.991944            3.76366        9.59414e+06        3.96399e-05        3.36717e-06         0.00018334          0.0446873         0.00156163          0.0990472        1.62638e-06        4.01102e-21        1.98652e-22        2.16878e-20        7.41716e-21          0.0013063            0.12041        4.29433e-11        2.94451e-13        4.13423e-19            0.73276
125         0.00315234        2.51183e-05        4.27251e-06             101325           0.170096        4.27251e-06            1992.43                  0           0.992367            3.51909        8.93144e+06        3.83762e-05        3.20477e-06        0.000177408          0.0446696         0.00153741          0.0990728        1.59792e-06         3.6429e-21         1.8003e-22        1.98871e-20        6.86404e-21         0.00126462           0.120475        3.95911e-11         2.7644e-13        3.70561e-19            0.73276
126         0.00317746        2.51183e-05        4.27145e-06             101325           0.170054        4.27145e-06            1993.02                  0           0.992773             3.2917        8.31524e+06        3.71685e-05        3.05228e-06        0.000171748          0.0446527         0.00151388          0.0990974        1.57097e-06        3.31336e-21        1.63422e-22        1.82674e-20        6.37023e-21         0.00122472           0.120538        3.65402e-11        2.59736e-13        3.32686e-19            0.73276
127         0.00320258        2.51183e-05        4.27044e-06             101325           0.170013        4.27044e-06            1993.58                  0           0.993163            3.08035        7.74262e+06        3.60156e-05        2.90921e-06        0.000166352          0.0446368         0.00149104          0.0991211         1.5455e-06        3.01827e-21        1.48602e-22         1.6809e-20        5.92705e-21         0.00118655           0.120598        3.37645e-11        2.44256e-13        2.99213e-19            0.73276
128          0.0032277        2.51183e-05        4.26946e-06             101325           0.169975        4.26946e-06            1994.12                  0           0.993536            2.88396         7.2108e+06        3.49162e-05        2.77508e-06        0.000161215          0.0446218          0.0014689          0.0991438        1.52146e-06        2.75398e-21         1.3537e-22        1.54947e-20        5.52762e-21         0.00115007           0.120655        3.12401e-11        2.29919e-13        2.69624e-19            0.73276
129         0.00325281        2.51183e-05        4.26854e-06             101325           0.169938        4.26854e-06            1994.63                  0           0.993892            2.70154        6.71716e+06         3.3869e-05        2.64945e-06        0.000156329          0.0446076         0.00144748          0.0991657        1.49881e-06        2.51721e-21        1.23551e-22        1.43096e-20        5.16638e-21         0.00111527            0.12071        2.89449e-11        2.16649e-13        2.43462e-19            0.73276
130         0.00327793        2.51183e-05        4.26765e-06             101325           0.169902        4.26765e-06            1995.12                  0           0.994233            2.53216        6.25925e+06        3.28727e-05        2.53188e-06        0.000151688          0.0445942         0.00142679          0.0991866        1.47751e-06        2.30507e-21        1.12988e-22        1.32401e-20        4.83882e-21         0.00108209           0.120762        2.68588e-11        2.04377e-13        2.20323e-19            0.73276
131         0.00330305        2.51183e-05        4.26681e-06             101325           0.169869        4.26681e-06            1995.59                  0           0.994558            2.37494        5.83473e+06        3.19261e-05        2.42195e-06        0.000147284          0.0445816         0.00140683          0.0992066         1.4575e-06        2.11496e-21        1.03546e-22        1.22746e-20        4.54117e-21          0.0010505           0.120811        2.49633e-11        1.93034e-13         1.9985e-19            0.73276
132         0.00332817        2.51183e-05          4.266e-06             101325           0.169837          4.266e-06            1996.03                  0           0.994868            2.22909        5.44143e+06        3.10279e-05        2.31927e-06        0.000143111          0.0445698         0.00138761          0.0992257        1.43874e-06        1.94457e-21        9.51008e-23        1.14026e-20        4.27027e-21         0.00102048           0.120859        2.32416e-11        1.82559e-13        1.81729e-19            0.73276
133         0.00335329        2.51183e-05        4.26524e-06             101325           0.169806        4.26524e-06            1996.46                  0           0.995163            2.09386        5.07733e+06        3.01769e-05        2.22345e-06        0.000139163          0.0445587         0.00136915           0.099244        1.42119e-06        1.79184e-21        8.75465e-23        1.06149e-20        4.02341e-21        0.000991979           0.120903        2.16783e-11        1.72893e-13        1.65685e-19            0.73276
134         0.00337841        2.51183e-05        4.26452e-06             101325           0.169778        4.26452e-06            1996.86                  0           0.995443            1.96859        4.74055e+06        2.93719e-05        2.13414e-06        0.000135433          0.0445482         0.00135143          0.0992613        1.40479e-06        1.65493e-21        8.07874e-23        9.90312e-21        3.79831e-21         0.00096497           0.120946        2.02595e-11        1.63981e-13        1.51474e-19            0.73276
135         0.00340352        2.51183e-05        4.26383e-06             101325            0.16975        4.26383e-06            1997.24                  0           0.995709            1.85267        4.42933e+06        2.86116e-05        2.05101e-06        0.000131915          0.0445385         0.00133448          0.0992779        1.38951e-06        1.53223e-21        7.47392e-23        9.26003e-21        3.59295e-21        0.000939419           0.120986        1.89725e-11        1.55773e-13        1.38883e-19            0.73276
136         0.00342864        2.51183e-05        4.26318e-06             101325           0.169725        4.26318e-06             1997.6                  0            0.99596            1.74552        4.14208e+06        2.78951e-05        1.97375e-06        0.000128603          0.0445294         0.00131829          0.0992935         1.3753e-06        1.42226e-21        6.93273e-23        8.67909e-21        3.40559e-21        0.000915295           0.121024        1.78058e-11        1.48222e-13        1.27726e-19            0.73276
137         0.00345376        2.51183e-05        4.26257e-06             101325             0.1697        4.26257e-06            1997.94                  0           0.996198            1.64666        3.87732e+06        2.72213e-05        1.90206e-06        0.000125493          0.0445208         0.00130288          0.0993083         1.3621e-06        1.32376e-21         6.4486e-23        8.15451e-21         3.2347e-21         0.00089257           0.121059         1.6749e-11        1.41285e-13        1.17838e-19            0.73276
138         0.00347888        2.51183e-05          4.262e-06             101325           0.169677          4.262e-06            1998.25                  0           0.996422            1.55563        3.63371e+06        2.65892e-05        1.83567e-06        0.000122578          0.0445129         0.00128826          0.0993223         1.3499e-06        1.23557e-21        6.01571e-23        7.68115e-21        3.07895e-21        0.000871217           0.121093        1.57929e-11        1.34923e-13        1.09077e-19            0.73276
139           0.003504        2.51183e-05        4.26146e-06             101325           0.169656        4.26146e-06            1998.55                  0           0.996633            1.47204        3.41003e+06        2.59979e-05        1.77434e-06        0.000119855          0.0445056         0.00127442          0.0993355        1.33863e-06        1.15669e-21        5.62894e-23        7.25445e-21        2.93716e-21        0.000851213           0.121124         1.4929e-11        1.29099e-13        1.01318e-19            0.73276
140         0.00352912        2.51183e-05        4.26096e-06             101325           0.169636        4.26096e-06            1998.83                  0            0.99683            1.39553        3.20518e+06        2.54468e-05        1.71784e-06         0.00011732          0.0444988         0.00126138          0.0993478        1.32826e-06        1.08624e-21         5.2838e-23         6.8704e-21        2.80831e-21        0.000832537           0.121154        1.41498e-11         1.2378e-13        9.44518e-20            0.73276
141         0.00355423        2.51183e-05        4.26049e-06             101325           0.169617        4.26049e-06            1999.09                  0           0.997014             1.3258        3.01818e+06        2.49351e-05        1.66597e-06        0.000114968          0.0444925         0.00124915          0.0993593        1.31877e-06        1.02342e-21        4.97637e-23        6.52547e-21        2.69148e-21        0.000815173           0.121181        1.34489e-11        1.18938e-13        8.83839e-20            0.73276
142         0.00357935        2.51183e-05        4.26005e-06             101325             0.1696        4.26005e-06            1999.34                  0           0.997186            1.26257        2.84817e+06        2.44623e-05        1.61855e-06        0.000112798          0.0444868         0.00123775            0.09937        1.31011e-06        9.67557e-22         4.7032e-23        6.21657e-21         2.5859e-21         0.00079911           0.121206        1.28202e-11        1.14547e-13         8.3033e-20            0.73276
143         0.00360447        2.51183e-05        4.25965e-06             101325           0.169584        4.25965e-06            1999.56                  0           0.997344             1.2056        2.69438e+06        2.40283e-05        1.57545e-06        0.000110807          0.0444815         0.00122718          0.0993799        1.30225e-06        9.18066e-22        4.46136e-23        5.94104e-21         2.4909e-21        0.000784341           0.121229        1.22587e-11        1.10584e-13        7.83287e-20            0.73276
144         0.00362959        2.51183e-05        4.25929e-06             101325           0.169569        4.25929e-06            1999.76                  0           0.997489            1.15468        2.55613e+06        2.36327e-05        1.53652e-06        0.000108994          0.0444768         0.00121747          0.0993889        1.29518e-06        8.74439e-22        4.24831e-23        5.69659e-21        2.40593e-21        0.000770865           0.121251        1.17601e-11        1.07031e-13        7.42115e-20            0.73276
145         0.00365471        2.51183e-05        4.25896e-06             101325           0.169556        4.25896e-06            1999.94                  0           0.997621            1.10962        2.43287e+06        2.32757e-05        1.50169e-06         0.00010736          0.0444725         0.00120864          0.0993971        1.28887e-06         8.3625e-22        4.06191e-23        5.48133e-21        2.33053e-21        0.000758689            0.12127        1.13206e-11        1.03871e-13        7.06311e-20            0.73276
146         0.00367982        2.51183e-05        4.25866e-06             101325           0.169545        4.25866e-06            2000.11                  0           0.997741            1.07025        2.32411e+06        2.29574e-05        1.47089e-06        0.000105904          0.0444687         0.00120072          0.0994044        1.28331e-06        8.03147e-22        3.90041e-23        5.29371e-21        2.26434e-21        0.000747827           0.121287        1.09374e-11        1.01092e-13        6.75459e-20            0.73276
147         0.00370494        2.51183e-05        4.25841e-06             101325           0.169534        4.25841e-06            2000.25                  0           0.997847            1.03639        2.22944e+06        2.26786e-05        1.44409e-06         0.00010463          0.0444654         0.00119374          0.0994108        1.27848e-06        7.74851e-22        3.76242e-23        5.13252e-21         2.2071e-21          0.0007383           0.121302         1.0608e-11        9.86867e-14        6.49226e-20            0.73276
148         0.00373006        2.51183e-05        4.25819e-06             101325           0.169526        4.25819e-06            2000.37                  0           0.997939            1.00787        2.14855e+06          2.244e-05        1.42128e-06         0.00010354          0.0444626         0.00118773          0.0994163        1.27438e-06        7.51154e-22        3.64689e-23        4.99693e-21        2.15868e-21         0.00073014           0.121315        1.03308e-11        9.66495e-14        6.27357e-20            0.73276
149         0.00375518        2.51183e-05          4.258e-06             101325           0.169518          4.258e-06            2000.48                  0           0.998017           0.984489        2.08118e+06        2.22427e-05        1.40253e-06        0.000102639          0.0444603         0.00118274          0.0994209        1.27101e-06        7.31917e-22        3.55314e-23        4.88644e-21        2.11903e-21        0.000723388           0.121325        1.01048e-11          9.498e-14        6.09673e-20            0.73276
150          0.0037803        2.51183e-05        4.25786e-06             101325           0.169512        4.25786e-06            2000.56                  0           0.998081           0.966065        2.02718e+06        2.20881e-05         1.3879e-06        0.000101934          0.0444585         0.00117882          0.0994245         1.2684e-06        7.17073e-22        3.48081e-23        4.80092e-21        2.08822e-21        0.000718098           0.121334        9.92993e-12        9.36819e-14        5.96071e-20            0.73276
151         0.00380542        2.51183e-05        4.25776e-06             101325           0.169508        4.25776e-06            2000.61                  0            0.99813           0.952398        1.98646e+06        2.19781e-05        1.37752e-06        0.000101432          0.0444572         0.00117602          0.0994271        1.26654e-06        7.06623e-22        3.42989e-23        4.74056e-21        2.06641e-21         0.00071433           0.121339        9.80648e-12        9.27626e-14        5.86517e-20            0.73276
152         0.00383053        2.51183e-05         4.2577e-06             101325           0.169506         4.2577e-06            2000.65                  0           0.998164           0.943324        1.95909e+06        2.19145e-05        1.37153e-06        0.000101142          0.0444565          0.0011744          0.0994285        1.26547e-06        7.00625e-22        3.40067e-23        4.70587e-21        2.05384e-21         0.00071215           0.121343        9.73552e-12         9.2233e-14        5.81041e-20            0.73276
