# Time 0.00071
# eta = 0.002
# length = 0.000227557
#--- 	  	 LEM Line data  --- 
#(1) wafer              (2) x             (3) dx              (4) m              (5) p            (6) rho              (7) m              (8) T              (9) Z             (10) C          (11) dCdt       (12) heatRel                  (13) Y_H2                  (14) Y_H                  (15) Y_O                  (16) Y_O2                  (17) Y_OH                  (18) Y_H2O                  (19) Y_HO2                  (20) Y_CH2                  (21) Y_CH2(S)                  (22) Y_CH3                  (23) Y_CH4                  (24) Y_CO                  (25) Y_CO2                  (26) Y_HCO                  (27) Y_CH2O                  (28) Y_CH2OH                  (29) Y_N2
0        1.25591e-05        2.51183e-05        2.83427e-05             101325            1.12837        2.83427e-05            300.872                  0                  0                  0       6.35734e-310        6.49939e-08        3.13201e-17        9.07695e-13           0.222524        2.57622e-12        4.21758e-05        3.51806e-08        5.36578e-17        2.78527e-18        3.96938e-07          0.0446226         2.2553e-06        4.82274e-05        3.88534e-17         2.2108e-07        6.12981e-21            0.73276
1        3.76774e-05        2.51183e-05        2.83093e-05             101325            1.12704        2.83093e-05            301.226                  0        0.000429338        2.17279e-07            9.03239        9.60093e-08        5.13818e-17        1.04378e-12           0.222494        3.65739e-12        5.94362e-05        4.90022e-08        1.03851e-16        5.39864e-18        5.61552e-07          0.0446147        3.36896e-06        6.77042e-05        7.57751e-17        3.20749e-07        1.19623e-20            0.73276
2        6.27957e-05        2.51183e-05        2.82599e-05             101325            1.12507        2.82599e-05            301.753                  0         0.00058219        3.06077e-07             16.195         1.4826e-07        8.27431e-17        1.03185e-12           0.222449        5.31298e-12         8.5216e-05        6.89616e-08        2.18569e-16        1.13892e-17        8.10074e-07          0.0446028        5.29122e-06        9.64408e-05        1.61433e-16        4.81656e-07        2.55165e-20            0.73276
3        8.79139e-05        2.51183e-05        2.81838e-05             101325            1.12204        2.81838e-05            302.567                  0        0.000833445        4.66283e-07            32.3512        2.37071e-07        1.35338e-16        9.09651e-13           0.222379        7.95107e-12        0.000125256        9.92711e-08        4.83689e-16        2.52933e-17        1.19892e-06          0.0445842        8.61891e-06        0.000140605         3.6282e-16        7.46481e-07        5.76233e-20            0.73276
4        0.000113032        2.51183e-05        2.80707e-05             101325            1.11754        2.80707e-05            303.784                  0         0.00122081        7.46775e-07            67.8974        3.82686e-07        2.31843e-16        7.11374e-13           0.222275        1.20523e-11        0.000185413        1.43976e-07        1.08747e-15        5.71611e-17        1.78685e-06          0.0445563        1.41736e-05        0.000206198        8.31161e-16        1.16716e-06        1.33468e-19            0.73276
5         0.00013815        2.51183e-05        2.79076e-05             101325            1.11105        2.79076e-05            305.558                  0         0.00179878        1.24269e-06            144.842        6.15727e-07        4.30169e-16        4.89279e-13           0.222122        1.83614e-11        0.000273556        2.08514e-07        2.44011e-15        1.29204e-16        2.65319e-06          0.0445152        2.32259e-05        0.000301056        1.90778e-15        1.81905e-06         3.1254e-19            0.73276
6        0.000163269        2.51183e-05        2.76783e-05             101325            1.10192        2.76783e-05            308.086                  0         0.00263935        2.13991e-06            307.716          9.813e-07        8.72186e-16        2.93412e-13           0.221903        2.80728e-11        0.000399979         3.0012e-07        5.42429e-15        2.90167e-16        3.90188e-06          0.0444562        3.76882e-05         0.00043508        4.35982e-15        2.80868e-06        7.37651e-19            0.73276
7        0.000188387        2.51183e-05        2.73642e-05             101325            1.08942        2.73642e-05            311.617                  0         0.00383508        3.81208e-06            643.421        1.54404e-06         1.8939e-15        1.51966e-13           0.221597        4.31796e-11          0.0005778        4.28415e-07        1.19327e-14        6.47253e-16        5.66536e-06           0.044373        6.03616e-05        0.000620389        9.92155e-15        4.28245e-06        1.76162e-18            0.73276
8        0.000213505        2.51183e-05        2.69453e-05             101325            1.07274        2.69453e-05            316.454                  0         0.00550165        7.02982e-06            1315.58        2.39377e-06        4.29433e-15        6.76649e-14           0.221175        6.71748e-11        0.000823264        6.06263e-07        2.60519e-14        1.43933e-15        8.10706e-06          0.0442578        9.52235e-05        0.000871291        2.25794e-14        6.43563e-06        4.29278e-18            0.73276
9        0.000238623        2.51183e-05        2.64024e-05             101325            1.05112        2.64024e-05            322.949                  0         0.00777913        1.34302e-05             2621.7        3.65103e-06        1.00267e-14        2.60185e-14           0.220606        1.06404e-10         0.00115587        8.51057e-07        5.67179e-14        3.20851e-15        1.14218e-05          0.0441013        0.000147729         0.00120401        5.17069e-14        9.51974e-06        1.07847e-17            0.73276
10        0.000263742        2.51183e-05        2.57198e-05             101325            1.02395        2.57198e-05            331.504                  0          0.0108314        2.65905e-05            5085.19        5.47132e-06        2.40384e-14        9.11662e-15           0.219852        1.72726e-10         0.00159821        1.18663e-06        1.23755e-13        7.20961e-15        1.58329e-05          0.0438925         0.00022507         0.00163615        1.19898e-13        1.38463e-05        2.82064e-17            0.73276
11         0.00028886        2.51183e-05        2.48887e-05             101325           0.990861        2.48887e-05            342.547                  0          0.0148429        5.45428e-05            9599.85        8.04635e-06        5.92361e-14        4.22197e-15           0.218872        2.88606e-10         0.00217547        1.64599e-06        2.71545e-13        1.63872e-14        2.15862e-05          0.0436191        0.000336309         0.00218585        2.82727e-13        1.97843e-05        7.72813e-17            0.73276
12        0.000313978        2.51183e-05        2.39107e-05             101325           0.951927        2.39107e-05             356.52                  0          0.0200127        0.000115697            17654.2        1.16009e-05        1.49937e-13        6.22353e-15           0.217624        4.96737e-10         0.00291452        2.27513e-06        5.99473e-13        3.76772e-14        2.89404e-05          0.0432679        0.000492314         0.00287085        6.78592e-13        2.77496e-05        2.21914e-16            0.73276
13        0.000339097        2.51183e-05        2.27993e-05             101325           0.907677        2.27993e-05            373.846                  0          0.0265461        0.000252731            31679.2        1.63846e-05        3.88045e-13        1.97644e-14           0.216063        8.77494e-10         0.00384277        3.13778e-06        1.32756e-12        8.72639e-14        3.81562e-05          0.0428255        0.000705423         0.00370743        1.65265e-12        3.81858e-05        6.63641e-16            0.73276
14        0.000364215        2.51183e-05        2.15791e-05             101325           0.859101        2.15791e-05             394.91                  0          0.0346446        0.000564523            55593.1        2.26581e-05        1.01882e-12        7.53118e-14           0.214148        1.57858e-09          0.0049868        4.32113e-06        2.93112e-12        2.01998e-13        4.94858e-05          0.0422786        0.000988851         0.00470969        4.05677e-12        5.15387e-05        2.04198e-15            0.73276
15        0.000389333        2.51183e-05        2.02837e-05             101325           0.807529        2.02837e-05            420.027                  0          0.0444962         0.00127679            95667.6        3.06782e-05         2.6923e-12        3.09134e-13           0.211841        2.86177e-09         0.00637118        5.94207e-06        6.40219e-12        4.62683e-13        6.31657e-05           0.041615         0.00135593         0.00588903        9.95197e-12         6.8229e-05        6.37041e-15            0.73276
16        0.000414451        2.51183e-05        1.89506e-05             101325           0.754457        1.89506e-05            449.436                  0          0.0562677         0.00289049             161929         4.0682e-05        7.13085e-12        1.32337e-12           0.209108        5.16897e-09         0.00801752         8.1535e-06        1.37262e-11        1.03812e-12        7.94155e-05          0.0408237         0.00181932         0.00725417        2.41959e-11        8.86291e-05         1.9896e-14            0.73276
17         0.00043957        2.51183e-05        1.76166e-05             101325           0.701346        1.76166e-05            483.288                  0          0.0701009          0.0064727             270456        5.28765e-05        1.89738e-11         5.7713e-12           0.205923        9.20825e-09         0.00994415        1.11503e-05        2.87246e-11        2.26364e-12        9.84425e-05          0.0398956         0.00239042          0.0088116        5.79624e-11        0.000113047        6.18543e-14            0.73276
18        0.000464688        2.51183e-05        1.63135e-05             101325           0.649467        1.63135e-05            521.657                  0          0.0861125          0.0141867             447221        6.74327e-05        5.12154e-11        2.51957e-11           0.202261         1.6071e-08          0.0121662        1.51743e-05        5.86256e-11        4.78235e-12        0.000120453          0.0388228         0.00307896          0.0105662        1.36666e-10        0.000141718        1.92424e-13            0.73276
19        0.000489806        2.51183e-05         1.5066e-05             101325           0.599801         1.5066e-05            564.551                  0           0.104398          0.0302111             734869        8.44867e-05        1.41952e-10        1.08705e-10           0.198104        2.74582e-08          0.0146962        2.05183e-05        1.17597e-10        9.83979e-12        0.000145664          0.0375991         0.00389294          0.0125219        3.18936e-10         0.00017481        6.08463e-13            0.73276
20        0.000514924        2.51183e-05        1.38909e-05             101325           0.553022        1.38909e-05            611.928                  0           0.125037          0.0624059        1.20619e+06        0.000104144        4.06761e-10        4.58759e-10           0.193436        4.63342e-08          0.0175446        2.75266e-05        2.36836e-10        2.00724e-11        0.000174325           0.036219          0.0048388          0.0146826        7.46415e-10         0.00021242        1.99012e-12            0.73276
21        0.000540043        2.51183e-05        1.27981e-05             101325           0.509514        1.27981e-05            663.713                  0           0.148101           0.126037        1.99588e+06        0.000126484         1.1993e-09        1.87523e-09           0.188243        7.90949e-08          0.0207206        3.65912e-05        4.97533e-10        4.20062e-11        0.000206733          0.0346779         0.00592162          0.0170523        1.78498e-09        0.000254583        6.76601e-12            0.73276
22        0.000565161        2.51183e-05        1.17913e-05             101325           0.469431        1.17913e-05            719.812                  0           0.173654           0.254779        3.38622e+06        0.000151573        3.58152e-09         7.3479e-09           0.182511        1.42567e-07          0.0242322         4.8135e-05        1.14034e-09        9.42491e-11        0.000243257          0.0329714          0.0071454          0.0196352        4.43814e-09        0.000301269        2.35642e-11            0.73276
23        0.000590279        2.51183e-05        1.08701e-05             101325           0.432757        1.08701e-05            780.122                  0            0.20176           0.538142        6.04853e+06        0.000179459        1.06169e-08        2.73197e-08           0.176229        2.85159e-07           0.028087        6.25711e-05        2.91238e-09         2.3322e-10         0.00028438          0.0310956         0.00851322          0.0224363        1.15365e-08        0.000352382        8.18956e-11            0.73276
24        0.000615397        2.51183e-05        1.00313e-05             101325           0.399362        1.00313e-05             844.53                  0           0.232481            1.24824        1.17082e+07        0.000210184        3.06948e-08        9.55643e-08           0.169385        6.46023e-07          0.0322909         8.0215e-05        8.08986e-09        6.28258e-10        0.000330747           0.029047          0.0100272          0.0254599        3.09777e-08        0.000407747        2.76979e-10            0.73276
25        0.000640516        2.51183e-05        9.26988e-06             101325           0.369049        9.26988e-06            912.916                  0            0.26587            3.23951        2.48756e+07        0.000243778        8.55664e-08        3.12815e-07           0.161974        1.60801e-06          0.0368477        0.000101116        2.32479e-08        1.76301e-09        0.000383241          0.0268229          0.0116881          0.0287098        8.38644e-08        0.000467091        8.95609e-10            0.73276
26        0.000665634        2.51183e-05        8.58026e-06             101325           0.341594        8.58026e-06            985.138                  0           0.301966            9.09298        5.70537e+07        0.000280249        2.28806e-07        9.56619e-07           0.153995        4.16291e-06          0.0417563        0.000124767        6.61015e-08        4.92774e-09        0.000442967          0.0244226          0.0134947          0.0321875        2.22983e-07        0.000529982         2.7395e-09            0.73276
27        0.000690752        2.51183e-05        7.95668e-06             101325           0.316769        7.95668e-06               1061                  0           0.340771            26.0565        1.36224e+08        0.000319555        5.86008e-07        2.73682e-06           0.145462        1.07144e-05          0.0470067        0.000149648         1.8072e-07        1.33041e-08        0.000510846          0.0218493          0.0154418          0.0358901        5.69905e-07        0.000595669        7.87714e-09            0.73276
28         0.00071587        2.51183e-05        7.39389e-06             101325           0.294363        7.39389e-06             1140.2                  0           0.382218             72.715        3.26251e+08        0.000361566        1.43634e-06        7.34957e-06           0.136397        2.66965e-05          0.0525787        0.000172706        4.67392e-07        3.40775e-08        0.000586315          0.0191111          0.0175202          0.0398128        1.37889e-06        0.000662781        2.12005e-08           0.732759
29        0.000740989        2.51183e-05        6.88755e-06             101325           0.274205        6.88755e-06            1222.22                  0           0.426185            191.907        7.61341e+08        0.000405929        3.35868e-06        1.85858e-05           0.126839        6.34682e-05          0.0584355        0.000189126        1.13035e-06        8.17893e-08        0.000664228          0.0162264          0.0197128          0.0439503        3.12012e-06        0.000728511        5.31233e-08           0.732759
30        0.000766107        2.51183e-05         6.4349e-06             101325           0.256184         6.4349e-06            1306.11                  0           0.472459            469.628        1.69083e+09        0.000451631        7.43521e-06        4.42916e-05           0.116863        0.000142475          0.0645005        0.000193368        2.51832e-06        1.81169e-07        0.000729793          0.0132378          0.0219825          0.0482936        6.50583e-06        0.000786688        1.22535e-07           0.732758
31        0.000791225        2.51183e-05        6.03583e-06             101325           0.240296        6.03583e-06             1390.1                  0           0.520588             1044.8        3.48535e+09        0.000496084         1.5374e-05        9.91735e-05           0.106629        0.000298583          0.0706196        0.000181983         5.0316e-06        3.60705e-07        0.000754848           0.010236          0.0242455          0.0528256        1.22084e-05        0.000824189        2.53836e-07           0.732757
32        0.000816343        2.51183e-05        5.69387e-06             101325           0.226682        5.69387e-06            1471.02                  0           0.569657            2059.23        6.45541e+09        0.000533657        2.91071e-05        0.000207036          0.0964553        0.000575557          0.0765138        0.000156117         8.5886e-06        6.15883e-07        0.000705908         0.00738339          0.0263252          0.0575129        1.98456e-05        0.000817272        4.50212e-07           0.732756
33        0.000841462        2.51183e-05        5.41553e-06             101325           0.215601        5.41553e-06            1544.12                  0           0.618001            3477.17        1.02788e+10        0.000555112        4.92664e-05        0.000397279          0.0868787         0.00100261          0.0817733        0.000121564        1.16861e-05          8.437e-07        0.000574137         0.00490458          0.0279168          0.0622942        2.65659e-05        0.000738388        6.37485e-07           0.732756
34         0.00086658        2.51183e-05        5.20524e-06             101325           0.207229        5.20524e-06            1604.53                  0           0.663181            4869.12        1.33763e+10        0.000552278         7.3313e-05        0.000685594          0.0785411         0.00155564          0.0859856        8.67194e-05        1.20829e-05        8.85114e-07        0.000401348         0.00299813          0.0286703           0.067067        2.81763e-05         0.00058668        6.86429e-07           0.732756
35        0.000891698        2.51183e-05        5.05783e-06             101325           0.201361        5.05783e-06            1650.21                  0           0.702751            5597.12        1.38529e+10        0.000527663        9.65083e-05          0.0010426          0.0718757         0.00214658          0.0889679        5.84464e-05        9.77435e-06        7.29841e-07        0.000247951         0.00171265          0.0284349          0.0716899        2.39339e-05        0.000408415        5.77391e-07           0.732756
36        0.000916817        2.51183e-05        4.95841e-06             101325           0.197403        4.95841e-06            1683.11                  0           0.735553            5430.42        1.17643e+10        0.000494118        0.000115399         0.00139968          0.0668933         0.00267795          0.0908552        3.90159e-05        6.68046e-06        5.08617e-07        0.000141761        0.000935714          0.0273884          0.0760207        1.71994e-05        0.000256674        4.08418e-07           0.732757
37        0.000941935        2.51183e-05        4.89038e-06             101325           0.194694        4.89038e-06               1707                  0            0.76205            4700.88         8.7561e+09         0.00046337        0.000129068         0.00169862          0.0632928         0.00310054          0.0919514        2.70231e-05         4.1495e-06         3.2135e-07        7.78654e-05        0.000498741          0.0258702          0.0799648        1.11253e-05        0.000151347         2.6088e-07           0.732758
38        0.000967053        2.51183e-05         4.8412e-06             101325           0.192736         4.8412e-06            1725.21                  0           0.783477            3839.89        6.11395e+09        0.000440133        0.000138059         0.00191806          0.0606948         0.00341364          0.0925521        2.00141e-05        2.45265e-06        1.92641e-07        4.19737e-05        0.000262601          0.0241759          0.0834881        6.77812e-06        8.61381e-05        1.57665e-07           0.732758
39        0.000992171        2.51183e-05        4.80312e-06             101325            0.19122        4.80312e-06            1739.96                  0           0.801064            3078.65        4.23568e+09        0.000424138        0.000143304         0.00206327          0.0587805         0.00363783          0.0928714         1.5983e-05        1.41336e-06        1.12306e-07        2.24489e-05        0.000137557          0.0224905          0.0866001        3.99572e-06        4.81136e-05        9.24902e-08           0.732759
40         0.00101729        2.51183e-05        4.77177e-06             101325           0.189972        4.77177e-06            1752.56                  0            0.81577            2476.67        3.03185e+09         0.00041336        0.000145685         0.00214942          0.0573241         0.00379596          0.0930437        1.36368e-05        8.04098e-07        6.45085e-08        1.19809e-05        7.19731e-05          0.0209085          0.0893325        2.31472e-06        2.66207e-05        5.33891e-08           0.732759
41         0.00104241        2.51183e-05        4.74474e-06             101325           0.188896        4.74474e-06            1763.72                  0           0.828281             2018.6        2.29346e+09        0.000405736        0.000145923         0.00219203          0.0561769         0.00390653          0.0931465        1.22219e-05         4.5473e-07          3.677e-08        6.40105e-06        3.77028e-05          0.0194686          0.0917255        1.33044e-06        1.46672e-05        3.05545e-08           0.732759
42         0.00106753        2.51183e-05        4.72072e-06             101325            0.18794        4.72072e-06            1773.87                  0           0.839075            1670.96        1.84178e+09        0.000399717        0.000144578         0.00220378           0.055244         0.00398295           0.093222        1.13188e-05        2.56598e-07        2.08837e-08        3.43007e-06        1.98025e-05           0.018179          0.0938208        7.64059e-07        8.07246e-06        1.74117e-08           0.732759
43         0.00109264        2.51183e-05        4.69894e-06             101325           0.187073        4.69894e-06            1783.22                  0           0.848494            1403.33        1.55691e+09        0.000394297        0.000142082         0.00219408          0.0544646         0.00403452           0.093292        1.06989e-05        1.44801e-07        1.18469e-08        1.84562e-06        1.04377e-05          0.0170332          0.0956576        4.41161e-07        4.44655e-06        9.90507e-09            0.73276
44         0.00111776        2.51183e-05        4.67896e-06             101325           0.186277        4.67896e-06            1791.92                  0           0.856791            1193.04        1.36672e+09        0.000388892        0.000138762         0.00216964          0.0537995         0.00406764          0.0933665        1.02387e-05        8.18234e-08        6.72216e-09        9.97877e-07        5.52449e-06          0.0160183          0.0972716        2.57832e-07        2.45419e-06        5.63368e-09            0.73276
45         0.00114288        2.51183e-05        4.66051e-06             101325           0.185543        4.66051e-06            1800.06                  0           0.864154            1024.38        1.23024e+09        0.000383206        0.000134869         0.00213515          0.0532223         0.00408676          0.0934495         9.8713e-06        4.63336e-08        3.81851e-09        5.42362e-07        2.93739e-06          0.0151192          0.0986945        1.53769e-07        1.35825e-06        3.20663e-09            0.73276
46           0.001168        2.51183e-05        4.64336e-06             101325            0.18486        4.64336e-06            1807.71                  0           0.870733            886.703        1.12492e+09        0.000377121        0.000130596         0.00209391          0.0527147         0.00409502          0.0935417        9.56023e-06        2.63029e-08        2.17259e-09        2.96399e-07        1.56939e-06          0.0143213          0.0999537        9.45049e-08        7.54099e-07        1.82754e-09            0.73276
47         0.00119312        2.51183e-05        4.62738e-06             101325           0.184224        4.62738e-06             1814.9                  0           0.876649            772.719         1.0385e+09        0.000370624        0.000126087          0.0020482          0.0522636         0.00409471          0.0936424        9.28531e-06        1.49722e-08        1.23846e-09        1.62885e-07        8.42715e-07          0.0136109           0.101073        6.05124e-08        4.20107e-07        1.04323e-09            0.73276
48         0.00121824        2.51183e-05        4.61244e-06             101325           0.183629        4.61244e-06            1821.68                  0           0.881998            677.339         9.6434e+08        0.000363756        0.000121455         0.00199969          0.0518594         0.00408752          0.0937503        9.03512e-06        8.54594e-09        7.07405e-10        9.00101e-08        4.54834e-07          0.0129757           0.102073        4.07821e-08        2.34869e-07        5.96575e-10            0.73276
49         0.00124335        2.51183e-05        4.59843e-06             101325           0.183071        4.59843e-06            1828.09                  0           0.886862            596.883        8.98781e+08        0.000356582        0.000116782         0.00194953          0.0514946         0.00407477          0.0938636        8.80299e-06         4.8912e-09        4.04904e-10        5.00116e-08        2.46757e-07          0.0124051            0.10297        2.91212e-08        1.31777e-07         3.4178e-10            0.73276
50         0.00126847        2.51183e-05        4.58528e-06             101325           0.182548        4.58528e-06            1834.16                  0           0.891308            528.602        8.39753e+08        0.000349176        0.000112133         0.00189857          0.0511633         0.00405747           0.093981        8.58487e-06        2.80683e-09        2.32237e-10        2.79355e-08        1.34564e-07          0.0118899            0.10378        2.20478e-08        7.41985e-08        1.96169e-10            0.73276
51         0.00129359        2.51183e-05         4.5729e-06             101325           0.182055         4.5729e-06            1839.91                  0           0.895393            470.373        7.86012e+08         0.00034161        0.000107553         0.00184744          0.0508606         0.00403643           0.094101        8.37816e-06        1.61477e-09        1.33471e-10        1.56842e-08        7.37591e-08          0.0114225           0.104515        1.76026e-08        4.19245e-08        1.12799e-10            0.73276
52         0.00131871        2.51183e-05        4.56122e-06             101325            0.18159        4.56122e-06            1845.37                  0           0.899164            420.514        7.36759e+08        0.000333948        0.000103076         0.00179659          0.0505827         0.00401233          0.0942224        8.18113e-06        9.31208e-10        7.68598e-11        8.84915e-09        4.06348e-08           0.010996           0.105185        1.46807e-08        2.37704e-08        6.49764e-11            0.73276
53         0.00134383        2.51183e-05        4.55019e-06             101325           0.181151        4.55019e-06            1850.56                  0           0.902662            377.664        6.91433e+08        0.000326249        9.87267e-05         0.00174635          0.0503263         0.00398569          0.0943444        7.99252e-06        5.38236e-10        4.43443e-11        5.01614e-09        2.24974e-08          0.0106049             0.1058        1.26562e-08        1.35235e-08        3.74938e-11            0.73276
54         0.00136895        2.51183e-05        4.53975e-06             101325           0.180735        4.53975e-06             1855.5                  0           0.905921            340.708        6.49604e+08        0.000318558        9.45197e-05         0.00169696          0.0500888         0.00395697          0.0944661        7.81141e-06        3.11773e-10        2.56318e-11        2.85606e-09        1.25161e-08          0.0102443           0.106366        1.11729e-08        7.72023e-09        2.16719e-11            0.73276
55         0.00139406        2.51183e-05        4.52985e-06             101325           0.180341        4.52985e-06            1860.22                  0            0.90897            308.719        6.10923e+08        0.000310914        9.04653e-05         0.00164858          0.0498678         0.00392655          0.0945869        7.63705e-06        1.80968e-10        1.48424e-11        1.63303e-09        6.99605e-09         0.00991014           0.106891        1.00265e-08        4.42295e-09        1.25475e-11            0.73276
56         0.00141918        2.51183e-05        4.52045e-06             101325           0.179967        4.52045e-06            1864.72                  0           0.911835            280.929        5.75092e+08         0.00030335        8.65689e-05         0.00160134          0.0496613         0.00389473          0.0947063        7.46885e-06         1.0525e-10        8.60984e-12        9.37468e-10        3.92846e-09         0.00959905            0.10738        9.09814e-09         2.5436e-09        7.27657e-12            0.73276
57          0.0014443        2.51183e-05         4.5115e-06             101325           0.179611         4.5115e-06            1869.02                  0           0.914536             256.69         5.4185e+08        0.000295887        8.28322e-05         0.00155531          0.0494677         0.00386178           0.094824        7.30628e-06        6.13307e-11        5.00312e-12        5.40211e-10        2.21573e-09         0.00930805           0.107837        8.31787e-09        1.46912e-09        4.22672e-12            0.73276
58         0.00146942        2.51183e-05        4.50298e-06             101325           0.179271        4.50298e-06            1873.13                  0           0.917091            235.463        5.10963e+08        0.000288546        7.92544e-05         0.00151052          0.0492856         0.00382791          0.0949396        7.14892e-06         3.5805e-11        2.91231e-12        3.12418e-10        1.25509e-09         0.00903464           0.108267        7.64344e-09        8.52948e-10        2.45918e-12            0.73276
59         0.00149454        2.51183e-05        4.49485e-06             101325           0.178948        4.49485e-06            1877.08                  0           0.919517            216.794        4.82223e+08        0.000281339        7.58328e-05         0.00146702          0.0491137          0.0037933          0.0950531        6.99638e-06        2.09414e-11        1.69818e-12        1.81302e-10        7.13906e-10          0.0087767           0.108672        7.04863e-09        4.98511e-10        1.43317e-12            0.73276
60         0.00151965        2.51183e-05        4.48709e-06             101325           0.178638        4.48709e-06            1880.87                  0           0.921828              200.3         4.5544e+08        0.000274276        7.25633e-05         0.00142479          0.0489509         0.00375812          0.0951642        6.84833e-06        1.22705e-11        9.91947e-13         1.0556e-10        4.07715e-10         0.00853242           0.109056        6.51656e-09        2.93984e-10        8.36653e-13            0.73276
61         0.00154477        2.51183e-05        4.47965e-06             101325           0.178342        4.47965e-06            1884.51                  0           0.924034            185.661        4.30446e+08        0.000267363        6.94409e-05         0.00138382          0.0487963         0.00372247          0.0952729        6.70444e-06        7.20294e-12        5.80444e-13        6.16562e-11        2.33761e-10         0.00830023           0.109421        6.03586e-09        1.75558e-10        4.89286e-13            0.73276
62         0.00156989        2.51183e-05        4.47253e-06             101325           0.178059        4.47253e-06            1888.01                  0           0.926146            172.606        4.07085e+08        0.000260604        6.64597e-05          0.0013441          0.0486492         0.00368648          0.0953791        6.56446e-06        4.23601e-12        3.40263e-13        3.61234e-11        1.34536e-10          0.0080788           0.109769        5.59852e-09         1.0672e-10        2.86675e-13            0.73276
63         0.00159501        2.51183e-05        4.46569e-06             101325           0.177787        4.46569e-06            1891.38                  0           0.928174            160.908        3.85221e+08        0.000253999        6.36139e-05         0.00130559          0.0485087         0.00365022          0.0954829        6.42814e-06        2.49583e-12        1.99835e-13        2.12276e-11        7.77173e-11         0.00786698           0.110102        5.19862e-09        6.65206e-11          1.683e-13            0.73276
64         0.00162013        2.51183e-05        4.45912e-06             101325           0.177525        4.45912e-06            1894.64                  0           0.930125            150.376        3.64726e+08        0.000247549         6.0897e-05         0.00126826          0.0483743         0.00361377          0.0955842        6.29523e-06        1.47332e-12        1.17585e-13        1.25108e-11        4.50579e-11         0.00766377           0.110421        4.83157e-09        4.29064e-11        9.90201e-14            0.73276
65         0.00164525        2.51183e-05         4.4528e-06             101325           0.177274         4.4528e-06            1897.78                  0           0.932005            140.848         3.4549e+08        0.000241252        5.83029e-05         0.00123207          0.0482455         0.00357718          0.0956832        6.16554e-06        8.71421e-13        6.93232e-14        7.39479e-12        2.62161e-11         0.00746832           0.110728        4.49369e-09        2.89254e-11        5.84002e-14            0.73276
66         0.00167036        2.51183e-05        4.44672e-06             101325           0.177031        4.44672e-06            1900.81                  0           0.933822            132.188         3.2741e+08        0.000235106        5.58253e-05         0.00119698          0.0481217          0.0035405          0.0957798        6.03888e-06        5.16447e-13        4.09527e-14        4.38336e-12        1.53068e-11         0.00727988           0.111024        4.18193e-09        2.05571e-11        3.45388e-14            0.73276
67         0.00169548        2.51183e-05        4.44085e-06             101325           0.176798        4.44085e-06            1903.75                  0            0.93558            124.282        3.10394e+08        0.000229106        5.34581e-05         0.00116294          0.0480026         0.00350377          0.0958742        5.91506e-06        3.06702e-13        2.42432e-14        2.60568e-12        8.96798e-12          0.0070978            0.11131        3.89372e-09         1.5471e-11        2.04933e-14            0.73276
68          0.0017206        2.51183e-05        4.43519e-06             101325           0.176572        4.43519e-06             1906.6                  0           0.937283            117.031        2.94359e+08         0.00022325        5.11956e-05         0.00112992          0.0478877         0.00346701          0.0959663        5.79392e-06        1.82527e-13        1.43824e-14        1.55334e-12        5.27212e-12         0.00692152           0.111587        3.62683e-09        1.23122e-11        1.22076e-14            0.73276
69         0.00174572        2.51183e-05        4.42971e-06             101325           0.176354        4.42971e-06            1909.36                  0           0.938937            110.354         2.7923e+08        0.000217532        4.90321e-05         0.00109787          0.0477768         0.00343024          0.0960564        5.67531e-06        1.08865e-13        8.55142e-15        9.28639e-13        3.10987e-12         0.00675053           0.111856        3.37933e-09        1.02912e-11        7.30793e-15            0.73276
70         0.00177084        2.51183e-05        4.42442e-06             101325           0.176143        4.42442e-06            1912.03                  0           0.940545            104.181        2.64939e+08         0.00021195        4.69623e-05         0.00106675          0.0476696         0.00339349          0.0961443         5.5591e-06        6.50764e-14        5.09612e-15        5.56757e-13        1.84059e-12         0.00658441           0.112117        3.14952e-09        8.94649e-12        4.40265e-15            0.73276
71         0.00179596        2.51183e-05        4.41929e-06             101325           0.175939        4.41929e-06            1914.63                  0            0.94211             98.452        2.51426e+08        0.000206497        4.49811e-05         0.00103651          0.0475657         0.00335677          0.0962303        5.44516e-06        3.89912e-14        3.04416e-15         3.3476e-13        1.09301e-12         0.00642276           0.112371        2.93588e-09         8.0075e-12        2.67458e-15            0.73276
72         0.00182107        2.51183e-05        4.41432e-06             101325           0.175741        4.41432e-06            1917.16                  0           0.943635             93.117        2.38634e+08         0.00020117        4.30838e-05         0.00100713           0.047465         0.00332008          0.0963145        5.33336e-06        2.34178e-14        1.82286e-15        2.01865e-13        6.51242e-13         0.00626527           0.112618        2.73707e-09        7.31505e-12        1.64289e-15            0.73276
73         0.00184619        2.51183e-05         4.4095e-06             101325            0.17555         4.4095e-06            1919.61                  0           0.945122            88.1329        2.26513e+08        0.000195964        4.12659e-05        0.000978558          0.0473673         0.00328342          0.0963968         5.2236e-06        1.40992e-14        1.09428e-15        1.22085e-13        3.89322e-13         0.00611162            0.11286        2.55189e-09        6.77511e-12        1.02418e-15            0.73276
74         0.00187131        2.51183e-05        4.40482e-06             101325           0.175363        4.40482e-06            1922.01                  0           0.946575            83.4628        2.15017e+08        0.000190875        3.95233e-05        0.000950765          0.0472723         0.00324681          0.0964773        5.11579e-06        8.51022e-15        6.58608e-16        7.40546e-14        2.33521e-13         0.00596157           0.113096        2.37926e-09        6.33184e-12        6.50999e-16            0.73276
75         0.00189643        2.51183e-05        4.40027e-06             101325           0.175182        4.40027e-06            1924.34                  0           0.947995            79.0751        2.04106e+08        0.000185899        3.78519e-05        0.000923717            0.04718         0.00321024          0.0965562        5.00982e-06        5.15011e-15        3.97444e-16        4.50556e-14         1.4054e-13         0.00581487           0.113326        2.21821e-09        5.95187e-12        4.24263e-16            0.73276
76         0.00192155        2.51183e-05        4.39585e-06             101325           0.175006        4.39585e-06            1926.61                  0           0.949385            74.9429        1.93741e+08        0.000181031        3.62483e-05        0.000897381          0.0470901         0.00317372          0.0966335        4.90563e-06        3.12502e-15        2.40496e-16        2.74962e-14        8.48667e-14         0.00567132           0.113552        2.06787e-09        5.61509e-12        2.85166e-16            0.73276
77         0.00194667        2.51183e-05        4.39155e-06             101325           0.174835        4.39155e-06            1928.83                  0           0.950745            71.0427        1.83888e+08        0.000176267        3.47089e-05        0.000871729          0.0470026         0.00313724          0.0967093        4.80312e-06        1.90143e-15        1.45934e-16        1.68322e-14        5.14214e-14         0.00553075           0.113773        1.92745e-09        5.30925e-12        1.98738e-16            0.73276
78         0.00197178        2.51183e-05        4.38736e-06             101325           0.174668        4.38736e-06            1930.99                  0           0.952078            67.3544        1.74515e+08        0.000171605        3.32307e-05        0.000846731          0.0469173          0.0031008          0.0967836        4.70225e-06        1.16021e-15        8.88079e-17        1.03366e-14        3.12629e-14           0.005393           0.113989        1.79622e-09        5.02678e-12        1.44123e-16            0.73276
79          0.0019969        2.51183e-05        4.38328e-06             101325           0.174506        4.38328e-06             1933.1                  0           0.953384            63.8606        1.65595e+08         0.00016704        3.18107e-05        0.000822364          0.0468341          0.0030644          0.0968564        4.60294e-06        7.09991e-16        5.42037e-17        6.36806e-15        1.90724e-14         0.00525793           0.114201        1.67354e-09        4.76289e-12        1.08847e-16            0.73276
80         0.00202202        2.51183e-05         4.3793e-06             101325           0.174347         4.3793e-06            1935.17                  0           0.954665            60.5462        1.57101e+08         0.00016257        3.04462e-05        0.000798603          0.0467529         0.00302804          0.0969279        4.50515e-06        4.35782e-16        3.31836e-17        3.93599e-15        1.16757e-14         0.00512541           0.114409        1.55881e-09        4.51448e-12        8.54264e-17            0.73276
81         0.00204714        2.51183e-05        4.37542e-06             101325           0.174193        4.37542e-06            1937.19                  0           0.955923             57.398         1.4901e+08        0.000158192        2.91346e-05        0.000775425          0.0466737         0.00299171          0.0969981        4.40882e-06        2.68305e-16        2.03787e-17        2.44088e-15        7.17255e-15         0.00499534           0.114614         1.4515e-09        4.27949e-12        6.93505e-17            0.73276
82         0.00207226        2.51183e-05        4.37164e-06             101325           0.174042        4.37164e-06            1939.16                  0           0.957157            54.4045        1.41299e+08        0.000153902        2.78736e-05         0.00075281          0.0465964         0.00295542           0.097067        4.31392e-06        1.65722e-16        1.25555e-17        1.51886e-15        4.42173e-15         0.00486762           0.114814         1.3511e-09        4.05647e-12        5.78911e-17            0.73276
83         0.00209737        2.51183e-05        4.36794e-06             101325           0.173895        4.36794e-06            1941.09                  0           0.958369            51.5555        1.33948e+08        0.000149699        2.66611e-05         0.00073074          0.0465209         0.00291916          0.0971347        4.22042e-06        1.02703e-16        7.76155e-18        9.48432e-16        2.73561e-15         0.00474219           0.115012        1.25716e-09        3.84437e-12        4.93876e-17            0.73276
84         0.00212249        2.51183e-05        4.36433e-06             101325           0.173751        4.36433e-06            1942.98                  0           0.959559            48.8422         1.2694e+08        0.000145581        2.54951e-05        0.000709197          0.0464471         0.00288294          0.0972012        4.12828e-06        6.38729e-17        4.81487e-18        5.94367e-16        1.69853e-15         0.00461895           0.115205        1.16927e-09        3.64239e-12        4.28225e-17            0.73276
85         0.00214761        2.51183e-05        4.36081e-06             101325           0.173611        4.36081e-06            1944.83                  0           0.960729            46.2567        1.20256e+08        0.000141545        2.43735e-05        0.000688166          0.0463751         0.00284674          0.0972666        4.03749e-06        3.98723e-17        2.99795e-18        3.73868e-16        1.05844e-15         0.00449787           0.115395        1.08703e-09        3.44988e-12        3.75663e-17            0.73276
86         0.00217273        2.51183e-05        4.35737e-06             101325           0.173474        4.35737e-06            1946.64                  0           0.961878            43.7919        1.13882e+08        0.000137589        2.32948e-05        0.000667632          0.0463047         0.00281059          0.0973308        3.94803e-06        2.49902e-17          1.874e-18        2.36082e-16        6.61997e-16         0.00437888           0.115582         1.0101e-09        3.26632e-12        3.32254e-17            0.73276
87         0.00219785        2.51183e-05        4.35401e-06             101325            0.17334        4.35401e-06            1948.41                  0           0.963008            41.4417        1.07802e+08        0.000133712        2.22573e-05        0.000647582          0.0462359         0.00277447           0.097394        3.85988e-06        1.57317e-17         1.1764e-18        1.49684e-16        4.15584e-16         0.00426194           0.115766        9.38139e-10        3.09125e-12        2.95495e-17            0.73276
88         0.00222297        2.51183e-05        4.35072e-06             101325            0.17321        4.35072e-06            1950.15                  0           0.964118            39.2003        1.02004e+08        0.000129913        2.12594e-05        0.000628004          0.0461688         0.00273839           0.097456        3.77304e-06        9.95173e-18         7.4191e-19        9.53155e-17        2.61877e-16         0.00414703           0.115947        8.70852e-10        2.92428e-12        2.63766e-17            0.73276
89         0.00224808        2.51183e-05        4.34751e-06             101325           0.173082        4.34751e-06            1951.85                  0           0.965209            37.0627        9.64749e+07         0.00012619        2.02998e-05        0.000608887          0.0461032         0.00270236           0.097517         3.6875e-06        6.33032e-18        4.70317e-19        6.09772e-17        1.65653e-16         0.00403411           0.116124        8.07951e-10        2.76504e-12        2.35989e-17            0.73276
90          0.0022732        2.51183e-05        4.34437e-06             101325           0.172957        4.34437e-06            1953.51                  0           0.966281            35.0242        9.12026e+07        0.000122542        1.93771e-05        0.000590221          0.0460391         0.00266637           0.097577        3.60327e-06        4.05256e-18        2.99896e-19        3.92075e-17        1.05195e-16         0.00392316           0.116298        7.49172e-10         2.6132e-12        2.11427e-17            0.73276
91         0.00229832        2.51183e-05         4.3413e-06             101325           0.172835         4.3413e-06            1955.14                  0           0.967334            33.0807        8.61765e+07        0.000118969        1.84901e-05        0.000571998          0.0459766         0.00263045           0.097636        3.52036e-06        2.61395e-18        1.92521e-19        2.53517e-17        6.70685e-17         0.00381417            0.11647        6.94269e-10        2.46848e-12        1.89557e-17            0.73276
92         0.00232344        2.51183e-05         4.3383e-06             101325           0.172715         4.3383e-06            1956.73                  0           0.968369            31.2282        8.13862e+07        0.000115469        1.76376e-05        0.000554209          0.0459156         0.00259459          0.0976939        3.43876e-06        1.70121e-18        1.24571e-19        1.64962e-17        4.29353e-17         0.00370713           0.116638        6.43009e-10        2.33057e-12        1.69993e-17            0.73276
93         0.00234856        2.51183e-05        4.33537e-06             101325           0.172598        4.33537e-06             1958.3                  0           0.969386            29.4631        7.68221e+07        0.000112042        1.68185e-05        0.000536848          0.0458561          0.0025588          0.0977509         3.3585e-06        1.11918e-18        8.13616e-20        1.08117e-17        2.76018e-17         0.00360202           0.116803        5.95178e-10        2.19922e-12        1.52438e-17            0.73276
94         0.00237368        2.51183e-05        4.33251e-06             101325           0.172484        4.33251e-06            1959.82                  0           0.970384             27.782        7.24751e+07        0.000108687        1.60317e-05        0.000519907           0.045798         0.00252309          0.0978069        3.27959e-06        7.45913e-19        5.37356e-20        7.14542e-18        1.78219e-17         0.00349885           0.116965         5.5057e-10        2.07417e-12        1.36658e-17            0.73276
95         0.00239879        2.51183e-05        4.32971e-06             101325           0.172373        4.32971e-06            1961.32                  0           0.971364            26.1818        6.83366e+07        0.000105404        1.52762e-05        0.000503381          0.0457415         0.00248747          0.0978619        3.20204e-06        5.04936e-19        3.59645e-20         4.7687e-18        1.15598e-17         0.00339762           0.117124        5.08995e-10        1.95519e-12        1.22458e-17            0.73276
96         0.00242391        2.51183e-05        4.32697e-06             101325           0.172264        4.32697e-06            1962.79                  0           0.972326            24.6593        6.43984e+07        0.000102192        1.45512e-05        0.000487265          0.0456863         0.00245196          0.0979159        3.12588e-06        3.48156e-19        2.44517e-20         3.2192e-18        7.53425e-18         0.00329832            0.11728        4.70272e-10        1.84204e-12        1.09676e-17            0.73276
97         0.00244903        2.51183e-05         4.3243e-06             101325           0.172158         4.3243e-06            1964.22                  0            0.97327            23.2119        6.06525e+07         9.9051e-05        1.38556e-05        0.000471552          0.0456327         0.00241657           0.097969        3.05112e-06        2.45212e-19        1.69315e-20        2.20257e-18        4.93588e-18         0.00320096           0.117433         4.3423e-10        1.73452e-12        9.81689e-18            0.73276
98         0.00247415        2.51183e-05         4.3217e-06             101325           0.172054         4.3217e-06            1965.62                  0           0.974196            21.8366        5.70917e+07         9.5981e-05        1.31886e-05         0.00045624          0.0455805         0.00238131          0.0980212         2.9778e-06        1.76868e-19        1.19712e-20        1.53072e-18         3.2517e-18         0.00310555           0.117583        4.00709e-10         1.6324e-12        8.78131e-18            0.73276
99         0.00249927        2.51183e-05        4.31915e-06             101325           0.171953        4.31915e-06            1966.99                  0           0.975104             20.531        5.37086e+07        9.29815e-05        1.25493e-05        0.000441323          0.0455297          0.0023462          0.0980723        2.90593e-06        1.30895e-19         8.6616e-21        1.08302e-18        2.15535e-18          0.0030121            0.11773        3.69555e-10        1.53549e-12        7.84979e-18            0.73276
100         0.00252439        2.51183e-05        4.31667e-06             101325           0.171854        4.31667e-06            1968.33                  0           0.975993            19.2923        5.04964e+07        9.00525e-05         1.1937e-05        0.000426797          0.0454803         0.00231125          0.0981225        2.83554e-06        9.94813e-20        6.42307e-21        7.81811e-19        1.43845e-18         0.00292062           0.117874        3.40625e-10        1.44358e-12        7.01241e-18            0.73276
101          0.0025495        2.51183e-05        4.31424e-06             101325           0.171757        4.31424e-06            1969.64                  0           0.976864            18.1181        4.74484e+07        8.71936e-05        1.13508e-05         0.00041266          0.0454324         0.00227647          0.0981718        2.76666e-06        7.76201e-20        4.88472e-21        5.76874e-19        9.67459e-19         0.00283111           0.118014        3.13782e-10        1.35649e-12        6.26023e-18            0.73276
102         0.00257462        2.51183e-05        4.31188e-06             101325           0.171663        4.31188e-06            1970.91                  0           0.977717            17.0061        4.45582e+07        8.44049e-05        1.07899e-05        0.000398907          0.0453858          0.0022419          0.0982201        2.69931e-06        6.20846e-20        3.80803e-21        4.35616e-19        6.56473e-19         0.00274358           0.118152        2.88895e-10        1.27403e-12        5.58513e-18            0.73276
103         0.00259974        2.51183e-05        4.30958e-06             101325           0.171571        4.30958e-06            1972.16                  0           0.978551            15.9538        4.18197e+07        8.16862e-05        1.02536e-05        0.000385535          0.0453407         0.00220754          0.0982674        2.63352e-06        5.07851e-20        3.03878e-21        3.36784e-19        4.50033e-19         0.00265805           0.118286        2.65843e-10        1.19601e-12        4.97974e-18            0.73276
104         0.00262486        2.51183e-05        4.30733e-06             101325           0.171482        4.30733e-06            1973.38                  0           0.979366            14.9588        3.92268e+07        7.90373e-05        9.74114e-06         0.00037254           0.045297         0.00217342          0.0983138        2.56932e-06          4.236e-20        2.47675e-21        2.66452e-19        3.12195e-19         0.00257452           0.118417        2.44508e-10        1.12226e-12        4.43737e-18            0.73276
105         0.00264998        2.51183e-05        4.30515e-06             101325           0.171395        4.30515e-06            1974.56                  0           0.980163             14.019        3.67736e+07        7.64582e-05        9.25178e-06         0.00035992          0.0452547         0.00213955          0.0983592        2.50672e-06         3.5916e-20        2.05629e-21        2.15447e-19         2.1957e-19           0.002493           0.118545        2.24779e-10         1.0526e-12        3.95191e-18            0.73276
106         0.00267509        2.51183e-05        4.30302e-06             101325            0.17131        4.30302e-06            1975.72                  0           0.980942            13.1321        3.44544e+07        7.39486e-05        8.78482e-06        0.000347671          0.0452138         0.00210595          0.0984036        2.44576e-06        3.08627e-20        1.73415e-21        1.77694e-19        1.56883e-19          0.0024135            0.11867        2.06553e-10        9.86866e-13        3.51779e-18            0.73276
107         0.00270021        2.51183e-05        4.30095e-06             101325           0.171228        4.30095e-06            1976.84                  0           0.981701            12.2958        3.22637e+07        7.15083e-05        8.33953e-06        0.000335789          0.0451742         0.00207265           0.098447        2.38644e-06        2.68056e-20        1.48153e-21        1.49143e-19        1.14115e-19         0.00233603           0.118792        1.89729e-10        9.24891e-13        3.12995e-18            0.73276
108         0.00272533        2.51183e-05        4.29894e-06             101325           0.171148        4.29894e-06            1977.94                  0           0.982442             11.508         3.0196e+07        6.91372e-05        7.91522e-06        0.000324272           0.045136         0.00203967          0.0984895         2.3288e-06        2.34788e-20        1.27908e-21        1.27073e-19        8.46698e-20         0.00226058            0.11891        1.74214e-10         8.6651e-13        2.78379e-18            0.73276
109         0.00275045        2.51183e-05        4.29698e-06             101325            0.17107        4.29698e-06               1979                  0           0.983164            10.7667        2.82462e+07         6.6835e-05         7.5112e-06        0.000313115          0.0450992         0.00200703           0.098531        2.27286e-06        2.07002e-20        1.11363e-21        1.09644e-19        6.41845e-20         0.00218716           0.119026        1.59918e-10        8.11565e-13         2.4751e-18            0.73276
110         0.00277557        2.51183e-05        4.29508e-06             101325           0.170994        4.29508e-06            1980.04                  0           0.983867            10.0696        2.64089e+07        6.46013e-05        7.12679e-06        0.000302315          0.0450636         0.00197474          0.0985715        2.21861e-06        1.83436e-20        9.76097e-22        9.55979e-20        4.97619e-20         0.00211578           0.119138        1.46757e-10        7.59901e-13        2.20008e-18            0.73276
111         0.00280069        2.51183e-05        4.29324e-06             101325           0.170921        4.29324e-06            1981.04                  0           0.984551            9.41471        2.46793e+07        6.24358e-05        6.76131e-06        0.000291868          0.0450294         0.00194284          0.0986111        2.16609e-06        1.63194e-20        8.60114e-22        8.40659e-20        3.94692e-20         0.00204643           0.119247        1.34651e-10        7.11364e-13        1.95528e-18            0.73276
112          0.0028258        2.51183e-05        4.29145e-06             101325            0.17085        4.29145e-06            1982.02                  0           0.985216            8.80007        2.30525e+07        6.03381e-05        6.41411e-06         0.00028177          0.0449965         0.00191135          0.0986496        2.11529e-06        1.45634e-20        7.61135e-22        7.44404e-20        3.20107e-20          0.0019791           0.119353        1.23526e-10        6.65808e-13        1.73755e-18            0.73276
113         0.00285092        2.51183e-05        4.28972e-06             101325           0.170781        4.28972e-06            1982.97                  0           0.985863            8.22369        2.15235e+07        5.83077e-05        6.08452e-06        0.000272017          0.0449649         0.00188028          0.0986872        2.06623e-06        1.30279e-20        6.75849e-22        6.62908e-20        2.65135e-20         0.00191381           0.119455         1.1331e-10        6.23086e-13        1.54405e-18            0.73276
114         0.00287604        2.51183e-05        4.28804e-06             101325           0.170714        4.28804e-06            1983.89                  0            0.98649            7.68364        2.00878e+07         5.6344e-05         5.7719e-06        0.000262605          0.0449346         0.00184966          0.0987238        2.01891e-06        1.16772e-20        6.01793e-22        5.93071e-20        2.23866e-20         0.00185052           0.119555        1.03936e-10        5.83059e-13        1.37222e-18            0.73276
115         0.00290116        2.51183e-05        4.28642e-06             101325            0.17065        4.28642e-06            1984.78                  0           0.987099            7.17803        1.87408e+07        5.44466e-05         5.4756e-06        0.000253528          0.0449055         0.00181951          0.0987594        1.97333e-06        1.04833e-20        5.37096e-22        5.32621e-20        1.92271e-20         0.00178925           0.119651        9.53432e-11        5.45589e-13        1.21974e-18            0.73276
116         0.00292628        2.51183e-05        4.28485e-06             101325           0.170587        4.28485e-06            1985.64                  0           0.987689            6.70505        1.74782e+07        5.26147e-05        5.19499e-06        0.000244782          0.0448776         0.00178985           0.098794        1.92947e-06        9.42451e-21        4.80305e-22        4.79864e-20        1.67591e-20         0.00172997           0.119744        8.74711e-11        5.10543e-13        1.08452e-18            0.73276
117          0.0029514        2.51183e-05        4.28333e-06             101325           0.170527        4.28333e-06            1986.47                  0           0.988261            6.26292        1.62956e+07        5.08477e-05        4.92946e-06        0.000236362          0.0448509         0.00176071          0.0988276        1.88735e-06        8.48292e-21        4.30267e-22        4.33514e-20        1.47921e-20         0.00167267           0.119834        8.02651e-11        4.77793e-13        9.64674e-19            0.73276
118         0.00297651        2.51183e-05        4.28187e-06             101325           0.170468        4.28187e-06            1987.28                  0           0.988814            5.84992        1.51888e+07        4.91447e-05        4.67838e-06        0.000228262          0.0448254         0.00173209          0.0988602        1.84695e-06        7.64394e-21        3.86049e-22        3.92571e-20        1.31933e-20         0.00161733           0.119921        7.36733e-11        4.47214e-13        8.58515e-19            0.73276
119         0.00300163        2.51183e-05        4.28045e-06             101325           0.170412        4.28045e-06            1988.05                  0           0.989348             5.4644        1.41539e+07        4.75049e-05        4.44117e-06        0.000220478          0.0448011         0.00170403          0.0988919        1.80824e-06        6.89528e-21        3.46884e-22        3.56247e-20          1.187e-20         0.00156394           0.120005        6.76475e-11        4.18685e-13        7.64523e-19            0.73276
120         0.00302675        2.51183e-05        4.27909e-06             101325           0.170358        4.27909e-06             1988.8                  0           0.989865            5.10473        1.31869e+07        4.59274e-05        4.21723e-06        0.000213003          0.0447778         0.00167655          0.0989225        1.77123e-06        6.22648e-21        3.12131e-22        3.23909e-20        1.07563e-20         0.00151248           0.120086        6.21425e-11         3.9209e-13        6.81336e-19            0.73276
121         0.00305187        2.51183e-05        4.27778e-06             101325           0.170305        4.27778e-06            1989.53                  0           0.990363             4.7694         1.2284e+07        4.44112e-05        4.00598e-06        0.000205832          0.0447557         0.00164965          0.0989522        1.73587e-06        5.62853e-21        2.81248e-22        2.95036e-20        9.80494e-21         0.00146292           0.120164        5.71165e-11        3.67318e-13        6.07738e-19            0.73276
122         0.00307699        2.51183e-05        4.27651e-06             101325           0.170255        4.27651e-06            1990.22                  0           0.990844            4.45692        1.14417e+07        4.29555e-05        3.80686e-06        0.000198959          0.0447346         0.00162336          0.0989809        1.70216e-06        5.09359e-21        2.53773e-22        2.69198e-20        8.98184e-21         0.00141523           0.120238        5.25303e-11        3.44261e-13        5.42639e-19            0.73276
123         0.00310211        2.51183e-05         4.2753e-06             101325           0.170207         4.2753e-06             1990.9                  0           0.991307            4.16587        1.06564e+07        4.15591e-05        3.61933e-06        0.000192377          0.0447145          0.0015977          0.0990087        1.67006e-06         4.6148e-21        2.29304e-22        2.46033e-20         8.2619e-21          0.0013694            0.12031        4.83476e-11        3.22817e-13         4.8507e-19            0.73276
124         0.00312722        2.51183e-05        4.27413e-06             101325            0.17016        4.27413e-06            1991.54                  0           0.991752            3.89492        9.92469e+06        4.02209e-05        3.44284e-06        0.000186079          0.0446955         0.00157268          0.0990355        1.63954e-06         4.1861e-21        2.07497e-22        2.25231e-20        7.62644e-21         0.00132539            0.12038        4.45349e-11        3.02888e-13        4.34164e-19            0.73276
125         0.00315234        2.51183e-05        4.27301e-06             101325           0.170116        4.27301e-06            1992.16                  0            0.99218            3.64278        9.24347e+06        3.89398e-05        3.27688e-06        0.000180061          0.0446774         0.00154832          0.0990613        1.61058e-06        3.80214e-21        1.88047e-22        2.06527e-20        7.06132e-21         0.00128318           0.120446        4.10609e-11        2.84379e-13        3.89154e-19            0.73276
126         0.00317746        2.51183e-05        4.27193e-06             101325           0.170073        4.27193e-06            1992.75                  0           0.992591            3.40824        8.60963e+06        3.77146e-05        3.12094e-06        0.000174314          0.0446603         0.00152462          0.0990862        1.58312e-06        3.45818e-21         1.7069e-22        1.89691e-20        6.55566e-21         0.00124273           0.120509        3.78969e-11        2.67202e-13        3.49353e-19            0.73276
127         0.00320258        2.51183e-05         4.2709e-06             101325           0.170032         4.2709e-06            1993.32                  0           0.992986            3.19015        8.02025e+06        3.65442e-05        2.97454e-06        0.000168833          0.0446441         0.00150161          0.0991102        1.55715e-06        3.14997e-21        1.55192e-22        1.74522e-20        6.10097e-21         0.00120401            0.12057        3.50165e-11        2.51272e-13        3.14158e-19            0.73276
128          0.0032277        2.51183e-05        4.26992e-06             101325           0.169992        4.26992e-06            1993.87                  0           0.993364            2.98744        7.47256e+06        3.54273e-05         2.8372e-06         0.00016361          0.0446287         0.00147929          0.0991332        1.53261e-06        2.87376e-21        1.41348e-22        1.60845e-20        5.69047e-21         0.00116699           0.120628        3.23951e-11        2.36509e-13        2.83028e-19            0.73276
129         0.00325281        2.51183e-05        4.26897e-06             101325           0.169955        4.26897e-06            1994.39                  0           0.993726             2.7991        6.96392e+06        3.43628e-05        2.70848e-06         0.00015864          0.0446142         0.00145768          0.0991553        1.50946e-06        2.62618e-21        1.28975e-22        1.48505e-20        5.31869e-21         0.00113164           0.120684        3.00103e-11        2.22836e-13         2.5549e-19            0.73276
130         0.00327793        2.51183e-05        4.26807e-06             101325           0.169919        4.26807e-06            1994.89                  0           0.994072            2.62419        6.49185e+06        3.33493e-05        2.58793e-06        0.000153915          0.0446006         0.00143678          0.0991765        1.48766e-06        2.40423e-21        1.17913e-22        1.37365e-20        4.98115e-21         0.00109792           0.120737        2.78415e-11        2.10183e-13        2.31122e-19            0.73276
131         0.00330305        2.51183e-05        4.26722e-06             101325           0.169885        4.26722e-06            1995.36                  0           0.994402            2.46182        6.05402e+06        3.23857e-05        2.47515e-06        0.000149429          0.0445877         0.00141661          0.0991968        1.46718e-06        2.20523e-21        1.08019e-22        1.27303e-20        4.67409e-21          0.0010658           0.120787        2.58699e-11        1.98481e-13        2.09553e-19            0.73276
132         0.00332817        2.51183e-05         4.2664e-06             101325           0.169853         4.2664e-06            1995.81                  0           0.994717            2.31118        5.64823e+06        3.14707e-05        2.36974e-06        0.000145176          0.0445756         0.00139718          0.0992162        1.44795e-06         2.0268e-21        9.91679e-23        1.18212e-20        4.39436e-21         0.00103524           0.120835        2.40781e-11        1.87668e-13        1.90456e-19            0.73276
133         0.00335329        2.51183e-05        4.26562e-06             101325           0.169822        4.26562e-06            1996.24                  0           0.995017            2.17153        5.27245e+06        3.06033e-05        2.27132e-06        0.000141148          0.0445642         0.00137849          0.0992348        1.42995e-06         1.8668e-21        9.12473e-23        1.09997e-20        4.13925e-21         0.00100622           0.120881        2.24505e-11        1.77684e-13        1.73542e-19            0.73276
134         0.00337841        2.51183e-05        4.26489e-06             101325           0.169792        4.26489e-06            1996.65                  0           0.995302            2.04217        4.92475e+06        2.97821e-05        2.17954e-06        0.000137341          0.0445535         0.00136054          0.0992524        1.41311e-06        1.72333e-21        8.41583e-23        1.02572e-20        3.90644e-21        0.000978691           0.120924        2.09726e-11        1.68474e-13        1.58557e-19            0.73276
135         0.00340352        2.51183e-05        4.26419e-06             101325           0.169764        4.26419e-06            1997.04                  0           0.995573            1.92249        4.60338e+06        2.90062e-05        2.09406e-06        0.000133748          0.0445435         0.00134336          0.0992692        1.39741e-06         1.5947e-21        7.78133e-23        9.58611e-21        3.69392e-21        0.000952636           0.120965        1.96315e-11        1.59988e-13        1.45277e-19            0.73276
136         0.00342864        2.51183e-05        4.26353e-06             101325           0.169738        4.26353e-06            1997.41                  0           0.995829             1.8119        4.30671e+06        2.82744e-05        2.01457e-06        0.000130364          0.0445341         0.00132695          0.0992852        1.38279e-06         1.4794e-21        7.21346e-23        8.97975e-21         3.4999e-21         0.00092802           0.121004        1.84153e-11        1.52177e-13        1.33508e-19            0.73276
137         0.00345376        2.51183e-05         4.2629e-06             101325           0.169713         4.2629e-06            1997.75                  0           0.996072             1.7099        4.03324e+06        2.75858e-05        1.94077e-06        0.000127183          0.0445254          0.0013113          0.0993003        1.36921e-06        1.37608e-21        6.70537e-23        8.43208e-21        3.32286e-21        0.000904817            0.12104        1.73133e-11        1.44998e-13        1.23077e-19            0.73276
138         0.00347888        2.51183e-05        4.26232e-06             101325            0.16969        4.26232e-06            1998.08                  0             0.9963            1.61603         3.7816e+06        2.69394e-05         1.8724e-06        0.000124201          0.0445172         0.00129644          0.0993145        1.35663e-06        1.28357e-21        6.25098e-23        7.93779e-21        3.16141e-21        0.000883001           0.121074         1.6316e-11        1.38411e-13        1.13834e-19            0.73276
139           0.003504        2.51183e-05        4.26177e-06             101325           0.169668        4.26177e-06            1998.38                  0           0.996515            1.52987        3.55054e+06        2.63344e-05        1.80921e-06        0.000121414          0.0445097         0.00128238           0.099328        1.34501e-06        1.20082e-21        5.84496e-23        7.49215e-21        3.01438e-21        0.000862551           0.121107        1.54147e-11        1.32379e-13        1.05648e-19            0.73276
140         0.00352912        2.51183e-05        4.26125e-06             101325           0.169648        4.26125e-06            1998.67                  0           0.996717            1.45106        3.33895e+06        2.57702e-05        1.75097e-06        0.000118816          0.0445027         0.00126912          0.0993405        1.33432e-06        1.12688e-21        5.48262e-23        7.09099e-21         2.8807e-21        0.000843449           0.121137        1.46016e-11        1.26868e-13        9.84038e-20            0.73276
141         0.00355423        2.51183e-05        4.26077e-06             101325           0.169628        4.26077e-06            1998.94                  0           0.996905            1.37927        3.14582e+06         2.5246e-05        1.69748e-06        0.000116406          0.0444962         0.00125667          0.0993523        1.32451e-06        1.06096e-21        5.15983e-23        6.73064e-21        2.75945e-21        0.000825678           0.121165          1.387e-11         1.2185e-13        9.20023e-20            0.73276
142         0.00357935        2.51183e-05        4.26033e-06             101325           0.169611        4.26033e-06            1999.18                  0            0.99708            1.31424        2.97027e+06        2.47616e-05        1.64857e-06        0.000114181          0.0444903         0.00124505          0.0993632        1.31556e-06        1.00234e-21        4.87302e-23         6.4079e-21        2.64985e-21         0.00080923            0.12119        1.32137e-11        1.17297e-13        8.63575e-20            0.73276
143         0.00360447        2.51183e-05        4.25992e-06             101325           0.169594        4.25992e-06            1999.41                  0           0.997242            1.25569        2.81149e+06        2.43165e-05        1.60408e-06        0.000112139          0.0444849         0.00123428          0.0993733        1.30744e-06        9.50399e-22        4.61909e-23           6.12e-21         2.5512e-21        0.000794099           0.121214        1.26274e-11        1.13188e-13        8.13954e-20            0.73276
144         0.00362959        2.51183e-05        4.25955e-06             101325            0.16958        4.25955e-06            1999.62                  0           0.997391            1.20342         2.6688e+06        2.39107e-05         1.5639e-06        0.000110279            0.04448         0.00122439          0.0993825        1.30012e-06        9.04612e-22         4.3954e-23        5.86457e-21        2.46294e-21        0.000780288           0.121236        1.21068e-11        1.09501e-13        7.70531e-20            0.73276
145         0.00365471        2.51183e-05        4.25921e-06             101325           0.169566        4.25921e-06            1999.81                  0           0.997527            1.15722        2.54162e+06        2.35443e-05        1.52794e-06        0.000108601          0.0444756         0.00121538          0.0993909        1.29359e-06        8.64531e-22        4.19969e-23        5.63961e-21         2.3846e-21        0.000767803           0.121255        1.16479e-11        1.06223e-13        7.32774e-20            0.73276
146         0.00367983        2.51183e-05        4.25891e-06             101325           0.169554        4.25891e-06            1999.97                  0           0.997649            1.11689        2.42944e+06        2.32176e-05        1.49612e-06        0.000107106          0.0444717         0.00120729          0.0993984        1.28783e-06         8.2979e-22        4.03014e-23        5.44353e-21        2.31581e-21         0.00075666           0.121273        1.12476e-11        1.03339e-13        7.00243e-20            0.73276
147         0.00370494        2.51183e-05        4.25864e-06             101325           0.169544        4.25864e-06            2000.12                  0           0.997758            1.08225        2.33183e+06        2.29312e-05        1.46843e-06        0.000105796          0.0444683         0.00120016           0.099405        1.28282e-06        8.00094e-22        3.88527e-23        5.27507e-21        2.25632e-21        0.000746884           0.121288        1.09035e-11        1.00842e-13        6.72587e-20            0.73276
148         0.00373006        2.51183e-05        4.25841e-06             101325           0.169535        4.25841e-06            2000.25                  0           0.997852            1.05312        2.24846e+06        2.26861e-05        1.44486e-06        0.000104676          0.0444654         0.00119403          0.0994106        1.27858e-06        7.75225e-22        3.76399e-23        5.13336e-21        2.20599e-21        0.000738508           0.121301         1.0614e-11        9.87271e-14        6.49534e-20            0.73276
149         0.00375518        2.51183e-05        4.25823e-06             101325           0.169527        4.25823e-06            2000.35                  0           0.997933            1.02927        2.17906e+06        2.24833e-05        1.42548e-06        0.000103751          0.0444631         0.00118893          0.0994153        1.27509e-06        7.55038e-22        3.66557e-23        5.01788e-21        2.16476e-21        0.000731576           0.121312         1.0378e-11        9.69938e-14        6.30896e-20            0.73276
150          0.0037803        2.51183e-05        4.25808e-06             101325           0.169521        4.25808e-06            2000.43                  0           0.997998            1.01051        2.12344e+06        2.23245e-05        1.41036e-06        0.000103026          0.0444612         0.00118492           0.099419        1.27238e-06        7.39461e-22        3.58964e-23         4.9285e-21        2.13272e-21        0.000726142           0.121321        1.01953e-11        9.56458e-14         6.1656e-20            0.73276
151         0.00380542        2.51183e-05        4.25797e-06             101325           0.169517        4.25797e-06            2000.49                  0           0.998049           0.996612        2.08153e+06        2.22114e-05        1.39963e-06         0.00010251          0.0444599         0.00118206          0.0994216        1.27045e-06        7.28495e-22        3.53619e-23        4.86541e-21        2.11004e-21        0.000722271           0.121327        1.00664e-11        9.46912e-14        6.06492e-20            0.73276
152         0.00383053        2.51183e-05        4.25791e-06             101325           0.169515        4.25791e-06            2000.53                  0           0.998083           0.987394        2.05336e+06         2.2146e-05        1.39343e-06        0.000102211          0.0444591          0.0011804          0.0994231        1.26934e-06          7.222e-22        3.50552e-23        4.82915e-21        2.09697e-21        0.000720032            0.12133        9.99224e-12        9.41412e-14        6.00722e-20            0.73276
