# Time 0.00072
# eta = 0.002
# length = 0.000213901
#--- 	  	 LEM Line data  --- 
#(1) wafer              (2) x             (3) dx              (4) m              (5) p            (6) rho              (7) m              (8) T              (9) Z             (10) C          (11) dCdt       (12) heatRel                  (13) Y_H2                  (14) Y_H                  (15) Y_O                  (16) Y_O2                  (17) Y_OH                  (18) Y_H2O                  (19) Y_HO2                  (20) Y_CH2                  (21) Y_CH2(S)                  (22) Y_CH3                  (23) Y_CH4                  (24) Y_CO                  (25) Y_CO2                  (26) Y_HCO                  (27) Y_CH2O                  (28) Y_CH2OH                  (29) Y_N2
0        1.25591e-05        2.51183e-05        2.83398e-05             101325            1.12825        2.83398e-05            300.903                  0                  0                  0       5.11713e-310        6.90904e-08        3.07829e-17        8.33981e-13           0.222521        2.67344e-12        4.37227e-05        3.62431e-08         5.7817e-17        3.00157e-18        4.12309e-07          0.0446219         2.4122e-06        4.98951e-05        4.19862e-17        2.32727e-07        6.60979e-21            0.73276
1        3.76774e-05        2.51183e-05        2.83055e-05             101325            1.12689        2.83055e-05            301.268                  0        0.000444632        2.26175e-07            9.63628        1.01813e-07         5.0573e-17        9.57563e-13            0.22249        3.78744e-12        6.14961e-05        5.03987e-08         1.1139e-16        5.79154e-18         5.8209e-07          0.0446137        3.59417e-06        6.99025e-05        8.15176e-17        3.36872e-07        1.28426e-20            0.73276
2        6.27957e-05        2.51183e-05        2.82549e-05             101325            1.12488        2.82549e-05            301.806                  0        0.000601653        3.18138e-07            17.2222        1.56617e-07         8.1771e-17        9.43853e-13           0.222444         5.4827e-12        8.78805e-05        7.07246e-08        2.32751e-16        1.21311e-17        8.36799e-07          0.0446015        5.62246e-06        9.92296e-05        1.72442e-16        5.03995e-07        2.72053e-20            0.73276
3        8.79139e-05        2.51183e-05        2.81775e-05             101325            1.12179        2.81775e-05            302.635                  0        0.000858382        4.83394e-07             34.209         2.4939e-07        1.34867e-16        8.28775e-13           0.222373        8.17319e-12        0.000128698        1.01478e-07        5.11052e-16        2.67315e-17        1.23368e-06          0.0445826        9.11907e-06        0.000144109        3.84607e-16        7.77938e-07        6.09757e-20            0.73276
4        0.000113032        2.51183e-05        2.80628e-05             101325            1.11723        2.80628e-05             303.87                  0         0.00125257        7.71949e-07            71.3237        4.00924e-07        2.33784e-16        6.45017e-13           0.222267        1.23421e-11        0.000189824        1.46704e-07        1.14026e-15        5.99558e-17        1.83165e-06          0.0445542        1.49327e-05        0.000210526        8.74547e-16        1.21153e-06        1.40213e-19            0.73276
5         0.00013815        2.51183e-05        2.78979e-05             101325            1.11066        2.78979e-05            305.665                  0         0.00183873          1.281e-06            151.139        6.42539e-07        4.38693e-16        4.41266e-13           0.222112        1.87372e-11        0.000279132        2.11832e-07        2.54052e-15        1.34575e-16        2.71002e-06          0.0445126        2.43695e-05        0.000306274        1.99359e-15        1.88116e-06        3.26162e-19            0.73276
6        0.000163269        2.51183e-05        2.76666e-05             101325            1.10145        2.76666e-05            308.216                  0         0.00268867            2.2e-06             319.06        1.02018e-06         8.9519e-16        2.63144e-13           0.221892        2.85573e-11        0.000406902         3.0408e-07        5.61127e-15        3.00311e-16        3.97242e-06          0.0444529        3.93872e-05        0.000441173         4.5275e-15        2.89437e-06         7.6521e-19            0.73276
7        0.000188387        2.51183e-05        2.73507e-05             101325            1.08888        2.73507e-05            311.771                  0         0.00389451        3.90881e-06             663.24         1.5994e-06        1.94567e-15        1.35546e-13           0.221583         4.3803e-11        0.000586208        4.33044e-07        1.22728e-14        6.66058e-16        5.75055e-06           0.044369        6.28398e-05        0.000627218        1.02452e-14        4.39853e-06        1.81766e-18            0.73276
8        0.000213505        2.51183e-05        2.69303e-05             101325            1.07214        2.69303e-05            316.631                  0         0.00557117        7.18884e-06             1348.9        2.47096e-06        4.40117e-15        6.00599e-14           0.221159        6.79788e-11        0.000833229        6.11557e-07        2.66565e-14        1.47359e-15        8.20666e-06           0.044253        9.87629e-05        0.000878551        2.31981e-14        6.58954e-06        4.40805e-18            0.73276
9        0.000238624        2.51183e-05        2.63863e-05             101325            1.05048        2.63863e-05            323.145                  0         0.00785764         1.3696e-05             2675.3         3.7562e-06        1.02391e-14        2.30206e-14           0.220587        1.07448e-10         0.00116737        8.56979e-07         5.7769e-14        3.26994e-15        1.15338e-05          0.0440956        0.000152668          0.0012112        5.28827e-14          9.719e-06        1.10258e-17            0.73276
10        0.000263742        2.51183e-05        2.57035e-05             101325             1.0233        2.57035e-05            331.713                  0          0.0109164        2.70401e-05            5167.31        5.61106e-06        2.44546e-14        8.10584e-15           0.219832        1.74088e-10         0.00161109        1.19311e-06        1.25538e-13        7.31774e-15        1.59534e-05           0.043886        0.000231792         0.00164255        1.22122e-13        1.40977e-05        2.87195e-17            0.73276
11         0.00028886        2.51183e-05        2.48732e-05             101325           0.990242        2.48732e-05            342.759                  0          0.0149305        5.53077e-05            9719.29        8.22721e-06        6.00452e-14        3.92777e-15           0.218851        2.90371e-10         0.00218946        1.65296e-06        2.74467e-13        1.65721e-14        2.17088e-05           0.043612        0.000345223         0.00219057        2.86901e-13        2.00929e-05        7.83831e-17            0.73276
12        0.000313978        2.51183e-05        2.38969e-05             101325           0.951375        2.38969e-05            356.724                  0          0.0200975        0.000116992            17818.3        1.18287e-05        1.51482e-13        6.14612e-15           0.217603        4.98944e-10         0.00292923        2.28248e-06        6.03986e-13        3.79764e-14        2.90565e-05          0.0432603        0.000503821         0.00287285        6.86263e-13        2.81179e-05        2.24244e-16            0.73276
13        0.000339097        2.51183e-05        2.27879e-05             101325           0.907224        2.27879e-05            374.029                  0          0.0266215        0.000254868            31890.8        1.66637e-05        3.90871e-13        1.97203e-14           0.216043         8.7999e-10         0.00385773        3.14538e-06        1.33376e-12        8.76957e-14        3.82556e-05          0.0428176        0.000719878         0.00370563        1.66613e-12        3.86126e-05        6.68252e-16            0.73276
14        0.000364215        2.51183e-05        2.15707e-05             101325           0.858767        2.15707e-05            395.059                  0          0.0347034        0.000567839            55845.6        2.29909e-05        1.02357e-12        7.51412e-14           0.214129        1.58069e-09         0.00500149         4.3288e-06        2.93753e-12        2.02466e-13         4.9557e-05          0.0422706         0.00100653         0.00470305        4.07843e-12         5.2019e-05         2.0495e-15            0.73276
15        0.000389333        2.51183e-05        2.02785e-05             101325            0.80732        2.02785e-05            420.131                  0          0.0445313         0.00128126            95937.5        3.10645e-05        2.69902e-12        3.08264e-13           0.211825         2.8617e-09         0.00638506        5.94954e-06        6.40267e-12        4.62713e-13        6.31974e-05          0.0416071         0.00137698         0.00587667        9.98065e-12        6.87539e-05        6.37558e-15            0.73276
16        0.000414451        2.51183e-05        1.89484e-05             101325           0.754366        1.89484e-05            449.484                  0          0.0562726         0.00289455             162163         4.1119e-05        7.13644e-12        1.31907e-12           0.209096         5.1628e-09         0.00803011        8.16034e-06        1.37036e-11        1.03628e-12        7.93969e-05          0.0408163         0.00184379         0.00723545        2.42156e-11        8.91862e-05        1.98644e-14            0.73276
17         0.00043957        2.51183e-05        1.76168e-05             101325           0.701356        1.76168e-05            483.273                  0          0.0700705         0.00647033             270549        5.33589e-05        1.89646e-11        5.75073e-12           0.205915        9.18868e-09         0.00995504        1.11558e-05        2.86387e-11         2.2564e-12        9.83645e-05          0.0398887         0.00241819         0.00878612        5.79126e-11        0.000113621        6.16396e-14            0.73276
18        0.000464688        2.51183e-05        1.63157e-05             101325           0.649555        1.63157e-05            521.577                  0          0.0860433          0.0141614             446976        6.79533e-05         5.1142e-11        2.50985e-11           0.202259         1.6026e-08          0.0121751        1.51777e-05        5.83921e-11         4.7621e-12        0.000120308          0.0388168         0.00310979          0.0105339         1.3637e-10        0.000142293         1.9149e-13            0.73276
19        0.000489806        2.51183e-05        1.50696e-05             101325           0.599945        1.50696e-05            564.404                  0           0.104288          0.0301257             733930        8.50362e-05         1.4164e-10        1.08254e-10           0.198107        2.73689e-08          0.0147028        2.05183e-05        1.17048e-10        9.79127e-12        0.000145447          0.0375941          0.0039265          0.0124829        3.17933e-10        0.000175369        6.04956e-13            0.73276
20        0.000514925        2.51183e-05        1.38954e-05             101325           0.553201        1.38954e-05            611.717                  0           0.124886          0.0621846        1.20392e+06        0.000104712        4.05612e-10        4.56743e-10           0.193445        4.61716e-08          0.0175487        2.75217e-05         2.3562e-10        1.99648e-11        0.000174032          0.0362151         0.00487465          0.0146373        7.43529e-10        0.000212945        1.97764e-12            0.73276
21        0.000540043        2.51183e-05        1.28031e-05             101325           0.509711        1.28031e-05            663.441                  0           0.147909           0.125535        1.99113e+06         0.00012706        1.19533e-09        1.86666e-09           0.188257        7.88068e-08          0.0207221        3.65794e-05        4.94831e-10        4.17712e-11        0.000206362          0.0346751         0.00595926          0.0170011        1.77719e-09        0.000255058        6.72235e-12            0.73276
22        0.000565161        2.51183e-05        1.17964e-05             101325           0.469634        1.17964e-05            719.485                  0           0.173424           0.253702        3.37669e+06        0.000152144        3.56865e-09        7.31393e-09            0.18253        1.42035e-07          0.0242311        4.81141e-05        1.13397e-09        9.37132e-11        0.000242809          0.0329699         0.00718428           0.019579        4.41752e-09        0.000301679        2.34134e-11            0.73276
23        0.000590279        2.51183e-05        1.08751e-05             101325           0.432956        1.08751e-05            779.745                  0           0.201495           0.535794        6.02915e+06        0.000180015         1.0578e-08        2.71957e-08           0.176253         2.8407e-07          0.0280832        6.25388e-05        2.89606e-09        2.31902e-10        0.000283853          0.0310954         0.00855276          0.0223757        1.14821e-08        0.000352714        8.13884e-11            0.73276
24        0.000615398        2.51183e-05         1.0036e-05             101325           0.399551         1.0036e-05             844.11                  0           0.232184            1.24269         1.1667e+07        0.000210714         3.0585e-08          9.515e-08           0.169415        6.43524e-07          0.0322845        8.01692e-05        8.04566e-09        6.24812e-10        0.000330142          0.0290482          0.0100668          0.0253958        3.08354e-08        0.000407991        2.75345e-10            0.73276
25        0.000640516        2.51183e-05        9.27431e-06             101325           0.369226        9.27431e-06             912.46                  0           0.265546            3.22504        2.47836e+07        0.000244271        8.52764e-08        3.11548e-07           0.162008        1.60187e-06          0.0368387        0.000101056        2.31269e-08         1.7538e-09        0.000382558          0.0268255          0.0117273           0.028643        8.35009e-08        0.000467238        8.90624e-10            0.73276
26        0.000665634        2.51183e-05        8.58432e-06             101325           0.341756        8.58432e-06            984.652                  0           0.301618            9.05325        5.68421e+07        0.000280696        2.28082e-07        9.53052e-07           0.154034         4.1476e-06          0.0417449        0.000124694        6.57787e-08        4.90359e-09        0.000442205          0.0244266          0.0135328          0.0321188        2.22093e-07        0.000530028        2.72523e-09            0.73276
27        0.000690752        2.51183e-05        7.96035e-06             101325           0.316915        7.96035e-06            1060.49                  0           0.340404            25.9483        1.35736e+08        0.000319946         5.8429e-07         2.7275e-06           0.145504        1.06772e-05           0.046993        0.000149568        1.79901e-07        1.32435e-08        0.000510009          0.0218546          0.0154785          0.0358205        5.67848e-07        0.000595615          7.839e-09            0.73276
28        0.000715871        2.51183e-05        7.39718e-06             101325           0.294494        7.39718e-06            1139.67                  0           0.381838            72.4346        3.25155e+08        0.000361894        1.43245e-06        7.32682e-06           0.136442          2.661e-05          0.0525629         0.00017263        4.65442e-07        3.39345e-08        0.000585417          0.0191177          0.0175549          0.0397432        1.37445e-06        0.000662633        2.11057e-08           0.732759
29        0.000740989        2.51183e-05        6.89045e-06             101325            0.27432        6.89045e-06            1221.68                  0           0.425796            191.233        7.58987e+08         0.00040619        3.35035e-06        1.85336e-05           0.126886         6.3278e-05          0.0584179        0.000189075        1.12604e-06        8.14756e-08        0.000663313          0.0162341          0.0197452          0.0438813        3.11127e-06         0.00072829        5.29058e-08           0.732759
30        0.000766107        2.51183e-05        6.43745e-06             101325           0.256285        6.43745e-06            1305.57                  0           0.472066            468.163        1.68613e+09        0.000451826        7.41859e-06        4.41793e-05           0.116912        0.000142085          0.0644817        0.000193362        2.50973e-06        1.80545e-07        0.000728957          0.0132463          0.0220123          0.0482261        6.49004e-06        0.000786438        1.22083e-07           0.732758
31        0.000791225        2.51183e-05        6.03804e-06             101325           0.240384        6.03804e-06            1389.57                  0           0.520197            1042.01        3.47698e+09        0.000496224        1.53441e-05        9.89497e-05           0.106679         0.00029785          0.0706003        0.000182032         5.0169e-06        3.59638e-07        0.000754239          0.0102449          0.0242729          0.0527603        1.21845e-05        0.000823994        2.53031e-07           0.732757
32        0.000816344        2.51183e-05        5.69574e-06             101325           0.226757        5.69574e-06            1470.52                  0           0.569276            2054.85        6.44303e+09        0.000533771        2.90611e-05        0.000206631           0.096504        0.000574333          0.0764954        0.000156211        8.56922e-06        6.14462e-07        0.000705666         0.00739183          0.0263508          0.0574505        1.98186e-05        0.000817252        4.49095e-07           0.732756
33        0.000841462        2.51183e-05        5.41707e-06             101325           0.215663        5.41707e-06            1543.67                  0           0.617641            3472.06        1.02656e+10        0.000555243        4.92104e-05        0.000396641          0.0869236         0.00100086          0.0817574        0.000121678          1.167e-05         8.4248e-07        0.000574253         0.00491164          0.0279417          0.0622352        2.65493e-05        0.000738635        6.36484e-07           0.732756
34         0.00086658        2.51183e-05        5.20648e-06             101325           0.207279        5.20648e-06            1604.13                  0           0.662851            4865.58        1.33694e+10        0.000552455        7.32649e-05        0.000684781            0.07858         0.00155355          0.0859733        8.68239e-05        1.20773e-05        8.84632e-07        0.000401628         0.00300322          0.0286955           0.067012        2.81809e-05         0.00058713           6.86e-07           0.732756
35        0.000891699        2.51183e-05        5.05882e-06             101325             0.2014        5.05882e-06            1649.87                  0           0.702459            5597.07        1.38564e+10        0.000527872         9.6487e-05         0.00104184          0.0719077         0.00214451          0.0889594        5.85249e-05        9.77653e-06        7.29951e-07        0.000248206         0.00171585          0.0284605          0.0716393        2.39531e-05        0.000408879        5.77449e-07           0.732756
36        0.000916817        2.51183e-05        4.95923e-06             101325           0.197435        4.95923e-06            1682.81                  0           0.735298            5433.47        1.17743e+10        0.000494327        0.000115413         0.00139922          0.0669191         0.00267618          0.0908495         3.9068e-05        6.68463e-06        5.08907e-07         0.00014193        0.000937537          0.0274138          0.0759747        1.72204e-05        0.000257025        4.08639e-07           0.732757
37        0.000941935        2.51183e-05        4.89109e-06             101325           0.194722        4.89109e-06            1706.72                  0           0.761828            4705.32        8.76683e+09        0.000463562        0.000129117          0.0016986          0.0633138         0.00309916          0.0919475        2.70563e-05        4.15285e-06        3.21599e-07        7.79629e-05         0.00049972          0.0258945          0.0799233        1.11413e-05        0.000151569        2.61078e-07           0.732758
38        0.000967053        2.51183e-05        4.84184e-06             101325           0.192762        4.84184e-06            1724.96                  0            0.78328            3844.41        6.12272e+09        0.000440312        0.000138137         0.00191846          0.0607122         0.00341264           0.092549        2.00357e-05        2.45478e-06        1.92805e-07        4.20261e-05         0.00026311          0.0241985          0.0834507        6.78848e-06        8.62659e-05        1.57799e-07           0.732758
39        0.000992172        2.51183e-05        4.80372e-06             101325           0.191244        4.80372e-06            1739.72                  0           0.800888            3082.71        4.24216e+09        0.000424313        0.000143408         0.00206404          0.0587954         0.00363714          0.0928686        1.59981e-05        1.41458e-06        1.12403e-07         2.2476e-05        0.000137817          0.0225113          0.0865664         4.0019e-06        4.81835e-05        9.25698e-08           0.732759
40         0.00101729        2.51183e-05        4.77234e-06             101325           0.189995        4.77234e-06            1752.32                  0           0.815611            2480.18        3.03661e+09        0.000413539        0.000145809         0.00215047          0.0573371         0.00379553          0.0930409        1.36484e-05        8.04753e-07        6.45621e-08        1.19946e-05        7.21043e-05          0.0209276          0.0893019        2.31824e-06        2.66577e-05        5.34334e-08           0.732759
41         0.00104241        2.51183e-05        4.74529e-06             101325           0.188918        4.74529e-06             1763.5                  0           0.828135            2021.61        2.29713e+09        0.000405927        0.000146063         0.00219331          0.0561886         0.00390632          0.0931435        1.22316e-05        4.55069e-07        3.67984e-08        6.40791e-06        3.77687e-05          0.0194861          0.0916977        1.33241e-06        1.46864e-05        3.05782e-08           0.732759
42         0.00106753        2.51183e-05        4.72125e-06             101325           0.187961        4.72125e-06            1773.64                  0            0.83894            1673.57         1.8448e+09        0.000399924        0.000144732         0.00220524          0.0552547         0.00398293          0.0932187        1.13274e-05        2.56766e-07        2.08982e-08        3.43344e-06        1.98353e-05          0.0181951          0.0937953        7.65146e-07        8.08224e-06        1.74238e-08           0.732759
43         0.00109264        2.51183e-05        4.69946e-06             101325           0.187093        4.69946e-06               1783                  0           0.848368            1405.61        1.55955e+09        0.000394522        0.000142246         0.00219568          0.0544747         0.00403467          0.0932884         1.0707e-05        1.44881e-07         1.1854e-08        1.84725e-06         1.0454e-05          0.0170481           0.095634        4.41765e-07        4.45144e-06        9.91107e-09            0.73276
44         0.00111776        2.51183e-05        4.67948e-06             101325           0.186298        4.67948e-06             1791.7                  0            0.85667            1195.07        1.36914e+09        0.000389135        0.000138935         0.00217137           0.053809         0.00406795          0.0933626        1.02465e-05        8.18595e-08        6.72551e-09        9.98643e-07        5.53253e-06          0.0160323          0.0972496        2.58174e-07         2.4566e-06        5.63651e-09            0.73276
45         0.00114288        2.51183e-05        4.66101e-06             101325           0.185563        4.66101e-06            1799.84                  0           0.864039             1026.2        1.23253e+09        0.000383468         0.00013505         0.00213699          0.0532313         0.00408721          0.0934452        9.87891e-06        4.63483e-08        3.81997e-09        5.42711e-07        2.94133e-06          0.0151325          0.0986736        1.53971e-07        1.35941e-06        3.20787e-09            0.73276
46           0.001168        2.51183e-05        4.64386e-06             101325            0.18488        4.64386e-06            1807.49                  0           0.870622            888.353        1.12713e+09        0.000377402        0.000130783         0.00209584          0.0527234         0.00409561          0.0935372         9.5678e-06        2.63077e-08        2.17315e-09         2.9655e-07         1.5713e-06           0.014334          0.0999338        9.46321e-08        7.54635e-07        1.82802e-09            0.73276
47         0.00119312        2.51183e-05        4.62788e-06             101325           0.184244        4.62788e-06            1814.68                  0            0.87654            774.226        1.04065e+09        0.000370924         0.00012628         0.00205023          0.0522722         0.00409544          0.0936376        9.29292e-06        1.49727e-08        1.23862e-09        1.62943e-07        8.43624e-07          0.0136231           0.101054        6.05999e-08        4.20343e-07        1.04337e-09            0.73276
48         0.00121824        2.51183e-05        4.61294e-06             101325           0.183649        4.61294e-06            1821.46                  0           0.881891            678.726        9.66446e+08        0.000364074        0.000121652          0.0020018          0.0518679         0.00408839          0.0937452        9.04281e-06        8.54495e-09        7.07389e-10        9.00282e-08        4.55258e-07          0.0129876           0.102054        4.08484e-08        2.34964e-07        5.96568e-10            0.73276
49         0.00124335        2.51183e-05        4.59893e-06             101325           0.183091        4.59893e-06            1827.87                  0           0.886755            598.171        9.00858e+08        0.000356918        0.000116985         0.00195172           0.051503         0.00407578          0.0938583        8.81081e-06        4.88983e-09        4.04832e-10        5.00131e-08        2.46948e-07          0.0124168           0.102951        2.91759e-08        1.31808e-07        3.41725e-10            0.73276
50         0.00126847        2.51183e-05        4.58578e-06             101325           0.182568        4.58578e-06            1833.93                  0           0.891201            529.808        8.41807e+08         0.00034953         0.00011234         0.00190086          0.0511716         0.00405862          0.0939753        8.59285e-06        2.80555e-09        2.32158e-10        2.79311e-08        1.34646e-07          0.0119017           0.103761        2.20961e-08        7.42029e-08        1.96106e-10            0.73276
51         0.00129359        2.51183e-05        4.57341e-06             101325           0.182075        4.57341e-06            1839.68                  0           0.895284            471.512         7.8805e+08        0.000341983        0.000107765         0.00184982           0.050869         0.00403773           0.094095        8.38635e-06        1.61374e-09        1.33403e-10        1.56787e-08        7.37903e-08          0.0114343           0.104496        1.76473e-08        4.19192e-08        1.12744e-10            0.73276
52         0.00131871        2.51183e-05        4.56174e-06             101325            0.18161        4.56174e-06            1845.14                  0           0.899053            421.599        7.38788e+08        0.000334341        0.000103293         0.00179906          0.0505913         0.00401377          0.0942162        8.18956e-06         9.3043e-10        7.68059e-11         8.8441e-09         4.0644e-08           0.011008           0.105166         1.4723e-08        2.37627e-08        6.49325e-11            0.73276
53         0.00134383        2.51183e-05        4.55071e-06             101325           0.181171        4.55071e-06            1850.32                  0           0.902548            378.705        6.93456e+08        0.000326661        9.89479e-05         0.00174892          0.0503351         0.00398729          0.0943379        8.00123e-06        5.37674e-10        4.43044e-11        5.01213e-09        2.24978e-08          0.0106171            0.10578         1.2697e-08        1.35163e-08        3.74612e-11            0.73276
54         0.00136895        2.51183e-05        4.54028e-06             101325           0.180756        4.54028e-06            1855.26                  0           0.905804            341.714        6.51626e+08         0.00031899        9.47458e-05         0.00169963          0.0500978         0.00395874          0.0944592        7.82043e-06        3.11378e-10        2.56034e-11        2.85308e-09        1.25135e-08          0.0102568           0.106346        1.12126e-08        7.71444e-09        2.16487e-11            0.73276
55         0.00139406        2.51183e-05        4.53039e-06             101325           0.180362        4.53039e-06            1859.96                  0           0.908849            309.699        6.12949e+08        0.000311368        9.06964e-05         0.00165136           0.049877         0.00392848          0.0945797        7.64642e-06        1.80696e-10        1.48226e-11         1.6309e-09        6.99292e-09         0.00992313           0.106871        1.00654e-08        4.41862e-09        1.25313e-11            0.73276
56         0.00141918        2.51183e-05          4.521e-06             101325           0.179989          4.521e-06            1864.45                  0           0.911709            281.889        5.77125e+08        0.000303825        8.68051e-05         0.00160422          0.0496708         0.00389684          0.0946988         7.4786e-06        1.05066e-10        8.59628e-12        9.35978e-10        3.92569e-09         0.00961251           0.107359        9.13641e-09        2.54051e-09        7.26547e-12            0.73276
57          0.0014443        2.51183e-05        4.51207e-06             101325           0.179633        4.51207e-06            1868.75                  0           0.914405            257.637        5.43894e+08        0.000296386        8.30737e-05          0.0015583          0.0494776         0.00386408          0.0948161        7.31644e-06        6.12067e-11        4.99396e-12        5.39191e-10        2.21356e-09         0.00932204           0.107815        8.35562e-09        1.46698e-09        4.21922e-12            0.73276
58         0.00146942        2.51183e-05        4.50357e-06             101325           0.179295        4.50357e-06            1872.85                  0           0.916955            236.401         5.1302e+08        0.000289069        7.95015e-05         0.00151364          0.0492958         0.00383041          0.0949314        7.15953e-06        3.57223e-11        2.90618e-12        3.11728e-10        1.25349e-09         0.00904924           0.108244        7.68076e-09        8.51498e-10        2.45416e-12            0.73276
59         0.00149454        2.51183e-05        4.49545e-06             101325           0.178971        4.49545e-06            1876.79                  0           0.919375            217.728        4.84296e+08        0.000281887        7.60856e-05         0.00147026          0.0491243         0.00379602          0.0950444        7.00747e-06        2.08867e-11        1.69411e-12        1.80839e-10         7.1277e-10         0.00879195           0.108648        7.08559e-09         4.9755e-10        1.42984e-12            0.73276
60         0.00151966        2.51183e-05         4.4877e-06             101325           0.178663         4.4877e-06            1880.57                  0           0.921678            201.233        4.57531e+08         0.00027485         7.2822e-05         0.00142816          0.0489619         0.00376106          0.0951551        6.85992e-06        1.22345e-11        9.89262e-13        1.05252e-10        4.06929e-10         0.00854837           0.109031        6.55321e-09         2.9336e-10        8.34459e-13            0.73276
61         0.00154477        2.51183e-05        4.48029e-06             101325           0.178368        4.48029e-06             1884.2                  0           0.923878            186.595        4.32556e+08        0.000267964        6.97056e-05         0.00138733          0.0488078         0.00372566          0.0952634        6.71658e-06         7.1793e-12        5.78679e-13         6.1452e-11        2.33226e-10         0.00831694           0.109395        6.07225e-09        1.75162e-10        4.87846e-13            0.73276
62         0.00156989        2.51183e-05        4.47318e-06             101325           0.178085        4.47318e-06            1887.69                  0           0.925983            173.545        4.09217e+08        0.000261232        6.67306e-05         0.00134775          0.0486611         0.00368991          0.0953692        6.57718e-06        4.22054e-12        3.39108e-13        3.59887e-11        1.34176e-10         0.00809631           0.109741        5.63468e-09        1.06479e-10        2.85734e-13            0.73276
63         0.00159501        2.51183e-05        4.46636e-06             101325           0.177813        4.46636e-06            1891.05                  0           0.928003            161.853        3.87375e+08        0.000254656         6.3891e-05         0.00130939          0.0485211         0.00365392          0.0954725        6.44145e-06        2.48573e-12         1.9908e-13         2.1139e-11        7.74775e-11         0.00788533           0.110073        5.23457e-09        6.63818e-11        1.67688e-13            0.73276
64         0.00162013        2.51183e-05        4.45982e-06             101325           0.177553        4.45982e-06             1894.3                  0           0.929945            151.329        3.66904e+08        0.000248236        6.11806e-05          0.0012722          0.0483873         0.00361774          0.0955734        6.30918e-06        1.46675e-12        1.17093e-13        1.24527e-11        4.48991e-11         0.00768301           0.110391        4.86732e-09        4.28356e-11        9.86225e-14            0.73276
65         0.00164525        2.51183e-05        4.45352e-06             101325           0.177302        4.45352e-06            1897.43                  0           0.931817             141.81        3.47691e+08        0.000241969        5.85929e-05         0.00123616           0.048259         0.00358144          0.0956719        6.18015e-06        8.67143e-13        6.90037e-14        7.35667e-12        2.61115e-11         0.00748849           0.110696        4.52926e-09        2.88996e-11        5.81428e-14            0.73276
66         0.00167036        2.51183e-05        4.44746e-06             101325           0.177061        4.44746e-06            1900.45                  0           0.933625             133.16        3.29635e+08        0.000235854        5.61217e-05         0.00120123          0.0481357         0.00354507           0.095768        6.05417e-06        5.13666e-13        4.07452e-14         4.3584e-12         1.5238e-11         0.00730101           0.110991        4.21732e-09        2.05611e-11        3.43727e-14            0.73276
67         0.00169548        2.51183e-05        4.44161e-06             101325           0.176828        4.44161e-06            1903.37                  0           0.935373            125.263        3.12643e+08        0.000229887         5.3761e-05         0.00116735          0.0480172         0.00350865          0.0958618        5.93107e-06        3.04896e-13        2.41085e-14        2.58935e-12        8.92295e-12         0.00711992           0.111275        3.92892e-09        1.54947e-11        2.03865e-14            0.73276
68          0.0017206        2.51183e-05        4.43597e-06             101325           0.176603        4.43597e-06            1906.21                  0           0.937067            118.023        2.96631e+08        0.000224063        5.15049e-05         0.00113449          0.0479029         0.00347222          0.0959535        5.81067e-06        1.81354e-13         1.4295e-14        1.54266e-12        5.24267e-12         0.00694466           0.111551        3.66183e-09         1.2349e-11        1.21393e-14            0.73276
69         0.00174572        2.51183e-05        4.43052e-06             101325           0.176386        4.43052e-06            1908.95                  0           0.938712            111.357        2.81525e+08        0.000218379        4.93477e-05          0.0011026          0.0477926          0.0034358           0.096043        5.69283e-06        1.08103e-13        8.49471e-15         9.2165e-13        3.09063e-12         0.00677472           0.111818        3.41412e-09        1.03367e-11        7.26447e-15            0.73276
70         0.00177084        2.51183e-05        4.42525e-06             101325           0.176176        4.42525e-06            1911.61                  0           0.940309            105.194        2.67256e+08        0.000212831        4.72841e-05         0.00107164          0.0476859          0.0033994          0.0961304        5.57741e-06        6.45817e-14        5.05933e-15        5.52184e-13        1.82803e-12         0.00660968           0.112077        3.18408e-09        8.99796e-12        4.37529e-15            0.73276
71         0.00179596        2.51183e-05        4.42014e-06             101325           0.175973        4.42014e-06             1914.2                  0           0.941864            99.4757        2.53763e+08        0.000207413         4.5309e-05         0.00104157          0.0475827         0.00336305          0.0962158        5.46427e-06        3.86698e-14        3.02029e-15        3.31765e-13        1.08481e-12         0.00644913            0.11233        2.97019e-09        8.06307e-12        2.65761e-15            0.73276
72         0.00182107        2.51183e-05         4.4152e-06             101325           0.175776         4.4152e-06            1916.71                  0           0.943378            94.1505         2.4099e+08        0.000202121        4.34177e-05         0.00101236          0.0474826         0.00332674          0.0962994         5.3533e-06        2.32089e-14        1.80736e-15        1.99903e-13        6.45885e-13         0.00629275           0.112575         2.7711e-09         7.3735e-12        1.63263e-15            0.73276
73         0.00184619        2.51183e-05         4.4104e-06             101325           0.175585         4.4104e-06            1919.15                  0           0.944856            89.1755        2.28887e+08         0.00019695        4.16055e-05        0.000983952          0.0473855         0.00329048          0.0963811        5.24438e-06        1.39633e-14        1.08421e-15        1.20798e-13        3.85822e-13         0.00614023           0.112815        2.58562e-09        6.83562e-12        1.01822e-15            0.73276
74         0.00187131        2.51183e-05        4.40575e-06             101325             0.1754        4.40575e-06            1921.53                  0           0.946298            84.5138        2.17408e+08        0.000191896        3.98683e-05        0.000956327          0.0472912         0.00325428          0.0964611        5.13743e-06        8.42174e-15        6.52059e-16        7.32103e-14        2.31234e-13         0.00599132           0.113049        2.41266e-09        6.39386e-12        6.47811e-16            0.73276
75         0.00189643        2.51183e-05        4.40123e-06             101325            0.17522        4.40123e-06            1923.85                  0           0.947707            80.1336         2.0651e+08        0.000186955        3.82022e-05        0.000929445          0.0471994         0.00321814          0.0965394        5.03233e-06        5.09244e-15        3.93181e-16        4.45008e-14        1.39043e-13         0.00584577           0.113278        2.25125e-09        6.01502e-12        4.22838e-16            0.73276
76         0.00192155        2.51183e-05        4.39683e-06             101325           0.175045        4.39683e-06            1926.11                  0           0.949086            76.0078        1.96157e+08        0.000182122        3.66035e-05        0.000903274          0.0471102         0.00318205          0.0966161        4.92901e-06        3.08739e-15        2.37718e-16        2.71311e-14        8.38862e-14         0.00570338           0.113501        2.10052e-09         5.6791e-12        2.84857e-16            0.73276
77         0.00194667        2.51183e-05        4.39255e-06             101325           0.174875        4.39255e-06            1928.31                  0           0.950435             72.113        1.86314e+08        0.000177393        3.50687e-05        0.000877785          0.0470232         0.00314601          0.0966913         4.8274e-06        1.87686e-15        1.44121e-16        1.65917e-14        5.07783e-14         0.00556396            0.11372        1.95967e-09        5.37391e-12        1.99126e-16            0.73276
78         0.00197178        2.51183e-05        4.38839e-06             101325           0.174709        4.38839e-06            1930.46                  0           0.951757            68.4289        1.76948e+08        0.000172766        3.35948e-05        0.000852948          0.0469385         0.00311002           0.096765        4.72741e-06        1.14413e-15        8.76239e-17        1.01779e-14        3.08406e-14         0.00542736           0.113935        1.82798e-09        5.09193e-12        1.44937e-16            0.73276
79          0.0019969        2.51183e-05        4.38433e-06             101325           0.174548        4.38433e-06            1932.56                  0           0.953053            64.9381        1.68033e+08        0.000168236        3.21786e-05        0.000828739          0.0468559         0.00307408          0.0968372        4.62899e-06        6.99461e-16        5.34291e-17        6.26315e-15        1.87946e-14         0.00529343           0.114145        1.70481e-09        4.82839e-12        1.09912e-16            0.73276
80         0.00202202        2.51183e-05        4.38038e-06             101325            0.17439        4.38038e-06            1934.61                  0           0.954323            61.6254        1.59541e+08        0.000163799        3.08175e-05        0.000805131          0.0467753         0.00303819          0.0969082        4.53209e-06        4.28875e-16        3.26762e-17        3.86653e-15        1.14926e-14         0.00516204           0.114352        1.58956e-09        4.58022e-12         8.6629e-17            0.73276
81         0.00204714        2.51183e-05        4.37652e-06             101325           0.174237        4.37652e-06            1936.61                  0            0.95557            58.4775        1.51448e+08        0.000159454         2.9509e-05        0.000782103          0.0466967         0.00300235          0.0969778        4.43665e-06        2.63767e-16        2.00458e-17        2.39482e-15        7.05172e-15         0.00503309           0.114555        1.48169e-09        4.34536e-12        7.06178e-17            0.73276
82         0.00207226        2.51183e-05        4.37276e-06             101325           0.174087        4.37276e-06            1938.57                  0           0.956794            55.4828        1.43733e+08        0.000155198        2.82507e-05        0.000759634          0.0466199         0.00296654          0.0970461        4.34263e-06        1.62737e-16        1.23367e-17        1.48826e-15        4.34182e-15         0.00490647           0.114753         1.3807e-09        4.12236e-12        5.91761e-17            0.73276
83         0.00209738        2.51183e-05        4.36909e-06             101325           0.173941        4.36909e-06            1940.49                  0           0.957995            52.6312        1.36376e+08        0.000151026        2.70403e-05        0.000737704          0.0465449         0.00293077          0.0971133        4.24999e-06        1.00737e-16        7.61758e-18        9.28061e-16        2.68265e-15         0.00478211           0.114949        1.28614e-09        3.91017e-12        5.06603e-17            0.73276
84         0.00212249        2.51183e-05        4.36551e-06             101325           0.173798        4.36551e-06            1942.37                  0           0.959176            49.9138        1.29358e+08        0.000146939        2.58759e-05        0.000716296          0.0464716         0.00289505          0.0971792        4.15871e-06        6.25757e-17        4.72001e-18        5.80784e-16        1.66337e-15         0.00465993           0.115141         1.1976e-09        3.70801e-12        4.40638e-17            0.73276
85         0.00214761        2.51183e-05          4.362e-06             101325           0.173659          4.362e-06             1944.2                  0           0.960335            47.3227        1.22662e+08        0.000142932        2.47556e-05        0.000695393             0.0464         0.00285935           0.097244        4.06875e-06        3.90155e-17        2.93536e-18        3.64794e-16        1.03504e-15         0.00453986           0.115329        1.11469e-09        3.51523e-12        3.87646e-17            0.73276
86         0.00217273        2.51183e-05        4.35858e-06             101325           0.173522        4.35858e-06               1946                  0           0.961475            44.8508        1.16272e+08        0.000139005        2.36776e-05         0.00067498            0.04633          0.0028237          0.0973077         3.9801e-06        2.44239e-17        1.83267e-18         2.3001e-16         6.4639e-16         0.00442186           0.115515        1.03706e-09        3.33129e-12        3.43734e-17            0.73276
87         0.00219785        2.51183e-05        4.35524e-06             101325           0.173389        4.35524e-06            1947.76                  0           0.962595            42.4919        1.10174e+08        0.000135155        2.26402e-05        0.000655044          0.0462617         0.00278809          0.0973703        3.89274e-06        1.53572e-17        1.14908e-18        1.45615e-16        4.05151e-16         0.00430588           0.115697        9.64385e-10        3.15576e-12        3.06434e-17            0.73276
88         0.00222297        2.51183e-05        4.35197e-06             101325           0.173259        4.35197e-06            1949.48                  0           0.963696            40.2404        1.04354e+08        0.000131382         2.1642e-05        0.000635572          0.0461949         0.00275252          0.0974319        3.80666e-06        9.70412e-18        7.23861e-19        9.25841e-17        2.54887e-16         0.00419187           0.115876        8.96356e-10        2.98823e-12        2.74145e-17            0.73276
89         0.00224809        2.51183e-05        4.34878e-06             101325           0.173132        4.34878e-06            1951.17                  0           0.964778            38.0913        9.88006e+07        0.000127683        2.06816e-05        0.000616554          0.0461297         0.00271699          0.0974924        3.72186e-06        6.16677e-18        4.58397e-19        5.91419e-17        1.60958e-16         0.00407982           0.116052        8.32696e-10        2.82834e-12        2.45802e-17            0.73276
90          0.0022732        2.51183e-05        4.34566e-06             101325           0.173008        4.34566e-06            1952.83                  0           0.965842            36.0398        9.35011e+07        0.000124058        1.97576e-05        0.000597978          0.0460659         0.00268151           0.097552        3.63833e-06        3.94479e-18        2.92038e-19        3.79735e-17        1.02034e-16         0.00396969           0.116225        7.73143e-10        2.67577e-12        2.20678e-17            0.73276
91         0.00229832        2.51183e-05         4.3426e-06             101325           0.172886         4.3426e-06            1954.45                  0           0.966888            34.0819        8.84449e+07        0.000120506        1.88687e-05        0.000579837          0.0460037         0.00264608          0.0976105        3.55607e-06        2.54324e-18        1.87359e-19        2.45219e-17        6.49349e-17         0.00386147           0.116395        7.17452e-10        2.53021e-12        1.98255e-17            0.73276
92         0.00232344        2.51183e-05        4.33962e-06             101325           0.172767        4.33962e-06            1956.03                  0           0.967916            32.2137        8.36219e+07        0.000117025        1.80139e-05        0.000562121          0.0459429         0.00261072           0.097668        3.47509e-06        1.65514e-18        1.21198e-19        1.59386e-17        4.14917e-17         0.00375514           0.116562        6.65395e-10         2.3914e-12        1.78152e-17            0.73276
93         0.00234856        2.51183e-05         4.3367e-06             101325           0.172651         4.3367e-06            1957.59                  0           0.968926            30.4316        7.90226e+07        0.000113616        1.71919e-05        0.000544823          0.0458836         0.00257541          0.0977246         3.3954e-06         1.0895e-18        7.91772e-20        1.04378e-17        2.66227e-17         0.00365069           0.116727        6.16758e-10        2.25906e-12        1.60076e-17            0.73276
94         0.00237368        2.51183e-05        4.33385e-06             101325           0.172538        4.33385e-06            1959.11                  0           0.969918            28.7323        7.46379e+07        0.000110276        1.64018e-05        0.000527936          0.0458257         0.00254019          0.0977803        3.31701e-06        7.27122e-19        5.23409e-20        6.89559e-18        1.71562e-17         0.00354811           0.116888        5.71341e-10        2.13295e-12        1.43792e-17            0.73276
95         0.00239879        2.51183e-05        4.33106e-06             101325           0.172427        4.33106e-06             1960.6                  0           0.970892            27.1127        7.04593e+07        0.000107007        1.56426e-05        0.000511453          0.0457692         0.00250505          0.0978349        3.23994e-06        4.93381e-19        3.50937e-20        4.60278e-18        1.11063e-17         0.00344742           0.117046        5.28953e-10        2.01283e-12         1.2911e-17            0.73276
96         0.00242391        2.51183e-05        4.32833e-06             101325           0.172318        4.32833e-06            1962.06                  0           0.971849            25.5699        6.64787e+07        0.000103806        1.49133e-05        0.000495371          0.0457142            0.00247          0.0978887         3.1642e-06        3.41393e-19        2.39275e-20        3.11006e-18        7.22454e-18         0.00334859           0.117201        4.89418e-10        1.89849e-12        1.15865e-17            0.73276
97         0.00244903        2.51183e-05        4.32567e-06             101325           0.172212        4.32567e-06            1963.49                  0           0.972789             24.101        6.26886e+07        0.000100675         1.4213e-05        0.000479682          0.0456605         0.00243506          0.0979415        3.08981e-06        2.41605e-19        1.66357e-20        2.13185e-18          4.724e-18         0.00325165           0.117353        4.52568e-10         1.7897e-12        1.03917e-17            0.73276
98         0.00247415        2.51183e-05        4.32306e-06             101325           0.172108        4.32306e-06            1964.88                  0           0.973711            22.7035        5.90814e+07        9.76124e-05        1.35409e-05        0.000464383          0.0456083         0.00240024          0.0979934         3.0168e-06        1.75325e-19        1.18248e-20        1.48597e-18        3.10652e-18         0.00315658           0.117503        4.18244e-10        1.68627e-12        9.31417e-18            0.73276
99         0.00249927        2.51183e-05        4.32052e-06             101325           0.172007        4.32052e-06            1966.25                  0           0.974615            21.3748        5.56504e+07        9.46182e-05        1.28962e-05        0.000449469          0.0455575         0.00236555          0.0980443        2.94518e-06        1.30682e-19        8.61168e-21        1.05578e-18        2.05576e-18         0.00306341           0.117649        3.86295e-10        1.58798e-12        8.34287e-18            0.73276
100         0.00252439        2.51183e-05        4.31804e-06             101325           0.171908        4.31804e-06            1967.59                  0           0.975501            20.1123        5.23886e+07        9.16923e-05         1.2278e-05        0.000434937           0.045508           0.002331          0.0980943        2.87498e-06        1.00109e-19        6.43441e-21        7.66329e-19         1.3701e-18         0.00297213           0.117793         3.5658e-10        1.49466e-12        7.46786e-18            0.73276
101          0.0025495        2.51183e-05        4.31562e-06             101325           0.171812        4.31562e-06            1968.89                  0            0.97637            18.9138        4.92898e+07        8.88345e-05        1.16855e-05        0.000420783            0.04546         0.00229662          0.0981434        2.80622e-06        7.87609e-20        4.93382e-21        5.69232e-19        9.20555e-19         0.00288276           0.117933        3.28964e-10        1.40612e-12        6.68018e-18            0.73276
102         0.00257462        2.51183e-05        4.31325e-06             101325           0.171718        4.31325e-06            1970.17                  0           0.977221            17.7769        4.63475e+07        8.60447e-05         1.1118e-05        0.000407003          0.0454133         0.00226242          0.0981916        2.73894e-06          6.352e-20        3.87926e-21        4.33146e-19        6.24335e-19          0.0027953            0.11807         3.0332e-10        1.32217e-12        5.97167e-18            0.73276
103         0.00259974        2.51183e-05        4.31095e-06             101325           0.171626        4.31095e-06            1971.42                  0           0.978054            16.6993        4.35559e+07        8.33227e-05        1.05749e-05        0.000393594          0.0453679         0.00222841          0.0982388        2.67314e-06        5.23703e-20        3.12184e-21        3.37668e-19         4.2808e-19         0.00270977           0.118205        2.79526e-10        1.24264e-12        5.33492e-18            0.73276
104         0.00262486        2.51183e-05         4.3087e-06             101325           0.171536         4.3087e-06            1972.63                  0            0.97887            15.6788         4.0909e+07        8.06685e-05        1.00553e-05        0.000380552           0.045324         0.00219462          0.0982851        2.60887e-06            4.4e-20        2.56487e-21        2.69453e-19        2.97277e-19         0.00262617           0.118336        2.57467e-10        1.16735e-12        4.76318e-18            0.73276
105         0.00264998        2.51183e-05        4.30651e-06             101325           0.171449        4.30651e-06            1973.82                  0           0.979667            14.7132        3.84012e+07        7.80818e-05        9.55849e-06        0.000367876          0.0452814         0.00216106          0.0983305        2.54614e-06        3.75493e-20        2.14512e-21        2.19726e-19        2.09519e-19         0.00254451           0.118464        2.37034e-10        1.09614e-12        4.25028e-18            0.73276
106          0.0026751        2.51183e-05        4.30437e-06             101325           0.171364        4.30437e-06            1974.98                  0           0.980447            13.8004        3.60269e+07        7.55627e-05         9.0839e-06        0.000355561          0.0452401         0.00212774          0.0983749        2.48498e-06        3.24503e-20        1.82095e-21        1.82685e-19          1.502e-19         0.00246481            0.11859        2.18124e-10        1.02885e-12         3.7906e-18            0.73276
107         0.00270021        2.51183e-05        4.30229e-06             101325           0.171281        4.30229e-06            1976.11                  0           0.981208            12.9382        3.37808e+07        7.31108e-05        8.63078e-06        0.000343604          0.0452002          0.0020947          0.0984184         2.4254e-06        2.83238e-20        1.56462e-21        1.54466e-19        1.09764e-19         0.00238706           0.118712        2.00639e-10        9.65309e-13        3.37899e-18            0.73276
108         0.00272533        2.51183e-05        4.30027e-06             101325           0.171201        4.30027e-06            1977.21                  0           0.981951            12.1247        3.16577e+07        7.07261e-05        8.19848e-06        0.000332002          0.0451616         0.00206196          0.0984609        2.36744e-06        2.49141e-20        1.35752e-21        1.32477e-19        8.19298e-20         0.00231127           0.118831        1.84484e-10        9.05365e-13        3.01077e-18            0.73276
109         0.00275045        2.51183e-05        4.29831e-06             101325           0.171123        4.29831e-06            1978.28                  0           0.982676            11.3577        2.96525e+07        6.84084e-05        7.78634e-06        0.000320753          0.0451243         0.00202952          0.0985026         2.3111e-06         2.2046e-20        1.18695e-21        1.14966e-19        6.25557e-20         0.00223745           0.118947        1.69572e-10        8.48863e-13        2.68168e-18            0.73276
110         0.00277557        2.51183e-05        4.29639e-06             101325           0.171047        4.29639e-06            1979.32                  0           0.983382            10.6352        2.77601e+07        6.61574e-05        7.39369e-06        0.000309852          0.0450883         0.00199741          0.0985432         2.2564e-06        1.95976e-20        1.04414e-21        1.00734e-19        4.88959e-20         0.00216561            0.11906         1.5582e-10        7.95653e-13        2.38782e-18            0.73276
111         0.00280069        2.51183e-05        4.29454e-06             101325           0.170973        4.29454e-06            1980.33                  0           0.984071            9.95532        2.59758e+07        6.39728e-05         7.0199e-06        0.000299297          0.0450537         0.00196566          0.0985829        2.20337e-06        1.74826e-20        9.22918e-22        8.89556e-20        3.91229e-20         0.00209573           0.119169        1.43147e-10        7.45587e-13        2.12566e-18            0.73276
112         0.00282581        2.51183e-05        4.29274e-06             101325           0.170901        4.29274e-06            1981.32                  0            0.98474            9.31605        2.42947e+07        6.18543e-05        6.66432e-06        0.000289083          0.0450203         0.00193429          0.0986217        2.15201e-06        1.56383e-20        8.18871e-22        7.90495e-20        3.20144e-20         0.00202783           0.119276         1.3148e-10        6.98521e-13        1.89197e-18            0.73276
113         0.00285092        2.51183e-05        4.29099e-06             101325           0.170831        4.29099e-06            1982.28                  0           0.985392            8.71552        2.27122e+07        5.98015e-05        6.32633e-06        0.000279207          0.0449881         0.00190331          0.0986595        2.10232e-06        1.40185e-20        7.28763e-22        7.06044e-20        2.67489e-20          0.0019619            0.11938        1.20747e-10        6.54315e-13        1.68383e-18            0.73276
114         0.00287604        2.51183e-05        4.28929e-06             101325           0.170764        4.28929e-06             1983.2                  0           0.986025            8.15185        2.12239e+07        5.78139e-05        6.00531e-06        0.000269665          0.0449572         0.00187275          0.0986963        2.05433e-06        1.25879e-20        6.50173e-22        6.33227e-20        2.27709e-20         0.00189793            0.11948        1.10882e-10        6.12831e-13         1.4986e-18            0.73276
115         0.00290116        2.51183e-05        4.28765e-06             101325           0.170698        4.28765e-06             1984.1                  0            0.98664            7.62322        1.98252e+07        5.58911e-05        5.70063e-06        0.000260453          0.0449276         0.00184263          0.0987322        2.00802e-06        1.13191e-20        5.81248e-22        5.69856e-20         1.9703e-20         0.00183592           0.119578        1.01821e-10        5.73937e-13        1.33387e-18            0.73276
116         0.00292628        2.51183e-05        4.28606e-06             101325           0.170635        4.28606e-06            1984.98                  0           0.987237            7.12786         1.8512e+07        5.40325e-05        5.41169e-06        0.000251566          0.0448991         0.00181297          0.0987671         1.9634e-06        1.01903e-20         5.2054e-22        5.14288e-20        1.72867e-20         0.00177586           0.119672        9.35065e-11        5.37501e-13        1.18749e-18            0.73276
117          0.0029514        2.51183e-05        4.28452e-06             101325           0.170574        4.28452e-06            1985.82                  0           0.987816            6.66404          1.728e+07        5.22375e-05        5.13789e-06           0.000243          0.0448718         0.00178379          0.0988011        1.92047e-06        9.18366e-21         4.6689e-22        4.65266e-20        1.53438e-20         0.00171773           0.119763        8.58817e-11        5.03398e-13        1.05748e-18            0.73276
118         0.00297651        2.51183e-05        4.28303e-06             101325           0.170515        4.28303e-06            1986.64                  0           0.988376            6.23007        1.61251e+07        5.05055e-05        4.87865e-06         0.00023475          0.0448457         0.00175511           0.098834        1.87922e-06        8.28449e-21        4.19353e-22        4.21809e-20        1.37506e-20         0.00166153           0.119852        7.88949e-11        4.71505e-13         9.4209e-19            0.73276
119         0.00300163        2.51183e-05        4.28159e-06             101325           0.170457        4.28159e-06            1987.43                  0           0.988919            5.82433        1.50434e+07        4.88356e-05        4.63337e-06        0.000226811          0.0448207         0.00172696          0.0988661        1.83964e-06        7.48026e-21        3.77149e-22        3.83136e-20        1.24201e-20         0.00160725           0.119937        7.24971e-11        4.41704e-13        8.39725e-19            0.73276
120         0.00302675        2.51183e-05        4.28021e-06             101325           0.170402        4.28021e-06            1988.19                  0           0.989444            5.44524        1.40311e+07        4.72272e-05        4.40149e-06        0.000219178          0.0447969         0.00169934          0.0988972        1.80171e-06         6.7603e-21        3.39619e-22        3.48612e-20         1.1291e-20         0.00155485           0.120019        6.66426e-11        4.13881e-13        7.48959e-19            0.73276
121         0.00305187        2.51183e-05        4.27887e-06             101325           0.170349        4.27887e-06            1988.93                  0           0.989951            5.09127        1.30845e+07        4.56794e-05        4.18246e-06        0.000211846          0.0447741         0.00167229          0.0989273        1.76543e-06        6.11535e-21        3.06204e-22        3.17716e-20        1.03191e-20         0.00150433           0.120098        6.12886e-11        3.87924e-13        6.68509e-19            0.73276
122         0.00307699        2.51183e-05        4.27758e-06             101325           0.170298        4.27758e-06            1989.64                  0            0.99044            4.76097           1.22e+07        4.41913e-05        3.97571e-06        0.000204809          0.0447524         0.00164582          0.0989565        1.73076e-06         5.5373e-21        2.76422e-22         2.9001e-20        9.47226e-21         0.00145566           0.120175        5.63954e-11        3.63728e-13        5.97228e-19            0.73276
123         0.00310211        2.51183e-05        4.27634e-06             101325           0.170248        4.27634e-06            1990.32                  0           0.990912            4.45294        1.13741e+07        4.27619e-05        3.78072e-06        0.000198062          0.0447317         0.00161994          0.0989847        1.69769e-06        5.01905e-21        2.49857e-22        2.65124e-20        8.72699e-21         0.00140882           0.120249        5.19257e-11        3.41192e-13        5.34086e-19            0.73276
124         0.00312722        2.51183e-05        4.27514e-06             101325           0.170201        4.27514e-06            1990.98                  0           0.991367            4.16583        1.06036e+07        4.13904e-05        3.59697e-06        0.000191598           0.044712         0.00159468           0.099012         1.6662e-06        4.55427e-21        2.26144e-22         2.4274e-20        8.06561e-21         0.00136379           0.120319        4.78452e-11        3.20215e-13        4.78166e-19            0.73276
125         0.00315234        2.51183e-05          4.274e-06             101325           0.170155          4.274e-06            1991.61                  0           0.991804            3.89836        9.88517e+06        4.00756e-05        3.42394e-06        0.000185412          0.0446933         0.00157005          0.0990383        1.63624e-06        4.13737e-21        2.04967e-22        2.22585e-20        7.47467e-21         0.00132054           0.120387        4.41219e-11        3.00707e-13        4.28648e-19            0.73276
126         0.00317746        2.51183e-05        4.27289e-06             101325           0.170111        4.27289e-06            1992.22                  0           0.992225            3.64931        9.21583e+06        3.88165e-05        3.26115e-06        0.000179498          0.0446756         0.00154606          0.0990638         1.6078e-06        3.76337e-21        1.86043e-22        2.04418e-20        6.94377e-21         0.00127904           0.120452        4.07261e-11        2.82576e-13        3.84801e-19            0.73276
127         0.00320258        2.51183e-05        4.27184e-06             101325           0.170069        4.27184e-06             1992.8                  0            0.99263            3.41753        8.59266e+06        3.76121e-05         3.1081e-06         0.00017385          0.0446587         0.00152273          0.0990883        1.58084e-06        3.42781e-21        1.69126e-22        1.88031e-20        6.46471e-21         0.00123926           0.120515        3.76303e-11        2.65738e-13        3.45978e-19            0.73276
128          0.0032277        2.51183e-05        4.27083e-06             101325           0.170029        4.27083e-06            1993.36                  0           0.993018            3.20194        8.01288e+06        3.64613e-05        2.96435e-06        0.000168461          0.0446428         0.00150007          0.0991118        1.55531e-06        3.12671e-21        1.53997e-22         1.7324e-20        6.03091e-21         0.00120118           0.120575        3.48094e-11        2.50113e-13        3.11599e-19            0.73276
129         0.00325282        2.51183e-05        4.26986e-06             101325            0.16999        4.26986e-06             1993.9                  0            0.99339            3.00151        7.47385e+06        3.53629e-05        2.82944e-06        0.000163325          0.0446277          0.0014781          0.0991345        1.53119e-06        2.85651e-21        1.40463e-22        1.59881e-20        5.63702e-21         0.00116477           0.120632        3.22399e-11        2.35623e-13        2.81153e-19            0.73276
130         0.00327793        2.51183e-05        4.26893e-06             101325           0.169953        4.26893e-06            1994.41                  0           0.993745            2.81528        6.97306e+06        3.43158e-05        2.70294e-06        0.000158437          0.0446135         0.00145683          0.0991562        1.50844e-06        2.61403e-21        1.28351e-22         1.4781e-20        5.27859e-21         0.00112999           0.120687        2.99004e-11        2.22196e-13        2.54185e-19            0.73276
131         0.00330305        2.51183e-05        4.26804e-06             101325           0.169918        4.26804e-06             1994.9                  0           0.994086            2.64235        6.50817e+06        3.33189e-05        2.58444e-06         0.00015379             0.0446         0.00143626          0.0991771        1.48701e-06        2.39641e-21        1.17509e-22        1.36899e-20         4.9519e-21         0.00109681           0.120739        2.77713e-11        2.09764e-13        2.30295e-19            0.73276
132         0.00332817        2.51183e-05         4.2672e-06             101325           0.169884         4.2672e-06            1995.37                  0           0.994411            2.48189        6.07695e+06        3.23711e-05        2.47356e-06        0.000149377          0.0445874         0.00141642          0.0991971        1.46686e-06         2.2011e-21        1.07802e-22        1.27033e-20        4.65378e-21         0.00106522           0.120788        2.58343e-11        1.98263e-13        2.09125e-19            0.73276
133         0.00335329        2.51183e-05         4.2664e-06             101325           0.169852         4.2664e-06            1995.81                  0           0.994721            2.33313        5.67732e+06        3.14714e-05        2.36991e-06        0.000145195          0.0445755          0.0013973          0.0992162        1.44795e-06        2.02582e-21         9.9109e-23        1.18111e-20        4.38148e-21         0.00103516           0.120835        2.40732e-11        1.87632e-13        1.90363e-19            0.73276
134         0.00337841        2.51183e-05        4.26564e-06             101325           0.169822        4.26564e-06            1996.24                  0           0.995016            2.19535        5.30734e+06        3.06185e-05        2.27314e-06        0.000141235          0.0445642         0.00137893          0.0992344        1.43025e-06        1.86854e-21        9.13243e-23        1.10042e-20        4.13266e-21         0.00100663            0.12088        2.24726e-11        1.77815e-13        1.73731e-19            0.73276
135         0.00340353        2.51183e-05        4.26491e-06             101325           0.169793        4.26491e-06            1996.64                  0           0.995296            2.06791         4.9652e+06        2.98116e-05        2.18291e-06        0.000137494          0.0445537         0.00136131          0.0992517         1.4137e-06        1.72743e-21        8.43527e-23        1.02746e-20        3.90524e-21         0.00097958           0.120923         2.1019e-11        1.68759e-13        1.58985e-19            0.73276
136         0.00342864        2.51183e-05        4.26423e-06             101325           0.169766        4.26423e-06            1997.02                  0           0.995562            1.95022        4.64923e+06        2.90497e-05        2.09892e-06        0.000133966          0.0445439         0.00134445          0.0992682        1.39827e-06        1.60087e-21        7.81104e-23        9.61491e-21         3.6974e-21        0.000953995           0.120963        1.96998e-11        1.60417e-13        1.45911e-19            0.73276
137         0.00345376        2.51183e-05        4.26358e-06             101325            0.16974        4.26358e-06            1997.38                  0           0.995814            1.84173        4.35788e+06        2.83318e-05        2.02087e-06        0.000130647          0.0445347         0.00132836          0.0992839        1.38391e-06        1.48742e-21        7.25228e-23        9.01885e-21        3.50756e-21        0.000929849           0.121001        1.85036e-11        1.52742e-13        1.34321e-19            0.73276
138         0.00347888        2.51183e-05        4.26297e-06             101325           0.169716        4.26297e-06            1997.72                  0           0.996051            1.74197        4.08974e+06        2.76571e-05        1.94848e-06        0.000127531          0.0445261         0.00131306          0.0992986        1.37059e-06        1.38578e-21        6.75242e-23        8.48066e-21        3.33429e-21         0.00090712           0.121037        1.74204e-11        1.45694e-13        1.24049e-19            0.73276
139           0.003504        2.51183e-05        4.26239e-06             101325           0.169693        4.26239e-06            1998.04                  0           0.996275            1.65049        3.84353e+06         2.7025e-05        1.88152e-06        0.000124614          0.0445182         0.00129856          0.0993126        1.35826e-06        1.29483e-21        6.30564e-23        7.99526e-21        3.17636e-21        0.000885789            0.12107        1.64409e-11        1.39234e-13         1.1495e-19            0.73276
140         0.00352912        2.51183e-05        4.26186e-06             101325           0.169672        4.26186e-06            1998.33                  0           0.996485            1.56691        3.61807e+06        2.64347e-05        1.81975e-06        0.000121895          0.0445108         0.00128486          0.0993257         1.3469e-06        1.21355e-21        5.90684e-23        7.55819e-21        3.03267e-21        0.000865841           0.121101        1.55569e-11        1.33329e-13        1.06898e-19            0.73276
141         0.00355424        2.51183e-05        4.26136e-06             101325           0.169652        4.26136e-06            1998.61                  0           0.996682            1.49088        3.41232e+06        2.58858e-05        1.76297e-06        0.000119368           0.044504         0.00127199          0.0993379        1.33647e-06        1.14106e-21        5.55153e-23        7.16547e-21        2.90225e-21        0.000847265           0.121131        1.47611e-11        1.27947e-13        9.97824e-20            0.73276
142         0.00357935        2.51183e-05        4.26089e-06             101325           0.169633        4.26089e-06            1998.87                  0           0.996864             1.4221        3.22534e+06         2.5378e-05        1.71101e-06        0.000117034          0.0444977         0.00125997          0.0993492        1.32694e-06        1.07659e-21        5.23578e-23        6.81366e-21        2.78429e-21        0.000830053           0.121158         1.4047e-11        1.23062e-13        9.35088e-20            0.73276
143         0.00360447        2.51183e-05        4.26046e-06             101325           0.169616        4.26046e-06            1999.11                  0           0.997034             1.3603         3.0563e+06         2.4911e-05        1.66372e-06        0.000114889           0.044492         0.00124881          0.0993598        1.31828e-06        1.01946e-21        4.95622e-23        6.49976e-21        2.67806e-21        0.000814204           0.121183        1.34089e-11        1.18649e-13        8.79948e-20            0.73276
144         0.00362959        2.51183e-05        4.26007e-06             101325           0.169601        4.26007e-06            1999.32                  0           0.997189            1.30522        2.90446e+06        2.44848e-05        1.62098e-06        0.000112934          0.0444868         0.00123854          0.0993694        1.31046e-06        9.69094e-22        4.70994e-23        6.22122e-21        2.58296e-21        0.000799724           0.121205        1.28421e-11        1.14689e-13        8.31704e-20            0.73276
145         0.00365471        2.51183e-05        4.25972e-06             101325           0.169587        4.25972e-06            1999.52                  0           0.997331            1.25664         2.7692e+06        2.40997e-05         1.5827e-06        0.000111168          0.0444821         0.00122919          0.0993781        1.30348e-06        9.25006e-22        4.49448e-23        5.97589e-21        2.49852e-21        0.000786623           0.121226        1.23424e-11        1.11166e-13        7.89764e-20            0.73276
146         0.00367983        2.51183e-05         4.2594e-06             101325           0.169574         4.2594e-06             1999.7                  0           0.997459            1.21434        2.64997e+06        2.37561e-05        1.54882e-06        0.000109595           0.044478         0.00122078          0.0993859        1.29732e-06         8.8679e-22        4.30782e-23        5.76203e-21        2.42434e-21        0.000774923           0.121244        1.19064e-11        1.08065e-13        7.53638e-20            0.73276
147         0.00370494        2.51183e-05        4.25913e-06             101325           0.169563        4.25913e-06            1999.85                  0           0.997573            1.17811         2.5463e+06        2.34547e-05        1.51932e-06        0.000108216          0.0444744         0.00121337          0.0993928        1.29196e-06        8.54126e-22        4.14835e-23        5.57828e-21        2.36017e-21        0.000764649            0.12126        1.15317e-11         1.0538e-13        7.22932e-20            0.73276
148         0.00373006        2.51183e-05        4.25889e-06             101325           0.169553        4.25889e-06            1999.98                  0           0.997673            1.14771        2.45783e+06        2.31965e-05        1.49421e-06        0.000107035          0.0444713         0.00120698          0.0993987        1.28741e-06        8.26772e-22        4.01485e-23         5.4237e-21        2.30585e-21        0.000755842           0.121274        1.12163e-11        1.03104e-13        6.97343e-20            0.73276
149         0.00375518        2.51183e-05        4.25869e-06             101325           0.169545        4.25869e-06            2000.09                  0           0.997757            1.12291        2.38424e+06        2.29828e-05        1.47354e-06        0.000106059          0.0444688         0.00120167          0.0994036        1.28367e-06        8.04569e-22        3.90653e-23        5.29773e-21        2.26136e-21         0.00074855           0.121286        1.09592e-11        1.01239e-13        6.76659e-20            0.73276
150          0.0037803        2.51183e-05        4.25853e-06             101325           0.169539        4.25853e-06            2000.18                  0           0.997826            1.10345        2.32531e+06        2.28154e-05        1.45741e-06        0.000105295          0.0444668         0.00119749          0.0994075        1.28076e-06        7.87436e-22        3.82296e-23        5.20021e-21        2.22676e-21        0.000742831           0.121295        1.07601e-11        9.97881e-14        6.60752e-20            0.73276
151         0.00380542        2.51183e-05        4.25842e-06             101325           0.169535        4.25842e-06            2000.24                  0           0.997879            1.08908        2.28094e+06        2.26961e-05        1.44596e-06         0.00010475          0.0444654          0.0011945          0.0994102        1.27869e-06        7.75375e-22        3.76414e-23        5.13139e-21        2.20227e-21        0.000738756           0.121301        1.06196e-11        9.87604e-14        6.49581e-20            0.73276
152         0.00383054        2.51183e-05        4.25836e-06             101325           0.169532        4.25836e-06            2000.28                  0           0.997915            1.07957        2.25113e+06        2.26271e-05        1.43935e-06        0.000104435          0.0444646         0.00119277          0.0994118         1.2775e-06        7.68451e-22        3.73037e-23        5.09182e-21        2.18815e-21        0.000736397           0.121305        1.05388e-11        9.81681e-14        6.43179e-20            0.73276
