# Time 0.00073
# eta = 0.002
# length = 0.00020023
#--- 	  	 LEM Line data  --- 
#(1) wafer              (2) x             (3) dx              (4) m              (5) p            (6) rho              (7) m              (8) T              (9) Z             (10) C          (11) dCdt       (12) heatRel                  (13) Y_H2                  (14) Y_H                  (15) Y_O                  (16) Y_O2                  (17) Y_OH                  (18) Y_H2O                  (19) Y_HO2                  (20) Y_CH2                  (21) Y_CH2(S)                  (22) Y_CH3                  (23) Y_CH4                  (24) Y_CO                  (25) Y_CO2                  (26) Y_HCO                  (27) Y_CH2O                  (28) Y_CH2OH                  (29) Y_N2
0        1.25591e-05        2.51183e-05        2.83369e-05             101325            1.12814        2.83369e-05            300.934                  0                  0                  0       6.35734e-310        7.33405e-08        3.02571e-17        7.64929e-13           0.222519        2.77129e-12        4.52763e-05        3.73021e-08        6.21585e-17        3.22737e-18        4.27773e-07          0.0446212        2.57613e-06        5.15612e-05        4.52701e-17        2.44663e-07        7.11132e-21            0.73276
1        3.76774e-05        2.51183e-05        2.83016e-05             101325            1.12673        2.83016e-05            301.309                  0        0.000459951         2.3518e-07            10.2609         1.0782e-07         4.9802e-17        8.76986e-13           0.222487        3.91813e-12        6.35621e-05        5.17889e-08        1.19227e-16        6.20009e-18         6.0272e-07          0.0446128        3.82885e-06        7.20953e-05        8.75132e-17        3.53362e-07        1.37591e-20            0.73276
2        6.27957e-05        2.51183e-05          2.825e-05             101325            1.12468          2.825e-05            301.859                  0        0.000621117        3.30341e-07            18.2814        1.65233e-07        8.09055e-17        8.61988e-13            0.22244        5.65272e-12        9.05464e-05        7.24756e-08        2.47399e-16        1.28976e-17        8.63562e-07          0.0446003        5.96613e-06        0.000102003        1.83864e-16        5.26765e-07        2.89523e-20            0.73276
3         8.7914e-05        2.51183e-05        2.81712e-05             101325            1.12154        2.81712e-05            302.702                  0        0.000883252        5.00674e-07             36.114        2.62032e-07        1.34625e-16        7.53984e-13           0.222367        8.39485e-12        0.000132132        1.03663e-07        5.39091e-16        2.82058e-17        1.26835e-06           0.044581        9.63547e-06         0.00014758        4.07038e-16        8.09872e-07        6.44185e-20            0.73276
4        0.000113032        2.51183e-05         2.8055e-05             101325            1.11691         2.8055e-05            303.955                  0         0.00128414        7.97305e-07            74.8132        4.19553e-07        2.36125e-16        5.84097e-13            0.22226        1.26301e-11         0.00019421        1.49395e-07        1.19392e-15        6.27983e-17        1.87617e-06          0.0445521        1.57124e-05        0.000214794        9.18878e-16        1.25639e-06         1.4709e-19            0.73276
5        0.000138151        2.51183e-05        2.78882e-05             101325            1.11028        2.78882e-05             305.77                  0         0.00187829        1.31947e-06            157.505        6.69801e-07        4.47782e-16        3.97537e-13           0.222103        1.91092e-11         0.00028466        2.15094e-07        2.64183e-15        1.39997e-16        2.76626e-06          0.0445099        2.55386e-05        0.000311396        2.08065e-15        1.94368e-06        3.39952e-19            0.73276
6        0.000163269        2.51183e-05        2.76551e-05             101325              1.101        2.76551e-05            308.344                  0         0.00273733        2.26015e-06             330.45        1.05953e-06        9.18808e-16        2.35797e-13            0.22188        2.90352e-11        0.000413744         3.0796e-07        5.79858e-15         3.1048e-16        4.04194e-06          0.0444496        4.11158e-05        0.000447126        4.69647e-15        2.98029e-06        7.92928e-19            0.73276
7        0.000188387        2.51183e-05        2.73374e-05             101325            1.08835        2.73374e-05            311.922                  0         0.00395294        4.00527e-06            683.002        1.65519e-06        1.99781e-15        1.20809e-13           0.221569        4.44154e-11        0.000594499        4.37562e-07        1.26112e-14        6.84785e-16        5.83419e-06          0.0443649        6.53495e-05        0.000633858        1.05692e-14        4.51448e-06        1.87369e-18            0.73276
8        0.000213505        2.51183e-05        2.69155e-05             101325            1.07155        2.69155e-05            316.804                  0         0.00563929        7.34676e-06             1381.9        2.54843e-06         4.5077e-15        5.32871e-14           0.221143         6.8767e-11        0.000843034        6.16704e-07        2.72547e-14        1.50752e-15        8.30408e-06          0.0442482        0.000102331        0.000885575        2.38145e-14        6.74271e-06         4.5227e-18            0.73276
9        0.000238624        2.51183e-05        2.63706e-05             101325            1.04986        2.63706e-05            323.337                  0         0.00793433         1.3959e-05            2728.06        3.86131e-06        1.04492e-14        2.03648e-14           0.220569        1.08469e-10         0.00117866        8.62715e-07        5.88038e-14        3.33045e-15        1.16431e-05            0.04409        0.000157626         0.00121811        5.40487e-14        9.91661e-06        1.12644e-17            0.73276
10        0.000263742        2.51183e-05        2.56876e-05             101325            1.02266        2.56876e-05            331.916                  0          0.0109993        2.74832e-05            5247.69        5.75018e-06        2.48648e-14        7.21547e-15           0.219812        1.75418e-10         0.00162372        1.19937e-06        1.27285e-13        7.42375e-15        1.60704e-05          0.0438797        0.000238512         0.00164867        1.24318e-13        1.43462e-05        2.92251e-17            0.73276
11         0.00028886        2.51183e-05         2.4858e-05             101325           0.989638         2.4858e-05            342.966                  0          0.0150156        5.60592e-05            9835.51        8.40659e-06        6.08396e-14        3.66998e-15           0.218831        2.92091e-10         0.00220317        1.65965e-06        2.77317e-13        1.67525e-14        2.18274e-05           0.043605        0.000354099         0.00219501        2.91004e-13         2.0397e-05         7.9464e-17            0.73276
12        0.000313978        2.51183e-05        2.38834e-05             101325           0.950838        2.38834e-05            356.923                  0          0.0201797        0.000118259            17977.1        1.20539e-05        1.52993e-13        6.07859e-15           0.217582        5.01089e-10         0.00294365         2.2895e-06        6.08365e-13         3.8267e-14        2.91684e-05          0.0432528        0.000515235         0.00287462        6.93773e-13        2.84797e-05         2.2652e-16            0.73276
13        0.000339097        2.51183e-05        2.27768e-05             101325           0.906784        2.27768e-05            374.208                  0          0.0266944        0.000256953            32094.1        1.69387e-05        3.93626e-13        1.96795e-14           0.216023        8.82408e-10         0.00387239         3.1526e-06        1.33974e-12        8.81124e-14        3.83507e-05          0.0428098        0.000734167         0.00370369        1.67928e-12        3.90308e-05        6.72734e-16            0.73276
14        0.000364215        2.51183e-05        2.15626e-05             101325           0.858442        2.15626e-05            395.204                  0          0.0347602        0.000571062            56086.3        2.33177e-05        1.02818e-12        7.49739e-14           0.214111        1.58273e-09         0.00501589        4.33603e-06        2.94363e-12        2.02911e-13        4.96245e-05          0.0422627         0.00102394         0.00469642        4.09946e-12        5.24884e-05        2.05676e-15            0.73276
15        0.000389333        2.51183e-05        2.02734e-05             101325           0.807116        2.02734e-05            420.231                  0          0.0445651         0.00128558            96191.8        3.14428e-05        2.70552e-12        3.07401e-13            0.21181         2.8616e-09         0.00639868        5.95649e-06        6.40289e-12        4.62724e-13        6.32261e-05          0.0415994         0.00139767          0.0058645        1.00083e-11        6.92656e-05        6.38043e-15            0.73276
16        0.000414452        2.51183e-05        1.89461e-05             101325           0.754276        1.89461e-05             449.53                  0          0.0562773         0.00289844             162378        4.15459e-05        7.14183e-12        1.31483e-12           0.209085        5.15678e-09         0.00804247        8.16657e-06        1.36812e-11        1.03446e-12        7.93767e-05           0.040809         0.00186776         0.00721712        2.42342e-11         8.9728e-05        1.98333e-14            0.73276
17         0.00043957        2.51183e-05         1.7617e-05             101325           0.701364         1.7617e-05             483.26                  0           0.070041         0.00646792             270619         5.3829e-05        1.89556e-11        5.73034e-12           0.205908        9.16966e-09         0.00996573        1.11607e-05        2.85546e-11        2.24933e-12        9.82865e-05           0.039882         0.00244533         0.00876128         5.7863e-11        0.000114178        6.14304e-14            0.73276
18        0.000464688        2.51183e-05        1.63178e-05             101325           0.649639        1.63178e-05            521.499                  0          0.0859761          0.0141368             446709        6.84592e-05        5.10701e-11         2.5002e-11           0.202256        1.59822e-08          0.0121838        1.51803e-05        5.81646e-11        4.74239e-12        0.000120165          0.0388109         0.00313986          0.0105024         1.3608e-10         0.00014285        1.90582e-13            0.73276
19        0.000489806        2.51183e-05        1.50731e-05             101325           0.600084        1.50731e-05            564.262                  0           0.104181          0.0300424             732979         8.5569e-05        1.41333e-10        1.07806e-10            0.19811        2.72821e-08          0.0147092        2.05174e-05        1.16513e-10         9.7441e-12        0.000145234          0.0375891         0.00395915           0.012445        3.16951e-10        0.000175908        6.01539e-13            0.73276
20        0.000514925        2.51183e-05        1.38998e-05             101325           0.553374        1.38998e-05            611.512                  0            0.12474          0.0619693        1.20167e+06        0.000105261        4.04475e-10        4.54735e-10           0.193453        4.60134e-08          0.0175527        2.75157e-05        2.34437e-10        1.98602e-11        0.000173746          0.0362112         0.00490945          0.0145933        7.40705e-10         0.00021345        1.96545e-12            0.73276
21        0.000540043        2.51183e-05        1.28079e-05             101325           0.509903        1.28079e-05            663.177                  0           0.147724           0.125045        1.98644e+06        0.000127616        1.19139e-09        1.85812e-09           0.188271        7.85256e-08          0.0207235        3.65664e-05        4.92195e-10        4.15422e-11        0.000206001          0.0346724         0.00599572          0.0169516        1.76956e-09        0.000255513        6.67958e-12            0.73276
22        0.000565161        2.51183e-05        1.18014e-05             101325           0.469831        1.18014e-05            719.167                  0           0.173202           0.252651        3.36728e+06        0.000152695        3.55585e-09        7.28004e-09           0.182549        1.41514e-07            0.02423        4.80919e-05        1.12772e-09        9.31891e-11        0.000242372          0.0329685         0.00722188          0.0195245        4.39727e-09        0.000302071        2.32653e-11            0.73276
23         0.00059028        2.51183e-05          1.088e-05             101325           0.433151          1.088e-05            779.377                  0           0.201238           0.533492        6.01002e+06         0.00018055        1.05391e-08        2.70718e-08           0.176277        2.82995e-07          0.0280794         6.2505e-05        2.88001e-09        2.30608e-10         0.00028334          0.0310953         0.00859093          0.0223169        1.14285e-08        0.000353029        8.08886e-11            0.73276
24        0.000615398        2.51183e-05        1.00407e-05             101325           0.399737        1.00407e-05              843.7                  0           0.231896            1.23721        1.16262e+07        0.000211222         3.0475e-08        9.47351e-08           0.169444        6.41043e-07           0.032278        8.01218e-05        8.00204e-09        6.21413e-10        0.000329553          0.0290495           0.010105          0.0253336        3.06945e-08        0.000408219         2.7373e-10            0.73276
25        0.000640516        2.51183e-05        9.27866e-06             101325           0.369399        9.27866e-06            912.013                  0            0.26523            3.21068        2.46922e+07        0.000244742        8.49848e-08        3.10275e-07           0.162042        1.59573e-06          0.0368296        0.000100994        2.30071e-08        1.74469e-09        0.000381892          0.0268282          0.0117649          0.0285782        8.31396e-08        0.000467372        8.85689e-10            0.73276
26        0.000665634        2.51183e-05         8.5883e-06             101325           0.341915         8.5883e-06            984.175                  0           0.301279            9.01366         5.6631e+07         0.00028112        2.27352e-07        9.49458e-07           0.154071        4.13226e-06          0.0417333        0.000124619        6.54584e-08        4.87964e-09        0.000441462          0.0244307          0.0135694          0.0320523        2.21205e-07        0.000530063        2.71108e-09            0.73276
27        0.000690753        2.51183e-05        7.96396e-06             101325           0.317058        7.96396e-06            1059.99                  0           0.340046            25.8401        1.35248e+08        0.000320316         5.8255e-07        2.71809e-06           0.145545        1.06398e-05          0.0469791        0.000149485        1.79086e-07        1.31833e-08        0.000509192            0.02186          0.0155136           0.035753        5.65787e-07        0.000595551         7.8011e-09            0.73276
28        0.000715871        2.51183e-05        7.40041e-06             101325           0.294623        7.40041e-06            1139.15                  0           0.381466            72.1533        3.24054e+08        0.000362203         1.4285e-06        7.30374e-06           0.136487        2.65228e-05          0.0525469        0.000172554        4.63498e-07         3.3792e-08         0.00058454          0.0191244          0.0175881          0.0396755        1.36998e-06        0.000662479        2.10113e-08           0.732759
29        0.000740989        2.51183e-05        6.89333e-06             101325           0.274435        6.89333e-06            1221.15                  0           0.425415            190.556        7.56614e+08        0.000406434        3.34185e-06        1.84804e-05           0.126934        6.30861e-05          0.0584001        0.000189024        1.12175e-06        8.11627e-08         0.00066242          0.0162419           0.019776          0.0438143        3.10235e-06        0.000728066         5.2689e-08           0.732759
30        0.000766107        2.51183e-05        6.43997e-06             101325           0.256386        6.43997e-06            1305.04                  0           0.471681            466.684        1.68138e+09        0.000452006        7.40158e-06        4.40646e-05           0.116961         0.00014169          0.0644626        0.000193357        2.50116e-06        1.79923e-07        0.000728142           0.013255          0.0220407          0.0481604        6.47405e-06        0.000786188        1.21634e-07           0.732758
31        0.000791226        2.51183e-05        6.04023e-06             101325           0.240472        6.04023e-06            1389.05                  0           0.519814            1039.19        3.46849e+09        0.000496351        1.53134e-05        9.87203e-05           0.106728        0.000297108          0.0705808        0.000182082        5.00223e-06        3.58573e-07        0.000753652           0.010254          0.0242989          0.0526967        1.21603e-05        0.000823801        2.52228e-07           0.732757
32        0.000816344        2.51183e-05         5.6976e-06             101325           0.226831         5.6976e-06            1470.02                  0           0.568902             2050.4        6.43043e+09        0.000533874        2.90136e-05        0.000206214          0.0965525        0.000573092          0.0764767        0.000156307        8.54992e-06        6.13047e-07        0.000705448          0.0074004          0.0263751          0.0573896         1.9791e-05        0.000817237        4.47983e-07           0.732756
33        0.000841462        2.51183e-05         5.4186e-06             101325           0.215723         5.4186e-06            1543.22                  0           0.617286            3466.85         1.0252e+10        0.000555366        4.91519e-05         0.00039598          0.0869684        0.000999081          0.0817413        0.000121794        1.16541e-05        8.41276e-07        0.000574392         0.00491882          0.0279654          0.0621776        2.65323e-05        0.000738892        6.35495e-07           0.732756
34        0.000866581        2.51183e-05         5.2077e-06             101325           0.207327         5.2077e-06            1603.74                  0           0.662527            4861.91        1.33622e+10        0.000552626        7.32135e-05        0.000683933          0.0786188         0.00155143          0.0859609        8.69304e-05         1.2072e-05        8.84178e-07        0.000401928         0.00300841          0.0287196          0.0669582        2.81854e-05        0.000587595        6.85593e-07           0.732756
35        0.000891699        2.51183e-05        5.05979e-06             101325           0.201439        5.05979e-06            1649.53                  0           0.702171            5596.92        1.38599e+10        0.000528076        9.64616e-05         0.00104103          0.0719396          0.0021424          0.0889508        5.86048e-05        9.77917e-06        7.30095e-07        0.000248477         0.00171912          0.0284853          0.0715899        2.39727e-05        0.000409359        5.77534e-07           0.732756
36        0.000916817        2.51183e-05        4.96003e-06             101325           0.197467        4.96003e-06            1682.52                  0           0.735048            5436.47        1.17844e+10        0.000494532        0.000115422         0.00139871          0.0669447         0.00267438          0.0908438         3.9121e-05        6.68919e-06        5.09226e-07        0.000142109        0.000939403          0.0274385          0.0759297        1.72419e-05        0.000257387        4.08883e-07           0.732757
37        0.000941935        2.51183e-05        4.89178e-06             101325            0.19475        4.89178e-06            1706.46                  0           0.761609            4709.72        8.77767e+09         0.00046375         0.00012916         0.00169852          0.0633345         0.00309775          0.0919436          2.709e-05        4.15648e-06        3.21869e-07        7.80659e-05        0.000500724          0.0259182          0.0798827        1.11577e-05        0.000151799        2.61294e-07           0.732758
38        0.000967054        2.51183e-05        4.84247e-06             101325           0.192787        4.84247e-06            1724.71                  0           0.783088             3848.9        6.13155e+09        0.000440485         0.00013821          0.0019188          0.0607293         0.00341161           0.092546        2.00575e-05        2.45709e-06        1.92984e-07        4.20816e-05        0.000263633          0.0242206          0.0834142        6.79913e-06        8.63988e-05        1.57944e-07           0.732758
39        0.000992172        2.51183e-05         4.8043e-06             101325           0.191267         4.8043e-06            1739.49                  0           0.800717            3086.73        4.24867e+09         0.00042448        0.000143505         0.00206474            0.05881         0.00363642           0.092866        1.60132e-05        1.41591e-06        1.12509e-07        2.25049e-05        0.000138085          0.0225317          0.0865335        4.00828e-06        4.82565e-05        9.26566e-08           0.732759
40         0.00101729        2.51183e-05        4.77289e-06             101325           0.190017        4.77289e-06             1752.1                  0           0.815456            2483.64        3.04136e+09        0.000413711        0.000145927         0.00215145          0.0573499         0.00379507          0.0930382        1.36599e-05        8.05478e-07        6.46211e-08        1.20094e-05        7.22399e-05          0.0209463          0.0892722        2.32189e-06        2.66966e-05        5.34822e-08           0.732759
41         0.00104241        2.51183e-05        4.74582e-06             101325           0.188939        4.74582e-06            1763.28                  0           0.827993            2024.57        2.30075e+09         0.00040611        0.000146196         0.00219451          0.0562001         0.00390608          0.0931406         1.2241e-05        4.55449e-07          3.683e-08        6.41532e-06        3.78369e-05          0.0195032          0.0916707        1.33446e-06        1.47067e-05        3.06045e-08           0.732759
42         0.00106753        2.51183e-05        4.72176e-06             101325           0.187981        4.72176e-06            1773.43                  0           0.838808            1676.13        1.84775e+09        0.000400121        0.000144878         0.00220661          0.0552652         0.00398288          0.0932156        1.13358e-05        2.56959e-07        2.09147e-08        3.43712e-06        1.98695e-05          0.0182108          0.0937705        7.66279e-07        8.09266e-06        1.74376e-08           0.732759
43         0.00109265        2.51183e-05        4.69996e-06             101325           0.187113        4.69996e-06            1782.79                  0           0.848245            1407.85        1.56211e+09        0.000394736        0.000142402          0.0021972          0.0544844         0.00403478           0.093285        1.07148e-05        1.44977e-07        1.18623e-08        1.84905e-06         1.0471e-05          0.0170627          0.0956111        4.42395e-07        4.45672e-06        9.91804e-09            0.73276
44         0.00111776        2.51183e-05        4.67997e-06             101325           0.186317        4.67997e-06            1791.49                  0           0.856554            1197.05        1.37148e+09        0.000389367          0.0001391           0.002173          0.0538182         0.00406821          0.0933589        1.02539e-05        8.19044e-08        6.72956e-09         9.9951e-07        5.54099e-06          0.0160458          0.0972282        2.58532e-07        2.45923e-06        5.63993e-09            0.73276
45         0.00114288        2.51183e-05         4.6615e-06             101325           0.185582         4.6615e-06            1799.63                  0           0.863927            1027.98        1.23473e+09        0.000383717        0.000135222         0.00213873          0.0532401         0.00408762          0.0934412        9.88624e-06        4.63683e-08        3.82186e-09        5.43118e-07         2.9455e-06          0.0151453          0.0986535        1.54181e-07         1.3607e-06        3.20947e-09            0.73276
46           0.001168        2.51183e-05        4.64435e-06             101325           0.184899        4.64435e-06            1807.27                  0           0.870514            889.955        1.12924e+09        0.000377669        0.000130961         0.00209767          0.0527319         0.00409616          0.0935329        9.57507e-06        2.63157e-08        2.17397e-09        2.96734e-07        1.57334e-06          0.0143462          0.0999146        9.47635e-08         7.5525e-07        1.82872e-09            0.73276
47         0.00119312        2.51183e-05        4.62836e-06             101325           0.184263        4.62836e-06            1814.47                  0           0.876435            775.686        1.04271e+09        0.000371208        0.000126463         0.00205215          0.0522804         0.00409611          0.0936331         9.3002e-06        1.49752e-08        1.23892e-09        1.63022e-07        8.44611e-07          0.0136349           0.101035        6.06892e-08        4.20626e-07        1.04364e-09            0.73276
48         0.00121824        2.51183e-05        4.61342e-06             101325           0.183668        4.61342e-06            1821.25                  0           0.881787            680.068         9.6846e+08        0.000364375        0.000121841          0.0020038           0.051876          0.0040892          0.0937404        9.05016e-06        8.54514e-09        7.07469e-10        9.00579e-08        4.55727e-07          0.0129991           0.102036         4.0915e-08        2.35087e-07        5.96642e-10            0.73276
49         0.00124335        2.51183e-05        4.59941e-06             101325            0.18311        4.59941e-06            1827.65                  0           0.886652            599.415         9.0284e+08        0.000357237        0.000117178         0.00195381           0.051511         0.00407671          0.0938532        8.81827e-06        4.88919e-09        4.04819e-10        5.00214e-08        2.47166e-07          0.0124282           0.102934        2.92301e-08        1.31857e-07        3.41718e-10            0.73276
50         0.00126847        2.51183e-05        4.58627e-06             101325           0.182587        4.58627e-06            1833.71                  0           0.891098             530.97        8.43766e+08        0.000349866        0.000112537         0.00190303          0.0511797         0.00405969            0.09397        8.60046e-06        2.80472e-09        2.32114e-10        2.79308e-08        1.34743e-07          0.0119129           0.103744        2.21434e-08        7.42177e-08        1.96072e-10            0.73276
51         0.00129359        2.51183e-05        4.57389e-06             101325           0.182094        4.57389e-06            1839.46                  0            0.89518            472.607        7.89992e+08        0.000342337        0.000107966         0.00185207          0.0508771         0.00403893          0.0940894        8.39415e-06        1.61298e-09        1.33356e-10        1.56756e-08        7.38308e-08          0.0114456           0.104478        1.76905e-08        4.19201e-08        1.12706e-10            0.73276
52         0.00131871        2.51183e-05        4.56223e-06             101325            0.18163        4.56223e-06            1844.91                  0           0.898947            422.639        7.40718e+08        0.000334713        0.000103499          0.0018014          0.0505994         0.00401512          0.0942103        8.19758e-06         9.2982e-10        7.67653e-11        8.84057e-09        4.06588e-08          0.0110194           0.105148        1.47637e-08        2.37588e-08        6.48998e-11            0.73276
53         0.00134383        2.51183e-05        4.55121e-06             101325           0.181191        4.55121e-06            1850.09                  0            0.90244            379.701        6.95379e+08        0.000327051        9.91578e-05         0.00175135          0.0503434         0.00398879          0.0943317        8.00951e-06        5.37216e-10        4.42728e-11        5.00905e-09        2.25015e-08          0.0106288           0.105762         1.2736e-08        1.35114e-08        3.74355e-11            0.73276
54         0.00136895        2.51183e-05        4.54079e-06             101325           0.180776        4.54079e-06            1855.02                  0           0.905692            342.676        6.53548e+08          0.0003194        9.49601e-05         0.00170215          0.0501063         0.00396039          0.0944527          7.829e-06        3.11048e-10          2.558e-11        2.85066e-09        1.25129e-08          0.0102688           0.106328        1.12506e-08        7.71007e-09        2.16296e-11            0.73276
55         0.00139406        2.51183e-05        4.53091e-06             101325           0.180383        4.53091e-06            1859.72                  0           0.908734            310.634        6.14872e+08        0.000311798        9.09153e-05         0.00165398          0.0498858          0.0039303          0.0945729        7.65531e-06        1.80464e-10        1.48059e-11        1.62911e-09          6.991e-09         0.00993545           0.106851        1.01025e-08        4.41517e-09        1.25177e-11            0.73276
56         0.00141918        2.51183e-05        4.52153e-06             101325            0.18001        4.52153e-06             1864.2                  0            0.91159            282.804        5.79054e+08        0.000304275        8.70288e-05         0.00160695          0.0496799         0.00389883          0.0946917        7.48784e-06        1.04906e-10        8.58467e-12        9.34707e-10        3.92366e-09         0.00962526           0.107339        9.17282e-09        2.53795e-09        7.25599e-12            0.73276
57          0.0014443        2.51183e-05        4.51262e-06             101325           0.179655        4.51262e-06            1868.49                  0           0.914281            258.538        5.45831e+08        0.000296858        8.33024e-05         0.00156114          0.0494869         0.00386625          0.0948086        7.32608e-06        6.10983e-11        4.98601e-12        5.38306e-10        2.21184e-09          0.0093353           0.107794        8.39151e-09        1.46517e-09        4.21273e-12            0.73276
58         0.00146942        2.51183e-05        4.50412e-06             101325           0.179317        4.50412e-06            1872.59                  0           0.916825            237.293         5.1497e+08        0.000289563        7.97354e-05         0.00151659          0.0493055         0.00383277          0.0949236        7.16958e-06        3.56495e-11        2.90081e-12        3.11122e-10        1.25217e-09         0.00906304           0.108222        7.71622e-09        8.50252e-10        2.44978e-12            0.73276
59         0.00149454        2.51183e-05        4.49603e-06             101325           0.178994        4.49603e-06            1876.52                  0            0.91924            218.614         4.8626e+08        0.000282404        7.63249e-05         0.00147333          0.0491343         0.00379858          0.0950362        7.01796e-06        2.08382e-11        1.69052e-12        1.80429e-10        7.11806e-10         0.00880637           0.108626        7.12069e-09        4.96714e-10        1.42691e-12            0.73276
60         0.00151966        2.51183e-05        4.48829e-06             101325           0.178686        4.48829e-06            1880.29                  0           0.921537            202.118        4.59512e+08        0.000275391        7.30669e-05         0.00143135          0.0489724         0.00376383          0.0951466         6.8709e-06        1.22023e-11        9.86873e-13        1.04977e-10        4.06249e-10         0.00856345           0.109007        6.58801e-09        2.92813e-10         8.3251e-13            0.73276
61         0.00154477        2.51183e-05        4.48089e-06             101325           0.178392        4.48089e-06            1883.91                  0            0.92373            187.482        4.34556e+08        0.000268531        6.99562e-05         0.00139065          0.0488187         0.00372865          0.0952544        6.72807e-06        7.15808e-12        5.77101e-13         6.1269e-11        2.32757e-10         0.00833273            0.10937        6.10679e-09        1.74814e-10         4.8656e-13            0.73276
62         0.00156989        2.51183e-05         4.4738e-06             101325           0.178109         4.4738e-06            1887.39                  0           0.925828            174.435        4.11237e+08        0.000261825        6.69871e-05          0.0013512          0.0486724         0.00369314          0.0953598         6.5892e-06         4.2066e-12         3.3807e-13        3.58673e-11        1.33858e-10         0.00811285           0.109715        5.66901e-09        1.06266e-10         2.8489e-13            0.73276
63         0.00159501        2.51183e-05          4.467e-06             101325           0.177839          4.467e-06            1890.74                  0           0.927841            162.749        3.89417e+08        0.000255277        6.41535e-05         0.00131297          0.0485329         0.00365739          0.0954627        6.45404e-06         2.4766e-12          1.984e-13        2.10588e-11        7.72638e-11         0.00790267           0.110046        5.26871e-09        6.62598e-11        1.67136e-13            0.73276
64         0.00162013        2.51183e-05        4.46047e-06             101325           0.177579        4.46047e-06            1893.97                  0           0.929775            152.232        3.68968e+08        0.000248885        6.14491e-05         0.00127593          0.0483995         0.00362148          0.0955632        6.32237e-06        1.46078e-12        1.16649e-13        1.23999e-11        4.47567e-11         0.00770119           0.110362        4.90129e-09        4.27743e-11        9.82629e-14            0.73276
65         0.00164525        2.51183e-05         4.4542e-06             101325           0.177329         4.4542e-06            1897.09                  0           0.931639            142.722        3.49779e+08        0.000242647        5.88676e-05         0.00124003          0.0482717         0.00358545          0.0956612        6.19396e-06        8.63251e-13        6.87136e-14        7.32199e-12        2.60171e-11         0.00750754           0.110666        4.56306e-09        2.88786e-11        5.79094e-14            0.73276
66         0.00167037        2.51183e-05        4.44815e-06             101325           0.177088        4.44815e-06             1900.1                  0           0.933439            134.081        3.31746e+08        0.000236562        5.64026e-05         0.00120524           0.048149         0.00354936          0.0957568        6.06864e-06        5.11131e-13        4.05562e-14        4.33563e-12        1.51758e-11         0.00732097            0.11096        4.25096e-09         2.0567e-11        3.42217e-14            0.73276
67         0.00169548        2.51183e-05        4.44233e-06             101325           0.176856        4.44233e-06            1903.02                  0           0.935178            126.195        3.14777e+08        0.000230625        5.40482e-05         0.00117151           0.048031         0.00351324          0.0958502        5.94621e-06        3.03246e-13        2.39856e-14        2.57443e-12        8.88205e-12         0.00714083           0.111243         3.9624e-09        1.55184e-11        2.02892e-14            0.73276
68          0.0017206        2.51183e-05        4.43671e-06             101325           0.176633        4.43671e-06            1905.84                  0           0.936864            118.965        2.98788e+08        0.000224833        5.17983e-05         0.00113881          0.0479173         0.00347713          0.0959413        5.82652e-06        1.80281e-13        1.42151e-14        1.53288e-12        5.21585e-12         0.00696654           0.111516        3.69515e-09        1.23847e-11        1.20769e-14            0.73276
69         0.00174572        2.51183e-05        4.43128e-06             101325           0.176417        4.43128e-06            1908.57                  0           0.938498             112.31        2.83705e+08        0.000219181        4.96473e-05         0.00110707          0.0478076         0.00344103          0.0960303         5.7094e-06        1.07405e-13         8.4428e-15        9.15244e-13        3.07307e-12         0.00679761           0.111782        3.44726e-09        1.03805e-11        7.22482e-15            0.73276
70         0.00177084        2.51183e-05        4.42603e-06             101325           0.176208        4.42603e-06            1911.22                  0           0.940086            106.157        2.69458e+08        0.000213665        4.75898e-05         0.00107627          0.0477015         0.00340498          0.0961172        5.59473e-06        6.41279e-14        5.02561e-15        5.47988e-13        1.81654e-12         0.00663358            0.11204        3.21703e-09        9.04722e-12        4.35033e-15            0.73276
71         0.00179596        2.51183e-05        4.42095e-06             101325           0.176005        4.42095e-06            1913.79                  0           0.941631            100.449        2.55986e+08         0.00020828        4.56206e-05         0.00104637          0.0475988         0.00336897          0.0962021        5.48236e-06        3.83747e-14        2.99838e-15        3.29016e-13         1.0773e-12         0.00647409            0.11229        3.00292e-09        8.11614e-12        2.64215e-15            0.73276
72         0.00182108        2.51183e-05        4.41603e-06             101325            0.17581        4.41603e-06            1916.29                  0           0.943136             95.134        2.43234e+08        0.000203021        4.37351e-05         0.00101731          0.0474993         0.00333303          0.0962851        5.37218e-06        2.30169e-14        1.79312e-15          1.981e-13        6.40973e-13         0.00631877           0.112534        2.80361e-09        7.42928e-12         1.6233e-15            0.73276
73         0.00184619        2.51183e-05        4.41126e-06             101325            0.17562        4.41126e-06            1918.72                  0           0.944603            90.1684        2.31149e+08        0.000197884        4.19286e-05         0.00098907          0.0474028         0.00329715          0.0963663        5.26407e-06        1.38383e-14        1.07495e-15        1.19616e-13         3.8261e-13         0.00616734           0.112772        2.61787e-09        6.89336e-12        1.01285e-15            0.73276
74         0.00187131        2.51183e-05        4.40663e-06             101325           0.175435        4.40663e-06            1921.08                  0           0.946035            85.5155        2.19687e+08        0.000192864        4.01969e-05        0.000961607           0.047309         0.00326134          0.0964457        5.15793e-06        8.34032e-15        6.46034e-16        7.24337e-14        2.29132e-13         0.00601952           0.113005        2.44463e-09        6.45306e-12        6.44969e-16            0.73276
75         0.00189643        2.51183e-05        4.40213e-06             101325           0.175256        4.40213e-06            1923.38                  0           0.947434            81.1434        2.08805e+08        0.000187957         3.8536e-05        0.000934887          0.0472179         0.00322559          0.0965234        5.05367e-06        5.03936e-15        3.89257e-16        4.39903e-14        1.37667e-13         0.00587508           0.113232        2.28291e-09        6.07533e-12        4.21614e-16            0.73276
76         0.00192155        2.51183e-05        4.39776e-06             101325           0.175082        4.39776e-06            1925.63                  0           0.948802            77.0248        1.98465e+08        0.000183158        3.69423e-05        0.000908877          0.0471292         0.00318991          0.0965996         4.9512e-06        3.05275e-15        2.35161e-16        2.67952e-14        8.29845e-14          0.0057338           0.113453        2.13184e-09        5.74027e-12        2.84659e-16            0.73276
77         0.00194667        2.51183e-05        4.39351e-06             101325           0.174913        4.39351e-06            1927.82                  0           0.950141            73.1362        1.88633e+08        0.000178464        3.54122e-05        0.000883547          0.0470429          0.0031543          0.0966742        4.85044e-06        1.85422e-15        1.42452e-16        1.63703e-14        5.01868e-14          0.0055955           0.113671        1.99061e-09        5.43576e-12        1.99568e-16            0.73276
78         0.00197178        2.51183e-05        4.38937e-06             101325           0.174748        4.38937e-06            1929.95                  0           0.951453            69.4573        1.79277e+08         0.00017387        3.39426e-05        0.000858868          0.0469588         0.00311875          0.0967473        4.75131e-06        1.12933e-15        8.65332e-17        1.00318e-14         3.0452e-14         0.00546001           0.113884        1.85853e-09         5.1543e-12         1.4577e-16            0.73276
79          0.0019969        2.51183e-05        4.38534e-06             101325           0.174587        4.38534e-06            1932.04                  0           0.952738            65.9705        1.70368e+08        0.000169374        3.25305e-05        0.000834813          0.0468767         0.00308325           0.096819        4.65376e-06        6.89762e-16        5.27156e-17        6.16664e-15         1.8539e-14         0.00532719           0.114092        1.73492e-09        4.89117e-12        1.10976e-16            0.73276
80         0.00202202        2.51183e-05        4.38141e-06             101325           0.174431        4.38141e-06            1934.07                  0           0.953998            62.6606         1.6188e+08        0.000164971        3.11731e-05        0.000811358          0.0467967         0.00304781          0.0968893        4.55772e-06        4.22513e-16        3.22088e-17        3.80265e-15        1.13242e-14         0.00519691           0.114297        1.61921e-09        4.64329e-12        8.78185e-17            0.73276
81         0.00204714        2.51183e-05        4.37758e-06             101325           0.174278        4.37758e-06            1936.06                  0           0.955234            59.5142         1.5379e+08        0.000160658        2.98679e-05        0.000788478          0.0467186         0.00301243          0.0969584        4.46314e-06         2.5959e-16        1.97392e-17        2.35247e-15        6.94058e-15         0.00506905           0.114498        1.51084e-09        4.40862e-12        7.18658e-17            0.73276
82         0.00207226        2.51183e-05        4.37384e-06             101325            0.17413        4.37384e-06            1938.01                  0           0.956447            56.5197        1.46074e+08        0.000156434        2.86124e-05        0.000766154          0.0466423         0.00297709          0.0970262        4.36998e-06         1.5999e-16        1.21353e-17        1.46014e-15        4.26834e-15         0.00494351           0.114695        1.40933e-09        4.18572e-12        6.04393e-17            0.73276
83         0.00209738        2.51183e-05        4.37019e-06             101325           0.173984        4.37019e-06            1939.91                  0           0.957639             53.667        1.38713e+08        0.000152294        2.74046e-05        0.000744363          0.0465678          0.0029418          0.0970928        4.27819e-06        9.89278e-17        7.48512e-18        9.09357e-16        2.63398e-15         0.00482021           0.114889        1.31422e-09        3.97354e-12        5.19109e-17            0.73276
84         0.00212249        2.51183e-05        4.36663e-06             101325           0.173843        4.36663e-06            1941.78                  0           0.958809            50.9471        1.31689e+08        0.000148236        2.62422e-05         0.00072309           0.046495         0.00290655          0.0971582        4.18774e-06         6.1383e-17        4.63278e-18        5.68321e-16        1.63107e-15         0.00469907           0.115079        1.22509e-09        3.77128e-12        4.52841e-17            0.73276
85         0.00214761        2.51183e-05        4.36315e-06             101325           0.173704        4.36315e-06             1943.6                  0           0.959959             48.352        1.24983e+08         0.00014426        2.51234e-05        0.000702316          0.0464239         0.00287134          0.0972225        4.09861e-06        3.82285e-17        2.87785e-18        3.56476e-16        1.01356e-15         0.00458001           0.115266        1.14158e-09        3.57832e-12        3.99436e-17            0.73276
86         0.00217273        2.51183e-05        4.35975e-06             101325           0.173569        4.35975e-06            1945.39                  0           0.961089            45.8748        1.18582e+08        0.000140361        2.40465e-05        0.000682026          0.0463544         0.00283618          0.0972856        4.01076e-06        2.39042e-17        1.79473e-18         2.2445e-16        6.32075e-16           0.004463            0.11545        1.06331e-09        3.39411e-12        3.55047e-17            0.73276
87         0.00219785        2.51183e-05        4.35642e-06             101325           0.173436        4.35642e-06            1947.14                  0             0.9622            43.5091        1.12469e+08        0.000136539        2.30098e-05        0.000662207          0.0462864         0.00280106          0.0973477        3.92419e-06        1.50139e-17        1.12404e-18        1.41893e-16         3.9559e-16         0.00434796           0.115631        9.89976e-10        3.21822e-12        3.17231e-17            0.73276
88         0.00222297        2.51183e-05        4.35317e-06             101325           0.173307        4.35317e-06            1948.85                  0           0.963292            41.2494        1.06631e+08        0.000132791        2.20118e-05        0.000642845            0.04622         0.00276598          0.0974088        3.83887e-06        9.47752e-18        7.07339e-19        9.00894e-17        2.48486e-16         0.00423487           0.115809        9.21269e-10        3.05023e-12        2.84407e-17            0.73276
89         0.00224809        2.51183e-05           4.35e-06             101325           0.173181           4.35e-06            1950.53                  0           0.964366            39.0906        1.01057e+08        0.000129118        2.10511e-05        0.000623929          0.0461552         0.00273094          0.0974689         3.7548e-06        6.01741e-18        4.47507e-19        5.74684e-17        1.56664e-16         0.00412369           0.115983         8.5691e-10         2.8898e-12        2.55524e-17            0.73276
90          0.0022732        2.51183e-05        4.34689e-06             101325           0.173057        4.34689e-06            1952.17                  0           0.965422            37.0282        9.57346e+07        0.000125516        2.01262e-05        0.000605448          0.0460917         0.00269595          0.0975279        3.67196e-06        3.84662e-18        2.84877e-19        3.68505e-17        9.91458e-17         0.00401439           0.116155        7.96642e-10         2.7366e-12        2.29862e-17            0.73276
91         0.00229832        2.51183e-05        4.34385e-06             101325           0.172936        4.34385e-06            1953.78                  0            0.96646            35.0579        9.06525e+07        0.000121985        1.92361e-05        0.000587393          0.0460298         0.00266101           0.097586        3.59037e-06        2.47905e-18        1.82669e-19        2.37684e-17        6.29882e-17         0.00390695           0.116324        7.40221e-10        2.59034e-12         2.0691e-17            0.73276
92         0.00232344        2.51183e-05        4.34088e-06             101325           0.172818        4.34088e-06            1955.36                  0            0.96748             33.176         8.5801e+07        0.000118525        1.83795e-05        0.000569755          0.0459693         0.00262613          0.0976431        3.51002e-06        1.61351e-18        1.18148e-19        1.54338e-17        4.01765e-17         0.00380136            0.11649        6.87422e-10        2.45073e-12        1.86289e-17            0.73276
93         0.00234856        2.51183e-05        4.33798e-06             101325           0.172702        4.33798e-06             1956.9                  0           0.968483            31.3789        8.11706e+07        0.000115134        1.75553e-05        0.000552526          0.0459102         0.00259131          0.0976993        3.43092e-06        1.06286e-18        7.72147e-20        1.01004e-17         2.5732e-17         0.00369759           0.116653        6.38034e-10        2.31752e-12         1.6771e-17            0.73276
94         0.00237368        2.51183e-05        4.33514e-06             101325           0.172589        4.33514e-06            1958.42                  0           0.969468            29.6635        7.67524e+07        0.000111811        1.67625e-05          0.0005357          0.0458524         0.00255656          0.0977546        3.35308e-06        7.10437e-19        5.10994e-20        6.67124e-18        1.65517e-17         0.00359565           0.116813        5.91858e-10        2.19047e-12        1.50941e-17            0.73276
95          0.0023988        2.51183e-05        4.33236e-06             101325           0.172478        4.33236e-06             1959.9                  0           0.970437            28.0266         7.2538e+07        0.000108556        1.60001e-05        0.000519269          0.0457961         0.00252189          0.0978089        3.27651e-06        4.83289e-19        3.43294e-20         4.4547e-18        1.06951e-17         0.00349552            0.11697        5.48707e-10        2.06934e-12        1.35791e-17            0.73276
96         0.00242391        2.51183e-05        4.32964e-06             101325            0.17237        4.32964e-06            1961.36                  0           0.971388            26.4653        6.85193e+07        0.000105369        1.52671e-05        0.000503228          0.0457412          0.0024873          0.0978623        3.20122e-06        3.35654e-19        2.34782e-20        3.01348e-18        6.94436e-18         0.00339721           0.117125        5.08407e-10        1.95391e-12        1.22097e-17            0.73276
97         0.00244903        2.51183e-05        4.32699e-06             101325           0.172264        4.32699e-06            1962.78                  0           0.972323            24.9771         6.4689e+07        0.000102249        1.45628e-05        0.000487572          0.0456876          0.0024528          0.0979148        3.12723e-06        2.38725e-19         1.6393e-20        2.07002e-18        4.53275e-18         0.00330072           0.117276        4.70792e-10        1.84398e-12         1.0972e-17            0.73276
98         0.00247415        2.51183e-05        4.32439e-06             101325           0.172161        4.32439e-06            1964.17                  0            0.97324            23.5593        6.10398e+07        9.91952e-05        1.38862e-05        0.000472296          0.0456354         0.00241842          0.0979664        3.05457e-06        1.74303e-19        1.17165e-20        1.44757e-18        2.97581e-18         0.00320605           0.117425        4.35705e-10        1.73934e-12        9.85348e-18            0.73276
99         0.00249927        2.51183e-05        4.32185e-06             101325            0.17206        4.32185e-06            1965.53                  0           0.974141            22.2094        5.75648e+07        9.62082e-05        1.32366e-05        0.000457395          0.0455846         0.00238415          0.0980171        2.98324e-06         1.3085e-19        8.58969e-21        1.03312e-18        1.96636e-18          0.0031132           0.117571        4.02999e-10         1.6398e-12        8.84321e-18            0.73276
100         0.00252439        2.51183e-05        4.31937e-06             101325           0.171961        4.31937e-06            1966.87                  0           0.975024             20.925        5.42575e+07        9.32874e-05        1.26131e-05        0.000442866          0.0455351         0.00235002          0.0980669        2.91327e-06         1.0102e-19        6.46657e-21        7.54175e-19        1.30895e-18         0.00302219           0.117714        3.72535e-10        1.54517e-12        7.93123e-18            0.73276
101         0.00254951        2.51183e-05        4.31695e-06             101325           0.171865        4.31695e-06            1968.17                  0            0.97589            19.7039        5.11116e+07        9.04326e-05         1.2015e-05        0.000428706          0.0454869         0.00231603          0.0981158        2.84469e-06        8.01177e-20        4.99877e-21        5.64043e-19        8.78771e-19         0.00293301           0.117854        3.44179e-10        1.45528e-12        7.10855e-18            0.73276
102         0.00257462        2.51183e-05        4.31459e-06             101325           0.171771        4.31459e-06            1969.45                  0           0.976739            18.5438         4.8121e+07        8.76437e-05        1.14416e-05        0.000414909          0.0454401         0.00228221          0.0981639        2.77752e-06        6.51244e-20        3.96287e-21         4.3251e-19        5.95851e-19         0.00284569           0.117991        3.17806e-10        1.36994e-12        6.36701e-18            0.73276
103         0.00259974        2.51183e-05        4.31228e-06             101325           0.171679        4.31228e-06            1970.69                  0           0.977571            17.4426        4.52798e+07        8.49206e-05        1.08921e-05        0.000401474          0.0453946         0.00224856           0.098211        2.71179e-06        5.40918e-20         3.2148e-21        3.39946e-19        4.08746e-19         0.00276022           0.118126        2.93297e-10        1.28899e-12        5.69915e-18            0.73276
104         0.00262486        2.51183e-05        4.31003e-06             101325            0.17159        4.31003e-06            1971.91                  0           0.978386            16.3981        4.25824e+07        8.22632e-05         1.0366e-05        0.000388397          0.0453504         0.00221511          0.0982572         2.6475e-06        4.57531e-20        2.66113e-21        2.73533e-19        2.84247e-19         0.00267662           0.118257        2.70538e-10        1.21226e-12        5.09818e-18            0.73276
105         0.00264998        2.51183e-05        4.30784e-06             101325           0.171502        4.30784e-06             1973.1                  0           0.979183            15.4082        4.00233e+07        7.96713e-05        9.86236e-06        0.000375676          0.0453076         0.00218186          0.0983025         2.5847e-06        3.92791e-20        2.24081e-21        2.24858e-19        2.00836e-19         0.00259489           0.118385        2.49421e-10        1.13959e-12        4.55789e-18            0.73276
106          0.0026751        2.51183e-05         4.3057e-06             101325           0.171417         4.3057e-06            1974.26                  0           0.979963            14.4709        3.75971e+07        7.71449e-05        9.38069e-06        0.000363306           0.045266         0.00214885          0.0983469        2.52341e-06        3.41222e-20        1.91364e-21        1.88363e-19        1.44516e-19         0.00251505           0.118511        2.29846e-10        1.07082e-12         4.0726e-18            0.73276
107         0.00270021        2.51183e-05        4.30361e-06             101325           0.171334        4.30361e-06            1975.39                  0           0.980725            13.5841        3.52986e+07        7.46839e-05        8.92029e-06        0.000351286          0.0452258         0.00211608          0.0983904        2.46363e-06        2.99174e-20        1.65288e-21        1.60355e-19        1.06146e-19          0.0024371           0.118633        2.11713e-10        1.00579e-12        3.63711e-18            0.73276
108         0.00272533        2.51183e-05        4.30158e-06             101325           0.171253        4.30158e-06            1976.49                  0            0.98147             12.746        3.31229e+07         7.2288e-05        8.48051e-06        0.000339613          0.0451869         0.00208358           0.098433        2.40541e-06        2.64178e-20        1.44056e-21        1.38357e-19        7.97336e-20         0.00236105           0.118753        1.94933e-10        9.44356e-13        3.24666e-18            0.73276
109         0.00275045        2.51183e-05        4.29961e-06             101325           0.171174        4.29961e-06            1977.57                  0           0.982197            11.9544        3.10648e+07        6.99572e-05        8.06073e-06        0.000328283          0.0451492         0.00205137          0.0984747        2.34875e-06        2.34546e-20        1.26442e-21        1.20695e-19        6.13336e-20         0.00228691           0.118869        1.79416e-10        8.86364e-13        2.89693e-18            0.73276
110         0.00277557        2.51183e-05        4.29769e-06             101325           0.171098        4.29769e-06            1978.62                  0           0.982906            11.2075        2.91197e+07        6.76913e-05        7.66031e-06        0.000317293          0.0451128         0.00201947          0.0985154        2.29368e-06          2.091e-20        1.11595e-21        1.06226e-19        4.83371e-20         0.00221468           0.118983        1.65081e-10        8.31668e-13        2.58396e-18            0.73276
111         0.00280069        2.51183e-05        4.29582e-06             101325           0.171024        4.29582e-06            1979.64                  0           0.983598            10.5035        2.72828e+07        6.54901e-05        7.27864e-06        0.000306641          0.0450777         0.00198789          0.0985552         2.2402e-06        1.87002e-20        9.89184e-22        9.41595e-20        3.90114e-20         0.00214436           0.119093        1.51848e-10        7.80128e-13        2.30412e-18            0.73276
112         0.00282581        2.51183e-05          4.294e-06             101325           0.170951          4.294e-06            1980.63                  0           0.984271            9.84036        2.55496e+07        6.33532e-05        6.91511e-06        0.000296323          0.0450439         0.00195666          0.0985942        2.18834e-06        1.67644e-20          8.798e-22        8.39399e-20           3.22e-20         0.00207595           0.119201        1.39643e-10        7.31602e-13        2.05413e-18            0.73276
113         0.00285092        2.51183e-05        4.29224e-06             101325           0.170881        4.29224e-06            1981.59                  0           0.984928            9.21634        2.39154e+07        6.12803e-05        6.56911e-06        0.000286336          0.0450112         0.00192579          0.0986321        2.13811e-06        1.50572e-20        7.84631e-22        7.51722e-20         2.7127e-20         0.00200946           0.119305        1.28396e-10        6.85955e-13        1.83099e-18            0.73276
114         0.00287604        2.51183e-05        4.29052e-06             101325           0.170813        4.29052e-06            1982.53                  0           0.985566            8.62963        2.23761e+07        5.92712e-05        6.24005e-06        0.000276676          0.0449798         0.00189532          0.0986692        2.08951e-06         1.3544e-20        7.01293e-22        6.75701e-20        2.32691e-20         0.00194488           0.119406         1.1804e-10        6.43053e-13        1.63198e-18            0.73276
115         0.00290116        2.51183e-05        4.28886e-06             101325           0.170747        4.28886e-06            1983.44                  0           0.986186            8.07846        2.09272e+07        5.73254e-05        5.92733e-06        0.000267339          0.0449496         0.00186526          0.0987053        2.04255e-06        1.21977e-20        6.27945e-22        6.09216e-20        2.02711e-20         0.00188221           0.119505        1.08512e-10        6.02767e-13        1.45463e-18            0.73276
116         0.00292628        2.51183e-05        4.28726e-06             101325           0.170683        4.28726e-06            1984.32                  0           0.986789            7.56111        1.95646e+07        5.54424e-05        5.63036e-06        0.000258322          0.0449206         0.00183563          0.0987405        1.99724e-06        1.09965e-20        5.63141e-22        5.50668e-20        1.78901e-20         0.00182144             0.1196        9.97528e-11        5.64969e-13        1.29669e-18            0.73276
117          0.0029514        2.51183e-05         4.2857e-06             101325           0.170621         4.2857e-06            1985.17                  0           0.987374            7.07589        1.82842e+07        5.36218e-05        5.34858e-06        0.000249621          0.0448928         0.00180645          0.0987748        1.95357e-06        9.92257e-21        5.05713e-22        4.98827e-20         1.5959e-20         0.00176256           0.119693        9.17068e-11        5.29537e-13        1.15614e-18            0.73276
118         0.00297652        2.51183e-05        4.28419e-06             101325           0.170561        4.28419e-06               1986                  0           0.987942            6.62118        1.70821e+07        5.18629e-05        5.08142e-06         0.00024123          0.0448661         0.00177774          0.0988081        1.91153e-06        8.96098e-21        4.54704e-22        4.52722e-20        1.43618e-20         0.00170557           0.119782        8.43213e-11         4.9635e-13        1.03114e-18            0.73276
119         0.00300163        2.51183e-05        4.28273e-06             101325           0.170503        4.28273e-06             1986.8                  0           0.988491            6.19537        1.59544e+07        5.01651e-05        4.82831e-06        0.000233147          0.0448405         0.00174952          0.0988405        1.87114e-06        8.09906e-21        4.09316e-22        4.11579e-20        1.30168e-20         0.00165045           0.119869         7.7547e-11        4.65292e-13        9.20029e-19            0.73276
120         0.00302675        2.51183e-05        4.28132e-06             101325           0.170446        4.28132e-06            1987.58                  0           0.989024            5.79693        1.48974e+07        4.85278e-05         4.5887e-06        0.000225366          0.0448161         0.00172182           0.098872        1.83237e-06         7.3259e-21        3.68874e-22         3.7476e-20        1.18665e-20         0.00159719           0.119953        7.13376e-11         4.3625e-13        8.21325e-19            0.73276
121         0.00305187        2.51183e-05        4.27996e-06             101325           0.170392        4.27996e-06            1988.33                  0           0.989539            5.42435        1.39075e+07        4.69503e-05        4.36205e-06        0.000217882          0.0447927         0.00169465          0.0989025         1.7952e-06        6.63197e-21        3.32799e-22         3.4174e-20        1.08693e-20         0.00154578           0.120033        6.56499e-11        4.09116e-13        7.33679e-19            0.73276
122         0.00307699        2.51183e-05        4.27865e-06             101325            0.17034        4.27865e-06            1989.05                  0           0.990036            5.07619        1.29811e+07        4.54317e-05        4.14783e-06         0.00021069          0.0447704         0.00166802          0.0989321        1.75964e-06        6.00894e-21        3.00592e-22        3.12073e-20        9.99499e-21         0.00149619           0.120111        6.04432e-11        3.83785e-13        6.55884e-19            0.73276
123         0.00310211        2.51183e-05        4.27738e-06             101325            0.17029        4.27738e-06            1989.74                  0           0.990517            4.75107        1.21148e+07        4.39712e-05        3.94552e-06        0.000203786          0.0447491         0.00164197          0.0989607        1.72566e-06        5.44941e-21        2.71819e-22         2.8538e-20         9.2213e-21          0.0014484           0.120186        5.56799e-11        3.60156e-13        5.86856e-19            0.73276
124         0.00312723        2.51183e-05        4.27616e-06             101325           0.170241        4.27616e-06            1990.42                  0            0.99098            4.44765        1.13054e+07         4.2568e-05        3.75461e-06        0.000197164          0.0447288          0.0016165          0.0989885        1.69323e-06        4.94683e-21        2.46098e-22        2.61335e-20        8.53141e-21          0.0014024           0.120259        5.13247e-11        3.38131e-13        5.25625e-19            0.73276
125         0.00315234        2.51183e-05        4.27499e-06             101325           0.170194        4.27499e-06            1991.06                  0           0.991427            4.16466        1.05497e+07        4.12212e-05         3.5746e-06        0.000190818          0.0447095         0.00159164          0.0990153        1.66233e-06        4.49536e-21        2.23094e-22        2.39654e-20        7.91246e-21         0.00135816           0.120328        4.73449e-11        3.17617e-13         4.7132e-19            0.73276
126         0.00317746        2.51183e-05        4.27386e-06             101325            0.17015        4.27386e-06            1991.69                  0           0.991857            3.90089        9.84466e+06        3.99298e-05        3.40502e-06        0.000184743          0.0446912         0.00156739          0.0990412        1.63293e-06        4.08977e-21        2.02513e-22        2.20088e-20        7.35443e-21         0.00131566           0.120395          4.371e-11        2.98526e-13        4.23167e-19            0.73276
127         0.00320258        2.51183e-05        4.27278e-06             101325           0.170106        4.27278e-06            1992.28                  0           0.992271            3.65517        9.18743e+06        3.86928e-05        3.24538e-06        0.000178934          0.0446737         0.00154379          0.0990662        1.60502e-06        3.72538e-21        1.84093e-22        2.02418e-20        6.84937e-21         0.00127488           0.120459        4.03917e-11        2.80772e-13        3.80471e-19            0.73276
128          0.0032277        2.51183e-05        4.27174e-06             101325           0.170065        4.27174e-06            1992.86                  0           0.992668            3.42643        8.57521e+06        3.75093e-05        3.09524e-06        0.000173384          0.0446572         0.00152083          0.0990903        1.57854e-06          3.398e-21        1.67601e-22        1.86452e-20        6.39084e-21         0.00123578            0.12052         3.7364e-11        2.64274e-13        3.42617e-19            0.73276
129         0.00325282        2.51183e-05        4.27075e-06             101325           0.170026        4.27075e-06            1993.41                  0            0.99305            3.21361        8.00538e+06        3.63783e-05        2.95416e-06        0.000168089          0.0446416         0.00149853          0.0991135        1.55347e-06        3.10388e-21        1.52831e-22        1.72018e-20        5.97355e-21         0.00119835           0.120579        3.46028e-11        2.48955e-13        3.09053e-19            0.73276
130         0.00327794        2.51183e-05         4.2698e-06             101325           0.169988         4.2698e-06            1993.93                  0           0.993415            3.01576        7.47541e+06        3.52988e-05        2.82172e-06        0.000163042          0.0446267         0.00147691          0.0991358        1.52978e-06        2.83964e-21        1.39602e-22        1.58964e-20        5.59309e-21         0.00116255           0.120635        3.20857e-11        2.34742e-13        2.79293e-19            0.73276
131         0.00330305        2.51183e-05        4.26889e-06             101325           0.169951        4.26889e-06            1994.44                  0           0.993765            2.83195        6.98296e+06        3.42696e-05         2.6975e-06        0.000158237          0.0446127         0.00145599          0.0991571        1.50743e-06        2.60225e-21        1.27749e-22        1.47155e-20        5.24573e-21         0.00112836           0.120689        2.97923e-11        2.21566e-13        2.52902e-19            0.73276
132         0.00332817        2.51183e-05        4.26802e-06             101325           0.169917        4.26802e-06            1994.92                  0             0.9941            2.66135        6.52576e+06        3.32899e-05        2.58112e-06        0.000153671          0.0445995         0.00143577          0.0991777        1.48638e-06          2.389e-21        1.17128e-22         1.3647e-20        4.92827e-21         0.00109575            0.12074        2.77037e-11        2.09362e-13        2.29497e-19            0.73276
133         0.00335329        2.51183e-05        4.26719e-06             101325           0.169884        4.26719e-06            1995.38                  0           0.994419            2.50316        6.10173e+06        3.23587e-05        2.47221e-06        0.000149336          0.0445871         0.00141627          0.0991973        1.46659e-06        2.19746e-21         1.0761e-22          1.268e-20        4.63792e-21          0.0010647           0.120789        2.58028e-11        1.98068e-13        2.08738e-19            0.73276
134         0.00337841        2.51183e-05         4.2664e-06             101325           0.169852         4.2664e-06            1995.81                  0           0.994724            2.35666        5.70889e+06        3.14749e-05        2.37041e-06        0.000145228          0.0445754          0.0013975           0.099216        1.44802e-06        2.02544e-21         9.9081e-23        1.18049e-20        4.37229e-21         0.00103518           0.120835        2.40736e-11        1.87629e-13        1.90323e-19            0.73276
135         0.00340353        2.51183e-05        4.26565e-06             101325           0.169823        4.26565e-06            1996.23                  0           0.995013            2.22117        5.34539e+06        3.06377e-05         2.2754e-06        0.000141341          0.0445644         0.00137947          0.0992339        1.43063e-06        1.87101e-21         9.1438e-23        1.10131e-20        4.12924e-21         0.00100717           0.120879        2.25017e-11        1.77989e-13        1.73988e-19            0.73276
136         0.00342864        2.51183e-05        4.26494e-06             101325           0.169794        4.26494e-06            1996.62                  0           0.995288            2.09608        5.00955e+06        2.98462e-05        2.18686e-06        0.000137672          0.0445541         0.00136219          0.0992509        1.41439e-06        1.73241e-21        8.45908e-23        1.02969e-20        3.90692e-21        0.000980637           0.120921        2.10741e-11        1.69099e-13        1.59499e-19            0.73276
137         0.00345376        2.51183e-05        4.26427e-06             101325           0.169768        4.26427e-06               1997                  0           0.995549            1.98083        4.69976e+06        2.90996e-05        2.10449e-06        0.000134215          0.0445444         0.00134569          0.0992671        1.39925e-06        1.60809e-21         7.8459e-23        9.64941e-21        3.70365e-21        0.000955569           0.120961        1.97788e-11        1.60913e-13        1.46648e-19            0.73276
138         0.00347888        2.51183e-05        4.26364e-06             101325           0.169742        4.26364e-06            1997.35                  0           0.995796            1.87491        4.41458e+06        2.83971e-05        2.02804e-06        0.000130967          0.0445354         0.00132997          0.0992824        1.38519e-06        1.49667e-21        7.29715e-23        9.06455e-21        3.51799e-21        0.000931944           0.120998        1.86049e-11        1.53389e-13        1.35256e-19            0.73276
139           0.003504        2.51183e-05        4.26304e-06             101325           0.169719        4.26304e-06            1997.68                  0           0.996028            1.77787        4.15269e+06        2.77382e-05        1.95724e-06        0.000127924           0.044527         0.00131505          0.0992968        1.37216e-06        1.39692e-21        6.80652e-23        8.53688e-21        3.34864e-21        0.000909748           0.121032        1.75428e-11        1.46488e-13        1.25163e-19            0.73276
140         0.00352912        2.51183e-05        4.26248e-06             101325           0.169696        4.26248e-06            1997.99                  0           0.996246             1.6893        3.91287e+06        2.71222e-05        1.89188e-06        0.000125083          0.0445192         0.00130095          0.0993103        1.36013e-06        1.30774e-21        6.36846e-23        8.06157e-21        3.19445e-21        0.000888968           0.121065        1.65838e-11        1.40174e-13         1.1623e-19            0.73276
141         0.00355424        2.51183e-05        4.26196e-06             101325           0.169676        4.26196e-06            1998.28                  0           0.996451            1.60883        3.69403e+06        2.65489e-05        1.83176e-06        0.000122441          0.0445121         0.00128768           0.099323        1.34906e-06         1.2282e-21        5.97808e-23        7.63438e-21        3.05442e-21        0.000869597           0.121096          1.572e-11        1.34416e-13        1.08336e-19            0.73276
142         0.00357935        2.51183e-05        4.26148e-06             101325           0.169656        4.26148e-06            1998.55                  0           0.996641            1.53614         3.4952e+06        2.60179e-05         1.7767e-06        0.000119998          0.0445055         0.00127526          0.0993348        1.33894e-06        1.15743e-21        5.63113e-23         7.2516e-21        2.92769e-21        0.000851631           0.121124        1.49446e-11        1.29186e-13        1.01376e-19            0.73276
143         0.00360447        2.51183e-05        4.26103e-06             101325           0.169639        4.26103e-06            1998.79                  0           0.996818            1.47092         3.3155e+06        2.55291e-05        1.72655e-06        0.000117751          0.0444994         0.00126373          0.0993458        1.32973e-06        1.09471e-21        5.32392e-23           6.91e-21         2.8135e-21        0.000835073            0.12115        1.42516e-11        1.24459e-13        9.52587e-20            0.73276
144         0.00362959        2.51183e-05        4.26062e-06             101325           0.169622        4.26062e-06            1999.02                  0            0.99698             1.4129        3.15415e+06        2.50827e-05        1.68119e-06        0.000115701          0.0444939         0.00125311          0.0993558        1.32141e-06        1.03941e-21        5.05325e-23        6.60682e-21        2.71124e-21        0.000819931           0.121174        1.36358e-11        1.20215e-13        8.99074e-20            0.73276
145         0.00365471        2.51183e-05        4.26025e-06             101325           0.169608        4.26025e-06            1999.23                  0           0.997128            1.36184         3.0105e+06         2.4679e-05        1.64055e-06        0.000113849           0.044489         0.00124342          0.0993649        1.31397e-06        9.91002e-22        4.81646e-23        6.33976e-21        2.62039e-21        0.000806221           0.121195        1.30927e-11        1.16436e-13         8.5256e-20            0.73276
146         0.00367983        2.51183e-05        4.25992e-06             101325           0.169594        4.25992e-06            1999.41                  0           0.997262            1.31748        2.88394e+06        2.43186e-05        1.60456e-06        0.000112197          0.0444846         0.00123471           0.099373         1.3074e-06        9.49039e-22        4.61132e-23        6.10692e-21        2.54055e-21        0.000793967           0.121214        1.26188e-11        1.13111e-13        8.12501e-20            0.73276
147         0.00370495        2.51183e-05        4.25963e-06             101325           0.169583        4.25963e-06            1999.57                  0           0.997382            1.27957        2.77398e+06        2.40021e-05         1.5732e-06        0.000110748          0.0444808         0.00122702          0.0993802        1.30168e-06        9.13171e-22        4.43606e-23        5.90686e-21        2.47147e-21          0.0007832           0.121231        1.22114e-11        1.10229e-13        7.78459e-20            0.73276
148         0.00373006        2.51183e-05        4.25938e-06             101325           0.169573        4.25938e-06            1999.71                  0           0.997486            1.24786         2.6802e+06         2.3731e-05         1.5465e-06        0.000109508          0.0444775         0.00122039          0.0993864        1.29682e-06        8.83135e-22        4.28936e-23        5.73854e-21        2.41297e-21        0.000773965           0.121246        1.18685e-11        1.07786e-13        7.50096e-20            0.73276
149         0.00375518        2.51183e-05        4.25917e-06             101325           0.169565        4.25917e-06            1999.83                  0           0.997574            1.22206        2.60225e+06        2.35064e-05        1.52451e-06        0.000108481          0.0444748         0.00121487          0.0993915        1.29282e-06        8.58755e-22        4.17032e-23        5.60137e-21        2.36504e-21        0.000766314           0.121258         1.1589e-11        1.05783e-13        7.27172e-20            0.73276
150          0.0037803        2.51183e-05        4.25901e-06             101325           0.169558        4.25901e-06            1999.92                  0           0.997646            1.20188        2.53989e+06        2.33304e-05        1.50736e-06        0.000107677          0.0444727         0.00121053          0.0993955         1.2897e-06        8.39943e-22        4.07849e-23        5.49517e-21        2.32776e-21        0.000760312           0.121267        1.13725e-11        1.04225e-13        7.09545e-20            0.73276
151         0.00380542        2.51183e-05         4.2589e-06             101325           0.169554         4.2589e-06            1999.98                  0           0.997702            1.18701        2.49295e+06        2.32049e-05        1.49517e-06        0.000107104          0.0444712         0.00120743          0.0993984        1.28749e-06        8.26699e-22        4.01386e-23        5.42022e-21        2.30137e-21        0.000756033           0.121274        1.12197e-11        1.03121e-13        6.97167e-20            0.73276
152         0.00383054        2.51183e-05        4.25883e-06             101325           0.169551        4.25883e-06            2000.02                  0            0.99774            1.17719        2.46143e+06        2.31324e-05        1.48813e-06        0.000106772          0.0444703         0.00120563          0.0994001        1.28622e-06        8.19095e-22        3.97675e-23        5.37712e-21        2.28615e-21        0.000753556           0.121278        1.11318e-11        1.02485e-13        6.90073e-20            0.73276
