# Time 0.00074
# eta = 0.002
# length = 0.000186545
#--- 	  	 LEM Line data  --- 
#(1) wafer              (2) x             (3) dx              (4) m              (5) p            (6) rho              (7) m              (8) T              (9) Z             (10) C          (11) dCdt       (12) heatRel                  (13) Y_H2                  (14) Y_H                  (15) Y_O                  (16) Y_O2                  (17) Y_OH                  (18) Y_H2O                  (19) Y_HO2                  (20) Y_CH2                  (21) Y_CH2(S)                  (22) Y_CH3                  (23) Y_CH4                  (24) Y_CO                  (25) Y_CO2                  (26) Y_HCO                  (27) Y_CH2O                  (28) Y_CH2OH                  (29) Y_N2
0        1.25591e-05        2.51183e-05        2.83339e-05             101325            1.12802        2.83339e-05            300.965                  0                  0                  0        2.55502e+06        7.77441e-08        2.97505e-17        7.00387e-13           0.222516        2.86968e-12        4.68355e-05        3.83567e-08        6.66803e-17        3.46262e-18        4.43317e-07          0.0446205        2.74715e-06        5.32243e-05        4.87048e-17        2.56883e-07        7.63429e-21            0.73276
1        3.76774e-05        2.51183e-05        2.82977e-05             101325            1.12658        2.82977e-05             301.35                  0        0.000475284        2.44286e-07            10.9057        1.14029e-07        4.90782e-17        8.01814e-13           0.222483        4.04928e-12        6.56329e-05        5.31719e-08        1.27356e-16        6.62404e-18        6.23424e-07          0.0446118        4.07306e-06        7.42808e-05        9.37584e-17        3.70213e-07        1.47111e-20            0.73276
2        6.27957e-05        2.51183e-05         2.8245e-05             101325            1.12448         2.8245e-05            301.912                  0         0.00064057         3.4267e-07            19.3717        1.74105e-07        8.01586e-17        7.85969e-13           0.222435         5.8229e-12        9.32124e-05        7.42137e-08          2.625e-16         1.3688e-17        8.90346e-07           0.044599        6.32225e-06        0.000104759        1.95693e-16        5.49953e-07        3.07565e-20            0.73276
3         8.7914e-05        2.51183e-05        2.81649e-05             101325            1.12129        2.81649e-05            302.769                  0        0.000908041        5.18109e-07            38.0645        2.74992e-07        1.34623e-16        6.84938e-13           0.222362        8.61589e-12        0.000135555        1.05825e-07        5.67782e-16         2.9715e-17        1.30293e-06          0.0445794         1.0168e-05        0.000151016        4.30098e-16        8.42265e-07        6.79491e-20            0.73276
4        0.000113032        2.51183e-05        2.80472e-05             101325             1.1166        2.80472e-05            304.039                  0          0.0013155        8.22828e-07            78.3628        4.38563e-07        2.38865e-16        5.28244e-13           0.222252        1.29161e-11         0.00019857        1.52051e-07        1.24842e-15        6.56861e-17        1.92039e-06            0.04455        1.65126e-05        0.000219003        9.64124e-16         1.3017e-06        1.54091e-19            0.73276
5        0.000138151        2.51183e-05        2.78787e-05             101325             1.1099        2.78787e-05            305.874                  0         0.00191745        1.35808e-06            163.937        6.97493e-07        4.57411e-16        3.57748e-13           0.222094        1.94773e-11        0.000290138        2.18301e-07        2.74395e-15        1.45465e-16         2.8219e-06          0.0445073        2.67326e-05        0.000316424        2.16888e-15        2.00657e-06        3.53898e-19            0.73276
6        0.000163269        2.51183e-05        2.76438e-05             101325            1.10055        2.76438e-05             308.47                  0         0.00278532        2.32031e-06            341.875        1.09932e-06        9.42997e-16        2.11106e-13           0.221869        2.95064e-11        0.000420506         3.1176e-07         5.9861e-15        3.20667e-16        4.11045e-06          0.0444464        4.28727e-05        0.000452943        4.86662e-15        3.06639e-06        8.20786e-19            0.73276
7        0.000188387        2.51183e-05        2.73244e-05             101325            1.08783        2.73244e-05            312.071                  0         0.00401036        4.10142e-06            702.692        1.71137e-06        2.05033e-15        1.07616e-13           0.221556        4.50178e-11        0.000602673        4.41971e-07        1.29479e-14        7.03433e-16         5.9163e-06           0.044361        6.78888e-05        0.000640316        1.08937e-14        4.63024e-06        1.92969e-18            0.73276
8        0.000213505        2.51183e-05         2.6901e-05             101325            1.07097         2.6901e-05            316.973                  0         0.00570603        7.50363e-06            1414.58        2.62612e-06        4.61388e-15        4.72589e-14           0.221127        6.95398e-11        0.000852681        6.21707e-07        2.78465e-14        1.54111e-15        8.39937e-06          0.0442435        0.000105925         0.00089237        2.44282e-14        6.89508e-06        4.63669e-18            0.73276
9        0.000238624        2.51183e-05        2.63553e-05             101325            1.04925        2.63553e-05            323.525                  0         0.00800926        1.42193e-05            2779.98         3.9663e-06        1.06574e-14        1.80159e-14           0.220552        1.09468e-10         0.00118975        8.68268e-07        5.98221e-14        3.39007e-15        1.17495e-05          0.0440846        0.000162598         0.00122476        5.52042e-14        1.01125e-05        1.15005e-17            0.73276
10        0.000263742        2.51183e-05        2.56721e-05             101325            1.02205        2.56721e-05            332.115                  0            0.01108        2.79202e-05            5326.33        5.88861e-06         2.5269e-14        6.43127e-15           0.219793        1.76716e-10         0.00163612        1.20541e-06        1.28996e-13         7.5277e-15         1.6184e-05          0.0438735        0.000245225          0.0016545        1.26486e-13        1.45917e-05        2.97232e-17            0.73276
11         0.00028886        2.51183e-05        2.48433e-05             101325           0.989051        2.48433e-05            343.168                  0          0.0150984        5.67976e-05            9948.58        8.58446e-06        6.16193e-14        3.44392e-15            0.21881        2.93766e-10         0.00221662        1.66608e-06        2.80095e-13        1.69286e-14        2.19421e-05          0.0435981        0.000362931         0.00219918        2.95037e-13        2.06966e-05        8.05242e-17            0.73276
12        0.000313979        2.51183e-05        2.38703e-05             101325           0.950315        2.38703e-05            357.116                  0          0.0202594        0.000119501            18130.6        1.22764e-05        1.54471e-13         6.0196e-15           0.217561        5.03175e-10         0.00295779        2.29621e-06        6.12613e-13        3.85491e-14        2.92761e-05          0.0432455        0.000526553         0.00287617        7.01127e-13        2.88351e-05        2.28743e-16            0.73276
13        0.000339097        2.51183e-05        2.27661e-05             101325           0.906355        2.27661e-05            374.382                  0          0.0267651        0.000258988            32289.6        1.72095e-05        3.96302e-13        1.96413e-14           0.216003        8.84753e-10         0.00388677        3.15945e-06         1.3455e-12        8.85146e-14        3.84418e-05          0.0428021        0.000748288         0.00370162         1.6921e-12        3.94404e-05        6.77092e-16            0.73276
14        0.000364215        2.51183e-05        2.15546e-05             101325           0.858125        2.15546e-05            395.346                  0          0.0348152        0.000574196            56315.9        2.36387e-05        1.03267e-12        7.48106e-14           0.214094        1.58469e-09            0.00503        4.34283e-06        2.94944e-12        2.03337e-13        4.96884e-05           0.042255          0.0010411         0.00468979         4.1199e-12         5.2947e-05        2.06379e-15            0.73276
15        0.000389333        2.51183e-05        2.02684e-05             101325           0.806917        2.02684e-05             420.33                  0          0.0445977         0.00128977            96431.1        3.18133e-05        2.71184e-12        3.06552e-13           0.211795        2.86148e-09         0.00641204        5.96294e-06        6.40287e-12        4.62719e-13        6.32522e-05          0.0415919         0.00141799         0.00585251        1.00351e-11        6.97644e-05        6.38502e-15            0.73276
16        0.000414452        2.51183e-05        1.89439e-05             101325           0.754187        1.89439e-05            449.577                  0          0.0562816         0.00290217             162574        4.19628e-05        7.14705e-12        1.31063e-12           0.209073         5.1509e-09         0.00805461        8.17223e-06         1.3659e-11        1.03266e-12        7.93551e-05          0.0408018         0.00189124         0.00719918        2.42517e-11        9.02549e-05        1.98028e-14            0.73276
17         0.00043957        2.51183e-05        1.76172e-05             101325            0.70137        1.76172e-05            483.248                  0          0.0700123         0.00646549             270670        5.42871e-05        1.89467e-11        5.71012e-12           0.205901        9.15116e-09         0.00997623        1.11649e-05        2.84725e-11        2.24242e-12        9.82088e-05          0.0398755         0.00247185         0.00873706        5.78136e-11        0.000114719        6.12264e-14            0.73276
18        0.000464688        2.51183e-05        1.63199e-05             101325            0.64972        1.63199e-05            521.425                  0          0.0859109          0.0141127             446423         6.8951e-05        5.09994e-11        2.49062e-11           0.202254        1.59396e-08          0.0121923        1.51822e-05         5.7943e-11         4.7232e-12        0.000120024          0.0388051         0.00316917          0.0104718        1.35796e-10        0.000143389        1.89698e-13            0.73276
19        0.000489807        2.51183e-05        1.50765e-05             101325           0.600218        1.50765e-05            564.125                  0           0.104078          0.0299614             732016        8.60859e-05        1.41032e-10        1.07362e-10           0.198113        2.71978e-08          0.0147155        2.05156e-05        1.15992e-10        9.69823e-12        0.000145026          0.0375843         0.00399092          0.0124082        3.15991e-10        0.000176428        5.98211e-13            0.73276
20        0.000514925        2.51183e-05         1.3904e-05             101325           0.553543         1.3904e-05            611.313                  0           0.124597          0.0617597        1.19942e+06        0.000105793        4.03352e-10        4.52738e-10           0.193461        4.58595e-08          0.0175567        2.75087e-05        2.33284e-10        1.97584e-11        0.000173467          0.0362075         0.00494325          0.0145506        7.37944e-10        0.000213936        1.95355e-12            0.73276
21        0.000540043        2.51183e-05        1.28126e-05             101325           0.510089        1.28126e-05             662.92                  0           0.147544           0.124569        1.98179e+06        0.000128153        1.18749e-09        1.84962e-09           0.188284        7.82512e-08          0.0207249        3.65523e-05        4.89624e-10         4.1319e-11        0.000205649          0.0346699         0.00603106          0.0169035        1.76208e-09         0.00025595        6.63769e-12            0.73276
22        0.000565161        2.51183e-05        1.18062e-05             101325           0.470024        1.18062e-05            718.856                  0           0.172986           0.251624          3.358e+06        0.000153226        3.54313e-09        7.24628e-09           0.182568        1.41002e-07          0.0242287        4.80684e-05        1.12161e-09        9.26765e-11        0.000241946          0.0329672         0.00725824          0.0194716        4.37737e-09        0.000302444        2.31197e-11            0.73276
23         0.00059028        2.51183e-05        1.08848e-05             101325            0.43334        1.08848e-05            779.019                  0           0.200989           0.531235        5.99115e+06        0.000181064        1.05004e-08        2.69482e-08           0.176301        2.81935e-07          0.0280755        6.24699e-05        2.86424e-09        2.29338e-10         0.00028284          0.0310953         0.00862779            0.02226        1.13756e-08        0.000353327        8.03963e-11            0.73276
24        0.000615398        2.51183e-05        1.00453e-05             101325           0.399918        1.00453e-05            843.299                  0           0.231616            1.23181        1.15859e+07        0.000211709         3.0365e-08        9.43202e-08           0.169472        6.38581e-07          0.0322715         8.0073e-05        7.95901e-09        6.18063e-10        0.000328978          0.0290508          0.0101418          0.0252733         3.0555e-08        0.000408432        2.72136e-10            0.73276
25        0.000640516        2.51183e-05        9.28292e-06             101325           0.369568        9.28292e-06            911.576                  0           0.264923            3.19645        2.46015e+07        0.000245192         8.4692e-08           3.09e-07           0.162075        1.58962e-06          0.0368205        0.000100931        2.28885e-08        1.73568e-09        0.000381243           0.026831          0.0118011          0.0285154        8.27807e-08        0.000467493        8.80807e-10            0.73276
26        0.000665635        2.51183e-05        8.59222e-06             101325            0.34207        8.59222e-06            983.707                  0           0.300949            8.97426        5.64207e+07        0.000281525        2.26616e-07        9.45845e-07           0.154109        4.11691e-06          0.0417217        0.000124542        6.51407e-08        4.85589e-09        0.000440737          0.0244348          0.0136046          0.0319877         2.2032e-07        0.000530088        2.69705e-09            0.73276
27        0.000690753        2.51183e-05        7.96751e-06             101325             0.3172        7.96751e-06             1059.5                  0           0.339697             25.732         1.3476e+08        0.000320667        5.80792e-07        2.70859e-06           0.145586        1.06023e-05          0.0469652        0.000149402        1.78277e-07        1.31235e-08        0.000508394          0.0218656          0.0155472          0.0356875        5.63726e-07         0.00059548        7.76349e-09            0.73276
28        0.000715871        2.51183e-05         7.4036e-06             101325           0.294749         7.4036e-06            1138.64                  0           0.381103            71.8716        3.22949e+08        0.000362494        1.42449e-06        7.28039e-06           0.136531        2.64352e-05          0.0525309        0.000172476        4.61563e-07        3.36503e-08        0.000583684          0.0191312          0.0176197          0.0396098         1.3655e-06         0.00066232        2.09175e-08           0.732759
29        0.000740989        2.51183e-05        6.89616e-06             101325           0.274548        6.89616e-06            1220.63                  0           0.425042            189.875        7.54227e+08         0.00040666        3.33321e-06        1.84265e-05           0.126981        6.28928e-05          0.0583822        0.000188971        1.11747e-06         8.0851e-08        0.000661548          0.0162499          0.0198055          0.0437492        3.09337e-06        0.000727839        5.24734e-08           0.732759
30        0.000766108        2.51183e-05        6.44247e-06             101325           0.256485        6.44247e-06            1304.52                  0           0.471303            465.196        1.67659e+09         0.00045217        7.38425e-06         4.3948e-05            0.11701        0.000141292          0.0644434        0.000193351        2.49261e-06        1.79302e-07        0.000727349          0.0132639          0.0220677          0.0480966        6.45792e-06        0.000785938        1.21186e-07           0.732758
31        0.000791226        2.51183e-05         6.0424e-06             101325           0.240558         6.0424e-06            1388.54                  0           0.519438            1036.34        3.45992e+09        0.000496464         1.5282e-05        9.84862e-05           0.106778        0.000296359          0.0705611        0.000182132        4.98759e-06         3.5751e-07        0.000753087          0.0102631          0.0243237          0.0526347        1.21357e-05         0.00082361        2.51428e-07           0.732757
32        0.000816344        2.51183e-05        5.69944e-06             101325           0.226904        5.69944e-06            1469.53                  0           0.568535             2045.9        6.41766e+09        0.000533966        2.89647e-05        0.000205787          0.0966007        0.000571837          0.0764579        0.000156404        8.53069e-06        6.11639e-07        0.000705252          0.0074091          0.0263981          0.0573302         1.9763e-05        0.000817227        4.46876e-07           0.732756
33        0.000841463        2.51183e-05        5.42012e-06             101325           0.215784        5.42012e-06            1542.77                  0           0.616937            3461.54        1.02383e+10         0.00055548        4.90913e-05        0.000395301           0.087013        0.000997278           0.081725        0.000121911        1.16384e-05        8.40086e-07        0.000574553         0.00492612          0.0279879          0.0621213         2.6515e-05        0.000739158        6.34517e-07           0.732756
34        0.000866581        2.51183e-05        5.20891e-06             101325           0.207375        5.20891e-06            1603.35                  0           0.662207            4858.14        1.33549e+10        0.000552791        7.31591e-05        0.000683053          0.0786575         0.00154927          0.0859484        8.70385e-05        1.20671e-05        8.83751e-07        0.000402246         0.00301368          0.0287428          0.0669057        2.81898e-05        0.000588073        6.85205e-07           0.732756
35        0.000891699        2.51183e-05        5.06075e-06             101325           0.201477        5.06075e-06             1649.2                  0           0.701888            5596.68        1.38632e+10        0.000528277        9.64326e-05         0.00104018          0.0719713         0.00214027          0.0889421        5.86861e-05        9.78224e-06        7.30269e-07         0.00024876         0.00172244          0.0285093          0.0715415        2.39926e-05        0.000409851        5.77642e-07           0.732756
36        0.000916817        2.51183e-05        4.96082e-06             101325           0.197498        4.96082e-06            1682.23                  0           0.734801             5439.4        1.17944e+10        0.000494733        0.000115427         0.00139815          0.0669701         0.00267255          0.0908381        3.91749e-05        6.69412e-06        5.09571e-07        0.000142297        0.000941304          0.0274624          0.0758858        1.72637e-05        0.000257759        4.09148e-07           0.732757
37        0.000941936        2.51183e-05        4.89246e-06             101325           0.194777        4.89246e-06             1706.2                  0           0.761395            4714.08        8.78859e+09        0.000463934        0.000129198         0.00169838           0.063355         0.00309632          0.0919397        2.71241e-05        4.16037e-06        3.22158e-07        7.81739e-05        0.000501749          0.0259412           0.079843        1.11745e-05        0.000152035        2.61524e-07           0.732758
38        0.000967054        2.51183e-05        4.84308e-06             101325           0.192811        4.84308e-06            1724.47                  0             0.7829            3853.35        6.14043e+09        0.000440653        0.000138278         0.00191908          0.0607462         0.00341055          0.0925431        2.00795e-05        2.45957e-06        1.93175e-07          4.214e-05        0.000264168          0.0242422          0.0833785        6.81005e-06        8.65362e-05        1.58099e-07           0.732758
39        0.000992172        2.51183e-05        4.80487e-06             101325            0.19129        4.80487e-06            1739.26                  0           0.800549            3090.71        4.25518e+09        0.000424641        0.000143597         0.00206537          0.0588243         0.00363569          0.0928634        1.60283e-05        1.41734e-06        1.12623e-07        2.25354e-05        0.000138359          0.0225515          0.0865013        4.01483e-06        4.83322e-05        9.27498e-08           0.732759
40         0.00101729        2.51183e-05        4.77343e-06             101325           0.190038        4.77343e-06            1751.88                  0           0.815305            2487.06        3.04608e+09        0.000413875        0.000146038         0.00215237          0.0573625          0.0037946          0.0930356        1.36712e-05        8.06265e-07        6.46849e-08         1.2025e-05        7.23792e-05          0.0209644          0.0892431        2.32566e-06        2.67371e-05         5.3535e-08           0.732759
41         0.00104241        2.51183e-05        4.74634e-06             101325           0.188959        4.74634e-06            1763.06                  0           0.827855            2027.49        2.30432e+09        0.000406283        0.000146323         0.00219564          0.0562113         0.00390582          0.0931379        1.22503e-05        4.55867e-07        3.68646e-08        6.42323e-06        3.79072e-05          0.0195198          0.0916443        1.33657e-06        1.47279e-05        3.06333e-08           0.732759
42         0.00106753        2.51183e-05        4.72226e-06             101325           0.188001        4.72226e-06            1773.22                  0           0.838681            1678.64        1.85063e+09        0.000400309        0.000145017         0.00220792          0.0552754          0.0039828          0.0932127         1.1344e-05        2.57175e-07        2.09329e-08        3.44108e-06        1.99048e-05          0.0182261          0.0937464        7.67454e-07        8.10366e-06        1.74528e-08           0.732759
43         0.00109265        2.51183e-05        4.70045e-06             101325           0.187132        4.70045e-06            1782.58                  0           0.848126            1410.04         1.5646e+09        0.000394939        0.000142551         0.00219865          0.0544939         0.00403487          0.0932817        1.07223e-05        1.45085e-07        1.18717e-08        1.85101e-06        1.04887e-05          0.0170768          0.0955888         4.4305e-07        4.46234e-06        9.92591e-09            0.73276
44         0.00111776        2.51183e-05        4.68045e-06             101325           0.186336        4.68045e-06            1791.29                  0           0.856442            1198.98        1.37374e+09        0.000389587        0.000139257         0.00217456          0.0538271         0.00406844          0.0933553        1.02612e-05        8.19575e-08        6.73425e-09        1.00047e-06        5.54982e-06           0.016059          0.0972075        2.58903e-07        2.46207e-06        5.64388e-09            0.73276
45         0.00114288        2.51183e-05        4.66197e-06             101325           0.185601        4.66197e-06            1799.43                  0            0.86382             1029.7        1.23685e+09        0.000383954        0.000135386         0.00214038          0.0532485         0.00408799          0.0934375        9.89329e-06        4.63931e-08        3.82413e-09        5.43578e-07        2.94989e-06          0.0151577           0.098634        1.54399e-07         1.3621e-06         3.2114e-09            0.73276
46           0.001168        2.51183e-05        4.64481e-06             101325           0.184918        4.64481e-06            1807.07                  0           0.870411            891.511        1.13127e+09        0.000377923        0.000131131         0.00209942            0.05274         0.00409666          0.0935289        9.58206e-06        2.63267e-08        2.17502e-09        2.96949e-07        1.57551e-06           0.014358           0.099896        9.48987e-08        7.55937e-07        1.82961e-09            0.73276
47         0.00119312        2.51183e-05        4.62882e-06             101325           0.184281        4.62882e-06            1814.26                  0           0.876334            777.101        1.04468e+09        0.000371478        0.000126638         0.00205397          0.0522883         0.00409674          0.0936288        9.30718e-06        1.49795e-08        1.23937e-09        1.63118e-07        8.45669e-07          0.0136462           0.101017          6.078e-08        4.20952e-07        1.04403e-09            0.73276
48         0.00121824        2.51183e-05        4.61388e-06             101325           0.183686        4.61388e-06            1821.04                  0           0.881688            681.366        9.70387e+08        0.000364661         0.00012202         0.00200571          0.0518837         0.00408995          0.0937358         9.0572e-06        8.54642e-09        7.07634e-10        9.00982e-08        4.56238e-07          0.0130101           0.102018        4.09817e-08        2.35236e-07        5.96788e-10            0.73276
49         0.00124336        2.51183e-05        4.59988e-06             101325           0.183129        4.59988e-06            1827.45                  0           0.886554            600.615        9.04734e+08        0.000357539        0.000117361         0.00195579          0.0515187         0.00407759          0.0938484         8.8254e-06        4.88921e-09        4.04858e-10        5.00361e-08        2.47408e-07           0.012439           0.102917        2.92837e-08         1.3192e-07        3.41756e-10            0.73276
50         0.00126847        2.51183e-05        4.58673e-06             101325           0.182605        4.58673e-06             1833.5                  0           0.890999            532.089        8.45635e+08        0.000350185        0.000112725         0.00190509          0.0511873         0.00406069          0.0939649        8.60773e-06         2.8043e-09        2.32103e-10        2.79344e-08        1.34854e-07          0.0119237           0.103727        2.21895e-08        7.42418e-08        1.96066e-10            0.73276
51         0.00129359        2.51183e-05        4.57436e-06             101325           0.182113        4.57436e-06            1839.24                  0           0.895081            473.659        7.91843e+08        0.000342672        0.000108158         0.00185421          0.0508848         0.00404007          0.0940841        8.40159e-06        1.61247e-09        1.33328e-10        1.56748e-08        7.38798e-08          0.0114564           0.104461        1.77322e-08        4.19268e-08        1.12685e-10            0.73276
52         0.00131871        2.51183e-05         4.5627e-06             101325           0.181649         4.5627e-06            1844.69                  0           0.898846            423.637        7.42555e+08        0.000335065        0.000103694         0.00180362          0.0506072         0.00401639          0.0942047        8.20523e-06        9.29366e-10        7.67369e-11        8.83843e-09        4.06786e-08          0.0110303           0.105131        1.48028e-08        2.37584e-08        6.48774e-11            0.73276
53         0.00134383        2.51183e-05        4.55169e-06             101325            0.18121        4.55169e-06            1849.87                  0           0.902337            380.655        6.97209e+08        0.000327421         9.9357e-05         0.00175365          0.0503513          0.0039902          0.0943258        8.01739e-06        5.36854e-10        4.42486e-11        5.00681e-09        2.25083e-08          0.0106398           0.105745        1.27734e-08        1.35087e-08        3.74162e-11            0.73276
54         0.00136895        2.51183e-05        4.54128e-06             101325           0.180796        4.54128e-06            1854.79                  0           0.905587            343.595        6.55374e+08        0.000319787        9.51634e-05         0.00170454          0.0501144         0.00396194          0.0944466        7.83715e-06        3.10777e-10        2.55613e-11        2.84877e-09        1.25142e-08          0.0102802            0.10631        1.12868e-08        7.70701e-09        2.16145e-11            0.73276
55         0.00139406        2.51183e-05        4.53141e-06             101325           0.180403        4.53141e-06            1859.49                  0           0.908625            311.527        6.16699e+08        0.000312204        9.11229e-05         0.00165646          0.0498941         0.00393201          0.0945665        7.66376e-06        1.80269e-10        1.47921e-11        1.62765e-09         6.9902e-09         0.00994715           0.106833        1.01378e-08        4.41251e-09        1.25065e-11            0.73276
56         0.00141918        2.51183e-05        4.52204e-06             101325            0.18003        4.52204e-06            1863.96                  0           0.911476            283.676        5.80886e+08        0.000304701        8.72409e-05         0.00160953          0.0496884          0.0039007          0.0946849        7.49662e-06        1.04769e-10        8.57485e-12        9.33635e-10        3.92231e-09         0.00963737            0.10732        9.20749e-09        2.53589e-09        7.24802e-12            0.73276
57          0.0014443        2.51183e-05        4.51313e-06             101325           0.179675        4.51313e-06            1868.24                  0           0.914163            259.396         5.4767e+08        0.000297303        8.35192e-05         0.00156382          0.0494958         0.00386829          0.0948016        7.33521e-06        6.10042e-11        4.97918e-12        5.37545e-10        2.21053e-09         0.00934786           0.107775        8.42564e-09        1.46366e-09        4.20718e-12            0.73276
58         0.00146942        2.51183e-05        4.50465e-06             101325           0.179338        4.50465e-06            1872.34                  0           0.916703            238.141         5.1682e+08         0.00029003         7.9957e-05         0.00151938          0.0493146         0.00383499          0.0949162         7.1791e-06        3.55856e-11        2.89613e-12        3.10594e-10         1.2511e-09         0.00907612           0.108202        7.74992e-09        8.49194e-10        2.44597e-12            0.73276
59         0.00149454        2.51183e-05        4.49657e-06             101325           0.179016        4.49657e-06            1876.26                  0           0.919112            219.457        4.88123e+08        0.000282893        7.65516e-05         0.00147623          0.0491438         0.00380099          0.0950285        7.02791e-06        2.07952e-11        1.68736e-12        1.80068e-10           7.11e-10         0.00882002           0.108604        7.15404e-09        4.95995e-10        1.42433e-12            0.73276
60         0.00151966        2.51183e-05        4.48885e-06             101325           0.178708        4.48885e-06            1880.02                  0           0.921404            202.959        4.61391e+08        0.000275903        7.32988e-05         0.00143436          0.0489822         0.00376643          0.0951385        6.88129e-06        1.21736e-11        9.84755e-13        1.04733e-10        4.05668e-10         0.00857771           0.108985        6.62107e-09        2.92337e-10        8.30788e-13            0.73276
61         0.00154477        2.51183e-05        4.48146e-06             101325           0.178414        4.48146e-06            1883.63                  0            0.92359            188.323        4.36452e+08        0.000269066        7.01935e-05         0.00139378          0.0488289         0.00373146           0.095246        6.73893e-06        7.13907e-12        5.75693e-13        6.11052e-11        2.32349e-10         0.00834765           0.109346        6.13961e-09         1.7451e-10        4.85416e-13            0.73276
62         0.00156989        2.51183e-05        4.47439e-06             101325           0.178133        4.47439e-06             1887.1                  0           0.925682             175.28        4.13152e+08        0.000262386          6.723e-05         0.00135445          0.0486831         0.00369618           0.095351        6.60057e-06        4.19406e-12        3.37138e-13        3.57582e-11        1.33578e-10         0.00812849           0.109691        5.70162e-09        1.06079e-10        2.84135e-13            0.73276
63         0.00159501        2.51183e-05        4.46761e-06             101325           0.177863        4.46761e-06            1890.45                  0           0.927688            163.599        3.91352e+08        0.000255863        6.44021e-05         0.00131636           0.048544         0.00366066          0.0954535        6.46595e-06        2.46835e-12        1.97787e-13        2.09865e-11        7.70739e-11         0.00791906            0.11002        5.30114e-09        6.61532e-11        1.66639e-13            0.73276
64         0.00162013        2.51183e-05         4.4611e-06             101325           0.177604         4.4611e-06            1893.67                  0           0.929615            153.089        3.70925e+08        0.000249498        6.17035e-05         0.00127945          0.0484111         0.00362499          0.0955535        6.33484e-06        1.45537e-12        1.16246e-13        1.23521e-11        4.46293e-11         0.00771837           0.110335        4.93356e-09        4.27217e-11        9.79384e-14            0.73276
65         0.00164525        2.51183e-05        4.45484e-06             101325           0.177354        4.45484e-06            1896.77                  0           0.931471            143.587        3.51758e+08        0.000243288        5.91279e-05         0.00124369          0.0482838         0.00358923          0.0956511        6.20703e-06        8.59713e-13        6.84504e-14        7.29045e-12        2.59323e-11         0.00752554           0.110638        4.59519e-09        2.88621e-11         5.7698e-14            0.73276
66         0.00167037        2.51183e-05        4.44882e-06             101325           0.177115        4.44882e-06            1899.77                  0           0.933263            134.955        3.33748e+08        0.000237231        5.66689e-05         0.00120904          0.0481616         0.00355341          0.0957463        6.08232e-06        5.08821e-13        4.03843e-14        4.31489e-12        1.51196e-11         0.00733984            0.11093        4.28295e-09        2.05746e-11        3.40846e-14            0.73276
67         0.00169548        2.51183e-05        4.44301e-06             101325           0.176884        4.44301e-06            1902.68                  0           0.934994            127.079        3.16802e+08        0.000231323        5.43205e-05         0.00117546          0.0480441         0.00351757          0.0958391        5.96053e-06        3.01739e-13        2.38735e-14        2.56079e-12        8.84496e-12         0.00716059           0.111212        3.99426e-09        1.55422e-11        2.02008e-14            0.73276
68          0.0017206        2.51183e-05        4.43741e-06             101325           0.176661        4.43741e-06            1905.48                  0           0.936671             119.86        3.00836e+08        0.000225561        5.20766e-05          0.0011429          0.0479309         0.00348175          0.0959298        5.84151e-06        1.79299e-13        1.41421e-14        1.52393e-12        5.19144e-12         0.00698723           0.111484        3.72687e-09        1.24194e-11        1.20201e-14            0.73276
69         0.00174572        2.51183e-05        4.43201e-06             101325           0.176445        4.43201e-06             1908.2                  0           0.938297            113.214        2.85776e+08        0.000219939        4.99315e-05         0.00111131          0.0478217         0.00344596          0.0960183        5.72509e-06        1.06766e-13        8.39529e-15        9.09374e-13        3.05704e-12         0.00681925           0.111748        3.47883e-09        1.04226e-11        7.18865e-15            0.73276
70         0.00177084        2.51183e-05        4.42678e-06             101325           0.176237        4.42678e-06            1910.84                  0           0.939876            107.073        2.71551e+08        0.000214454          4.788e-05         0.00108067          0.0477162         0.00341023          0.0961047        5.61112e-06        6.37116e-14        4.99469e-15        5.44137e-13        1.80603e-12         0.00665621           0.112004        3.24844e-09        9.09436e-12        4.32755e-15            0.73276
71         0.00179596        2.51183e-05        4.42172e-06             101325           0.176036        4.42172e-06             1913.4                  0           0.941411            101.375        2.58101e+08        0.000209101        4.59167e-05         0.00105091          0.0476141         0.00337456          0.0961891        5.49949e-06        3.81036e-14        2.97827e-15         3.2649e-13        1.07042e-12         0.00649771           0.112253        3.03416e-09        8.16682e-12        2.62805e-15            0.73276
72         0.00182108        2.51183e-05        4.41683e-06             101325           0.175841        4.41683e-06            1915.88                  0           0.942907            96.0697        2.45369e+08        0.000203874        4.40369e-05         0.00102201          0.0475152         0.00333897          0.0962716        5.39006e-06        2.28404e-14        1.78004e-15        1.96443e-13        6.36468e-13         0.00634342           0.112496        2.83465e-09        7.48249e-12        1.61482e-15            0.73276
73         0.00184619        2.51183e-05        4.41208e-06             101325           0.175652        4.41208e-06             1918.3                  0           0.944364            91.1139        2.33303e+08         0.00019877         4.2236e-05        0.000993927          0.0474192         0.00330344          0.0963522        5.28273e-06        1.37233e-14        1.06644e-15        1.18528e-13        3.79661e-13         0.00619303           0.112732        2.64869e-09        6.94844e-12        1.00799e-15            0.73276
74         0.00187131        2.51183e-05        4.40747e-06             101325           0.175469        4.40747e-06            1920.65                  0           0.945786            86.4701        2.21859e+08        0.000193782        4.05098e-05        0.000966621           0.047326           0.003268          0.0964311        5.17738e-06        8.26535e-15        6.40488e-16        7.17189e-14        2.27201e-13         0.00604626           0.112963        2.47521e-09        6.50955e-12        6.42437e-16            0.73276
75         0.00189643        2.51183e-05          4.403e-06             101325            0.17529          4.403e-06            1922.94                  0           0.947175            82.1065        2.10993e+08        0.000188908        3.88541e-05        0.000940057          0.0472355         0.00323264          0.0965083        5.07392e-06        4.99045e-15        3.85644e-16        4.35203e-14        1.36402e-13         0.00590288           0.113188        2.31323e-09        6.13291e-12         4.2057e-16            0.73276
76         0.00192155        2.51183e-05        4.39865e-06             101325           0.175117        4.39865e-06            1925.17                  0           0.948533            77.9957        2.00668e+08        0.000184143        3.72654e-05        0.000914204          0.0471474         0.00319736          0.0965839        4.97226e-06        3.02082e-15        2.32804e-16        2.64858e-14        8.21548e-14         0.00576267           0.113408        2.16186e-09        5.79871e-12        2.84556e-16            0.73276
77         0.00194667        2.51183e-05        4.39442e-06             101325           0.174949        4.39442e-06            1927.35                  0           0.949862             74.114        1.90849e+08        0.000179481        3.57401e-05        0.000889029          0.0470616         0.00316215          0.0966579        4.87232e-06        1.83335e-15        1.40914e-16        1.61664e-14        4.96422e-14         0.00562545           0.113624        2.02032e-09         5.4949e-12        2.00055e-16            0.73276
78         0.00197179        2.51183e-05         4.3903e-06             101325           0.174785         4.3903e-06            1929.47                  0           0.951163             70.441        1.81504e+08        0.000174921         3.4275e-05        0.000864504           0.046978         0.00312701          0.0967305        4.77402e-06        1.11567e-15        8.55278e-17        9.89731e-15        3.00942e-14         0.00549105           0.113835        1.88789e-09          5.214e-12        1.46617e-16            0.73276
79          0.0019969        2.51183e-05         4.3863e-06             101325           0.174626         4.3863e-06            1931.54                  0           0.952438            66.9592        1.72604e+08        0.000170457         3.2867e-05        0.000840601          0.0468965         0.00309194          0.0968016         4.6773e-06        6.80819e-16        5.20578e-17        6.07775e-15        1.83036e-14         0.00535931           0.114042         1.7639e-09        4.95131e-12        1.12034e-16            0.73276
80         0.00202202        2.51183e-05        4.38239e-06             101325            0.17447        4.38239e-06            1933.56                  0           0.953688             63.653        1.64123e+08        0.000166086        3.15135e-05        0.000817295           0.046817         0.00305693          0.0968714         4.5821e-06        4.16649e-16        3.17779e-17        3.74384e-15        1.11691e-14          0.0052301           0.114245        1.64778e-09        4.70378e-12        8.89916e-17            0.73276
81         0.00204714        2.51183e-05        4.37858e-06             101325           0.174318        4.37858e-06            1935.54                  0           0.954914            60.5093        1.56036e+08        0.000161806        3.02117e-05        0.000794562          0.0467395         0.00302199          0.0969399        4.48836e-06        2.55739e-16        1.94566e-17         2.3135e-15        6.83824e-15         0.00510331           0.114444        1.53898e-09        4.46936e-12         7.3092e-17            0.73276
82         0.00207226        2.51183e-05        4.37486e-06             101325           0.174171        4.37486e-06            1937.47                  0           0.956117            57.5163        1.48323e+08        0.000157613        2.89594e-05        0.000772381          0.0466637          0.0029871          0.0970072        4.39603e-06        1.57458e-16        1.19497e-17        1.43427e-15         4.2007e-15         0.00497883            0.11464          1.437e-09        4.24662e-12        6.16784e-17            0.73276
83         0.00209738        2.51183e-05        4.37124e-06             101325           0.174026        4.37124e-06            1939.37                  0           0.957299            54.6637        1.40961e+08        0.000153504        2.77543e-05        0.000750729          0.0465897         0.00295226          0.0970732        4.30507e-06        9.72614e-17         7.3631e-18        8.92159e-16         2.5892e-15         0.00485657           0.114832        1.34139e-09        4.03451e-12        5.31373e-17            0.73276
84          0.0021225        2.51183e-05         4.3677e-06             101325           0.173885         4.3677e-06            1941.22                  0            0.95846            51.9427        1.33933e+08        0.000149477        2.65942e-05         0.00072959          0.0465174         0.00291748          0.0971381        4.21545e-06        6.02851e-17        4.55246e-18         5.5687e-16        1.60136e-15         0.00473644           0.115021        1.25174e-09        3.83224e-12        4.64815e-17            0.73276
85         0.00214761        2.51183e-05        4.36424e-06             101325           0.173747        4.36424e-06            1943.03                  0             0.9596            49.3452        1.27222e+08        0.000145529        2.54774e-05        0.000708946          0.0464468         0.00288274          0.0972018        4.12712e-06        3.75045e-17        2.82495e-18         3.4884e-16        9.93817e-16         0.00461839           0.115206        1.16767e-09        3.63918e-12        4.11017e-17            0.73276
86         0.00217273        2.51183e-05        4.36086e-06             101325           0.173613        4.36086e-06             1944.8                  0           0.960721            46.8641        1.20811e+08        0.000141659         2.4402e-05         0.00068878          0.0463777         0.00284805          0.0972645        4.04007e-06        2.34265e-17        1.75985e-18        2.19351e-16        6.18924e-16         0.00450235           0.115388        1.08883e-09        3.45479e-12        3.66173e-17            0.73276
87         0.00219785        2.51183e-05        4.35756e-06             101325           0.173481        4.35756e-06            1946.54                  0           0.961822            44.4933        1.14687e+08        0.000137864        2.33663e-05        0.000669079          0.0463102          0.0028134          0.0973261        3.95426e-06        1.46988e-17        1.10105e-18        1.38482e-16        3.86813e-16         0.00438826           0.115568         1.0149e-09        3.27863e-12        3.27867e-17            0.73276
88         0.00222297        2.51183e-05        4.35433e-06             101325           0.173353        4.35433e-06            1948.24                  0           0.962906            42.2271        1.08836e+08        0.000134143        2.23689e-05         0.00064983          0.0462442          0.0027788          0.0973867         3.8697e-06        9.26982e-18        6.92192e-19        8.78068e-17        2.42616e-16         0.00427608           0.115744        9.45571e-10        3.11029e-12        2.94534e-17            0.73276
89         0.00224809        2.51183e-05        4.35117e-06             101325           0.173227        4.35117e-06            1949.91                  0           0.963971            40.0604        1.03245e+08        0.000130495        2.14083e-05        0.000631019          0.0461797         0.00274424          0.0974463        3.78636e-06        5.88077e-18        4.37543e-19        5.59395e-17        1.52729e-16         0.00416578           0.115917        8.80573e-10        2.94942e-12        2.65136e-17            0.73276
90          0.0022732        2.51183e-05        4.34808e-06             101325           0.173104        4.34808e-06            1951.54                  0           0.965018            37.9888        9.79027e+07        0.000126917        2.04831e-05        0.000612636          0.0461166         0.00270973          0.0975049        3.70423e-06        3.75706e-18        2.78341e-19        3.58264e-17        9.65026e-17         0.00405732           0.116088        8.19645e-10         2.7957e-12        2.38961e-17            0.73276
91         0.00229832        2.51183e-05        4.34506e-06             101325           0.172984        4.34506e-06            1953.14                  0           0.966048             36.008        9.27986e+07        0.000123409        1.95922e-05        0.000594672          0.0460549         0.00267527          0.0975625        3.62331e-06        2.42069e-18        1.78404e-19         2.3083e-17        6.12086e-17         0.00395068           0.116255         7.6255e-10        2.64883e-12        2.15502e-17            0.73276
92         0.00232344        2.51183e-05         4.3421e-06             101325           0.172866         4.3421e-06            1954.71                  0           0.967061            34.1143        8.79225e+07        0.000119969        1.87343e-05        0.000577117          0.0459947         0.00264086          0.0976192         3.5436e-06        1.57586e-18        1.15387e-19        1.49759e-17        3.89756e-17         0.00384584            0.11642        7.09063e-10        2.50854e-12        1.94386e-17            0.73276
93         0.00234856        2.51183e-05        4.33921e-06             101325           0.172751        4.33921e-06            1956.25                  0           0.968056            32.3042         8.3265e+07        0.000116597        1.79084e-05        0.000559964          0.0459358         0.00260651           0.097675         3.4651e-06        1.03895e-18        7.54499e-20        9.79554e-18        2.49199e-17         0.00374278           0.116582        6.58975e-10        2.37458e-12        1.75324e-17            0.73276
94         0.00237368        2.51183e-05        4.33638e-06             101325           0.172639        4.33638e-06            1957.75                  0           0.969035            30.5745        7.88173e+07        0.000113292        1.71134e-05        0.000543204          0.0458783         0.00257223          0.0977298        3.38782e-06        6.95622e-19        4.99942e-20        6.46942e-18        1.60015e-17         0.00364149           0.116741         6.1209e-10        2.24669e-12        1.58087e-17            0.73276
95          0.0023988        2.51183e-05        4.33362e-06             101325           0.172528        4.33362e-06            1959.23                  0           0.969998            28.9223         7.4571e+07        0.000110054        1.63484e-05        0.000526831          0.0458222         0.00253801          0.0977838        3.31177e-06        4.74492e-19        3.36597e-20        4.32235e-18        1.03215e-17         0.00354197           0.116897        5.68225e-10        2.12465e-12        1.42485e-17            0.73276
96         0.00242391        2.51183e-05        4.33091e-06             101325           0.172421        4.33091e-06            1960.68                  0           0.970943            27.3446        7.05183e+07        0.000106881        1.56125e-05        0.000510839          0.0457674         0.00250388          0.0978369        3.23696e-06         3.3082e-19        2.30951e-20        2.92794e-18        6.69027e-18         0.00344421           0.117051        5.27205e-10        2.00825e-12        1.28357e-17            0.73276
97         0.00244903        2.51183e-05        4.32826e-06             101325           0.172315        4.32826e-06            1962.09                  0           0.971873            25.8389        6.66518e+07        0.000103773        1.49047e-05        0.000495224          0.0457139         0.00246983          0.0978891         3.1634e-06        2.36483e-19        1.61973e-20        2.01601e-18         4.3597e-18         0.00334821           0.117202        4.88868e-10        1.89728e-12        1.15563e-17            0.73276
98         0.00247415        2.51183e-05        4.32568e-06             101325           0.172212        4.32568e-06            1963.48                  0           0.972785            24.4026        6.29644e+07         0.00010073        1.42242e-05        0.000479978          0.0456618         0.00243588          0.0979404        3.09112e-06        1.73738e-19         1.1642e-20        1.41473e-18        2.85784e-18         0.00325397            0.11735         4.5306e-10        1.79155e-12        1.03979e-17            0.73276
99         0.00249927        2.51183e-05        4.32314e-06             101325           0.172111        4.32314e-06            1964.84                  0           0.973681            23.0334        5.94493e+07        9.77515e-05        1.35703e-05          0.0004651           0.045611         0.00240204          0.0979908        3.02012e-06        1.31351e-19        8.59236e-21        1.01445e-18        1.88591e-18          0.0031615           0.117495        4.19636e-10        1.69086e-12        9.34954e-18            0.73276
100         0.00252439        2.51183e-05        4.32067e-06             101325           0.172013        4.32067e-06            1966.17                  0           0.974561            21.7289        5.61003e+07        9.48375e-05        1.29421e-05        0.000450583          0.0455614         0.00236831          0.0980404        2.95043e-06         1.0218e-19        6.51714e-21        7.44929e-19        1.25411e-18         0.00307079           0.117638        3.88457e-10        1.59503e-12        8.40134e-18            0.73276
101         0.00254951        2.51183e-05        4.31825e-06             101325           0.171917        4.31825e-06            1967.47                  0           0.975424             20.487        5.29111e+07        9.19875e-05         1.2339e-05        0.000436426          0.0455132         0.00233472          0.0980891        2.88207e-06        8.16641e-20         5.0778e-21        5.60997e-19        8.41459e-19         0.00298187           0.117777        3.59394e-10        1.50389e-12        7.54427e-18            0.73276
102         0.00257462        2.51183e-05        4.31589e-06             101325           0.171823        4.31589e-06            1968.74                  0           0.976271            19.3054        4.98757e+07        8.92014e-05        1.17602e-05        0.000422623          0.0454663         0.00230128          0.0981369        2.81506e-06        6.68781e-20        4.05752e-21        4.33477e-19        5.70549e-19         0.00289473           0.117914        3.32322e-10        1.41727e-12        6.77016e-18            0.73276
103         0.00259974        2.51183e-05        4.31359e-06             101325           0.171731        4.31359e-06            1969.99                  0           0.977101            18.1822        4.69886e+07        8.64792e-05         1.1205e-05        0.000409172          0.0454207           0.002268          0.0981839        2.74943e-06        5.59343e-20        3.31666e-21        3.43444e-19        3.91688e-19         0.00280939           0.118048        3.07125e-10          1.335e-12        6.07155e-18            0.73276
104         0.00262486        2.51183e-05        4.31134e-06             101325           0.171641        4.31134e-06             1971.2                  0           0.977914            17.1152        4.42441e+07        8.38206e-05        1.06728e-05         0.00039607          0.0453764         0.00223489            0.09823        2.68519e-06        4.76073e-20        2.76475e-21        2.78562e-19        2.72854e-19         0.00272584            0.11818         2.8369e-10        1.25692e-12        5.44159e-18            0.73276
105         0.00264998        2.51183e-05        4.30914e-06             101325           0.171554        4.30914e-06            1972.39                  0            0.97871            16.1025        4.16369e+07        8.12257e-05         1.0163e-05        0.000383315          0.0453333         0.00220198          0.0982752        2.62238e-06        4.10958e-20        2.34274e-21        2.30743e-19        1.93338e-19         0.00264411           0.118308        2.61913e-10        1.18287e-12        4.87405e-18            0.73276
106          0.0026751        2.51183e-05          4.307e-06             101325           0.171469          4.307e-06            1973.55                  0            0.97949            15.1421        3.91619e+07        7.86942e-05        9.67476e-06        0.000370902          0.0452915         0.00216927          0.0983196        2.56101e-06        3.58709e-20        2.01175e-21        1.94654e-19        1.39694e-19         0.00256421           0.118433        2.41691e-10         1.1127e-12         4.3632e-18            0.73276
107         0.00270022        2.51183e-05        4.30491e-06             101325           0.171385        4.30491e-06            1974.69                  0           0.980252             14.232        3.68141e+07        7.62262e-05        9.20759e-06         0.00035883           0.045251         0.00213679           0.098363         2.5011e-06          3.158e-20        1.74594e-21        1.66753e-19        1.03162e-19         0.00248613           0.118556        2.22929e-10        1.04626e-12        3.90379e-18            0.73276
108         0.00272533        2.51183e-05        4.30287e-06             101325           0.171304        4.30287e-06             1975.8                  0           0.980998            13.3704        3.45884e+07        7.38215e-05        8.76085e-06        0.000347096          0.0452118         0.00210456          0.0984056        2.44268e-06        2.79849e-20        1.52792e-21        1.44669e-19        7.80065e-20         0.00240988           0.118676        2.05537e-10        9.83409e-13        3.49101e-18            0.73276
109         0.00275045        2.51183e-05        4.30088e-06             101325           0.171225        4.30088e-06            1976.87                  0           0.981727            12.5554        3.24802e+07          7.148e-05        8.33392e-06        0.000335696          0.0451738         0.00207259          0.0984473        2.38577e-06        2.49221e-20        1.34581e-21        1.26799e-19        6.04624e-20         0.00233549           0.118793        1.89428e-10        9.23993e-13        3.12048e-18            0.73276
110         0.00277557        2.51183e-05        4.29895e-06             101325           0.171148        4.29895e-06            1977.93                  0           0.982438            11.7852        3.04848e+07        6.92015e-05         7.9262e-06        0.000324629          0.0451371          0.0020409          0.0984881        2.33038e-06        2.22775e-20        1.19138e-21        1.12048e-19        4.80439e-20         0.00226294           0.118907         1.7452e-10        8.67875e-13        2.78818e-18            0.73276
111         0.00280069        2.51183e-05        4.29707e-06             101325           0.171074        4.29707e-06            1978.95                  0           0.983133            11.0579        2.85977e+07        6.69859e-05         7.5371e-06        0.000313892          0.0451016         0.00200952          0.0985281        2.27654e-06        1.99699e-20        1.05879e-21        9.96577e-20        3.91034e-20         0.00219224           0.119018        1.60735e-10        8.14916e-13        2.49042e-18            0.73276
112         0.00282581        2.51183e-05        4.29525e-06             101325           0.171001        4.29525e-06            1979.95                  0            0.98381            10.3717        2.68144e+07        6.48329e-05        7.16603e-06        0.000303481          0.0450673         0.00197845          0.0985671        2.22425e-06        1.79397e-20        9.43827e-22        8.90962e-20        3.25437e-20         0.00212341           0.119126        1.47999e-10        7.64983e-13        2.22384e-18            0.73276
113         0.00285093        2.51183e-05        4.29347e-06             101325            0.17093        4.29347e-06            1980.92                  0            0.98447            9.72497        2.51305e+07        6.27424e-05        6.81242e-06        0.000293394          0.0450342         0.00194773          0.0986053        2.17354e-06        1.61426e-20        8.43385e-22        7.99827e-20          2.763e-20         0.00205643           0.119231        1.36242e-10        7.17942e-13        1.98539e-18            0.73276
114         0.00287604        2.51183e-05        4.29174e-06             101325           0.170861        4.29174e-06            1981.86                  0           0.985112            9.11586        2.35418e+07        6.07141e-05        6.47568e-06        0.000283627          0.0450023         0.00191737          0.0986425        2.12441e-06        1.45445e-20        7.55105e-22        7.20403e-20        2.38675e-20         0.00199131           0.119333        1.25398e-10        6.73665e-13        1.77227e-18            0.73276
115         0.00290116        2.51183e-05        4.29007e-06             101325           0.170795        4.29007e-06            1982.78                  0           0.985738             8.5427        2.20442e+07        5.87475e-05        6.15527e-06        0.000274177          0.0449716         0.00188739          0.0986788        2.07686e-06        1.31183e-20        6.77158e-22        6.50634e-20        2.09209e-20         0.00192805           0.119433        1.15404e-10        6.32023e-13        1.58195e-18            0.73276
116         0.00292628        2.51183e-05        4.28844e-06             101325            0.17073        4.28844e-06            1983.67                  0           0.986346            8.00382        2.06336e+07        5.68424e-05         5.8506e-06         0.00026504          0.0449421         0.00185782          0.0987143        2.03092e-06        1.18426e-20        6.08092e-22        5.88957e-20        1.85615e-20         0.00186665           0.119529          1.062e-10        5.92896e-13        1.41211e-18            0.73276
117          0.0029514        2.51183e-05        4.28687e-06             101325           0.170667        4.28687e-06            1984.53                  0           0.986936             7.4976        1.93061e+07        5.49983e-05        5.56114e-06        0.000256214          0.0449138         0.00182866          0.0987488        1.98657e-06        1.06992e-20        5.46731e-22        5.34162e-20        1.66317e-20         0.00180709           0.119623        9.77316e-11        5.56161e-13        1.26065e-18            0.73276
118         0.00297652        2.51183e-05        4.28534e-06             101325           0.170606        4.28534e-06            1985.37                  0            0.98751            7.02245        1.80579e+07        5.32148e-05        5.28632e-06        0.000247694          0.0448865         0.00179996          0.0987824        1.94383e-06        9.67317e-21        4.92104e-22         4.8529e-20        1.50223e-20         0.00174938           0.119714         8.9945e-11        5.21702e-13        1.12569e-18            0.73276
119         0.00300164        2.51183e-05        4.28386e-06             101325           0.170548        4.28386e-06            1986.18                  0           0.988066             6.5768        1.68851e+07        5.14912e-05        5.02562e-06        0.000239475          0.0448604         0.00177171          0.0988151        1.90268e-06        8.75159e-21        4.43396e-22        4.41566e-20        1.36565e-20          0.0016935           0.119801        8.27909e-11        4.89406e-13        1.00549e-18            0.73276
120         0.00302675        2.51183e-05        4.28243e-06             101325           0.170491        4.28243e-06            1986.97                  0           0.988606            6.15915        1.57841e+07        4.98271e-05         4.7785e-06        0.000231555          0.0448354         0.00174395          0.0988469        1.86312e-06        7.92331e-21        3.99912e-22        4.02351e-20        1.24799e-20         0.00163944           0.119886        7.62226e-11        4.59161e-13        8.98506e-19            0.73276
121         0.00305187        2.51183e-05        4.28105e-06             101325           0.170436        4.28105e-06            1987.73                  0           0.989128            5.76804        1.47514e+07        4.82218e-05        4.54444e-06        0.000223929          0.0448114         0.00171669          0.0988778        1.82514e-06        7.17856e-21        3.61056e-22        3.67111e-20        1.14535e-20         0.00158719           0.119968        7.01963e-11         4.3086e-13        8.03332e-19            0.73276
122         0.00307699        2.51183e-05        4.27972e-06             101325           0.170382        4.27972e-06            1988.46                  0           0.989633            5.40205        1.37835e+07        4.66746e-05        4.32292e-06        0.000216591          0.0447886         0.00168995          0.0989078        1.78873e-06        6.50875e-21        3.26309e-22        3.35395e-20        1.05484e-20         0.00153674           0.120048         6.4671e-11        4.04401e-13        7.18705e-19            0.73276
123         0.00310211        2.51183e-05        4.27843e-06             101325           0.170331        4.27843e-06            1989.17                  0           0.990121            5.05982        1.28771e+07        4.51849e-05        4.11343e-06        0.000209539          0.0447667         0.00166376          0.0989368        1.75388e-06        5.90623e-21        2.95219e-22        3.06813e-20        9.74361e-21         0.00148807           0.120124        5.96082e-11        3.79683e-13        6.43485e-19            0.73276
124         0.00312723        2.51183e-05        4.27719e-06             101325           0.170282        4.27719e-06            1989.85                  0           0.990593            4.74001         1.2029e+07        4.37518e-05         3.9155e-06        0.000202765          0.0447458         0.00163812           0.098965        1.72057e-06        5.36419e-21        2.67387e-22        2.81029e-20        9.02293e-21         0.00144116           0.120198        5.49722e-11        3.56611e-13        5.76651e-19            0.73276
125         0.00315234        2.51183e-05        4.27599e-06             101325           0.170234        4.27599e-06            1990.51                  0           0.991048            4.44139        1.12361e+07        4.23745e-05        3.72862e-06        0.000196267          0.0447259         0.00161306          0.0989923        1.68877e-06        4.87656e-21        2.42462e-22         2.5775e-20        8.37403e-21         0.00139599           0.120269        5.07294e-11        3.35091e-13        5.17284e-19            0.73276
126         0.00317746        2.51183e-05        4.27484e-06             101325           0.170188        4.27484e-06            1991.15                  0           0.991487            4.16273        1.04953e+07        4.10523e-05        3.55233e-06        0.000190039           0.044707          0.0015886          0.0990186        1.65847e-06        4.43786e-21        2.20134e-22        2.36716e-20        7.78719e-21         0.00135254           0.120337        4.68488e-11        3.15035e-13        4.64563e-19            0.73276
127         0.00320258        2.51183e-05        4.27373e-06             101325           0.170144        4.27373e-06            1991.76                  0            0.99191            3.90288        9.80387e+06        3.97843e-05        3.38617e-06        0.000184075           0.044689         0.00156475          0.0990441        1.62963e-06        4.04321e-21        2.00126e-22        2.17701e-20        7.25464e-21          0.0013108           0.120403        4.33014e-11        2.96358e-13        4.17752e-19            0.73276
128          0.0032277        2.51183e-05        4.27267e-06             101325           0.170102        4.27267e-06            1992.35                  0           0.992316            3.66075        9.15899e+06        3.85696e-05        3.22971e-06        0.000178371          0.0446719         0.00154152          0.0990686        1.60224e-06        3.68819e-21        1.82192e-22        2.00501e-20        6.77006e-21         0.00127073           0.120465        4.00603e-11         2.7898e-13        3.76193e-19            0.73276
129         0.00325282        2.51183e-05        4.27165e-06             101325           0.170061        4.27165e-06            1992.91                  0           0.992707            3.43531        8.55805e+06        3.74072e-05        3.08249e-06        0.000172922          0.0446557         0.00151894          0.0990923        1.57626e-06        3.36885e-21        1.66115e-22        1.84937e-20        6.32819e-21         0.00123232           0.120526        3.71006e-11        2.62822e-13          3.393e-19            0.73276
130         0.00327794        2.51183e-05        4.27067e-06             101325           0.170022        4.27067e-06            1993.45                  0           0.993081            3.22558        7.99855e+06        3.62964e-05        2.94412e-06        0.000167721          0.0446403         0.00149701          0.0991151        1.55166e-06        3.08164e-21          1.517e-22        1.70849e-20        5.92464e-21         0.00119555           0.120584        3.43993e-11        2.47812e-13         3.0655e-19            0.73276
131         0.00330305        2.51183e-05        4.26974e-06             101325           0.169985        4.26974e-06            1993.97                  0            0.99344            3.03063        7.47812e+06        3.52361e-05        2.81419e-06        0.000162765          0.0446258         0.00147576           0.099137        1.52841e-06        2.82333e-21        1.38773e-22        1.58094e-20        5.55563e-21         0.00116038           0.120639        3.19352e-11        2.33881e-13        2.77478e-19            0.73276
132         0.00332817        2.51183e-05        4.26884e-06             101325            0.16995        4.26884e-06            1994.46                  0           0.993784             2.8496         6.9945e+06        3.42255e-05        2.69231e-06        0.000158048           0.044612          0.0014552           0.099158        1.50647e-06        2.59107e-21         1.2718e-22        1.46544e-20        5.21793e-21          0.0011268           0.120692        2.96887e-11        2.20961e-13        2.51671e-19            0.73276
133         0.00335329        2.51183e-05        4.26799e-06             101325           0.169916        4.26799e-06            1994.93                  0           0.994113             2.6817        6.54559e+06        3.32637e-05        2.57813e-06        0.000153565          0.0445991         0.00143534          0.0991781        1.48581e-06        2.38226e-21        1.16782e-22        1.36084e-20        4.90872e-21         0.00109478           0.120742        2.76419e-11        2.08993e-13        2.28762e-19            0.73276
134         0.00337841        2.51183e-05        4.26718e-06             101325           0.169883        4.26718e-06            1995.38                  0           0.994426            2.52618        6.12938e+06        3.23499e-05        2.47128e-06        0.000149312          0.0445868          0.0014162          0.0991974        1.46639e-06        2.19458e-21        1.07458e-22        1.26612e-20        4.62551e-21         0.00106431            0.12079        2.57782e-11        1.97916e-13        2.08425e-19            0.73276
135         0.00340353        2.51183e-05         4.2664e-06             101325           0.169853         4.2664e-06            1995.81                  0           0.994725            2.38235        5.74402e+06        3.14831e-05        2.37145e-06        0.000145284          0.0445754         0.00139779          0.0992158        1.44818e-06        2.02596e-21        9.90978e-23        1.18037e-20        4.36614e-21         0.00103536           0.120835        2.40826e-11        1.87678e-13        1.90373e-19            0.73276
136         0.00342865        2.51183e-05        4.26567e-06             101325           0.169823        4.26567e-06            1996.22                  0           0.995009            2.24959        5.38778e+06        3.06627e-05        2.27833e-06        0.000141476          0.0445646         0.00138014          0.0992333        1.43113e-06        1.87452e-21        9.16037e-23        1.10276e-20        4.12867e-21          0.0010079           0.120878        2.25413e-11        1.78227e-13        1.74351e-19            0.73276
137         0.00345376        2.51183e-05        4.26498e-06             101325           0.169796        4.26498e-06             1996.6                  0           0.995279            2.12731        5.05904e+06         2.9888e-05        2.19161e-06        0.000137884          0.0445545         0.00136324            0.09925        1.41523e-06         1.7386e-21        8.48891e-23        1.03257e-20        3.91139e-21        0.000981936           0.120919        2.11418e-11        1.69517e-13        1.60135e-19            0.73276
138         0.00347888        2.51183e-05        4.26432e-06             101325            0.16977        4.26432e-06            1996.97                  0           0.995534              2.015        4.75632e+06        2.91582e-05        2.11104e-06        0.000134506           0.044545         0.00134713          0.0992657        1.40042e-06        1.61672e-21        7.88774e-23        9.69136e-21        3.71277e-21        0.000957436           0.120958        1.98726e-11        1.61503e-13        1.47528e-19            0.73276
139           0.003504        2.51183e-05         4.2637e-06             101325           0.169745         4.2637e-06            1997.31                  0           0.995774            1.91216        4.47825e+06         2.8473e-05        2.03637e-06        0.000131338          0.0445362         0.00133182          0.0992806        1.38668e-06        1.50755e-21        7.35004e-23        9.11882e-21        3.53148e-21        0.000934392           0.120994        1.87235e-11        1.54147e-13        1.36355e-19            0.73276
140         0.00352912        2.51183e-05        4.26312e-06             101325           0.169722        4.26312e-06            1997.63                  0           0.996001            1.81839         4.2236e+06        2.78318e-05        1.96737e-06        0.000128377          0.0445281         0.00131733          0.0992946        1.37398e-06        1.40992e-21        6.86981e-23        8.60292e-21        3.36631e-21        0.000912797           0.121028        1.76853e-11        1.47412e-13        1.26464e-19            0.73276
141         0.00355424        2.51183e-05        4.26258e-06             101325             0.1697        4.26258e-06            1997.93                  0           0.996213            1.73328        3.99123e+06        2.72343e-05        1.90385e-06        0.000125622          0.0445205         0.00130368          0.0993078        1.36228e-06         1.3228e-21        6.44175e-23        8.13911e-21        3.21623e-21        0.000892645           0.121059        1.67498e-11        1.41265e-13        1.17723e-19            0.73276
142         0.00357936        2.51183e-05        4.26208e-06             101325            0.16968        4.26208e-06            1998.21                  0           0.996411            1.65649        3.78013e+06        2.66805e-05        1.84563e-06         0.00012307          0.0445135          0.0012909            0.09932        1.35156e-06        1.24528e-21        6.06123e-23         7.7234e-21        3.08033e-21        0.000873938           0.121089        1.59097e-11        1.35678e-13        1.10015e-19            0.73276
143         0.00360447        2.51183e-05        4.26161e-06             101325           0.169662        4.26161e-06            1998.47                  0           0.996595             1.5877        3.58938e+06        2.61703e-05        1.79257e-06        0.000120723          0.0445072         0.00127902          0.0993314         1.3418e-06        1.17655e-21        5.72424e-23        7.35234e-21        2.95782e-21        0.000856681           0.121116        1.51585e-11        1.30626e-13        1.03241e-19            0.73276
144         0.00362959        2.51183e-05        4.26119e-06             101325           0.169645        4.26119e-06            1998.71                  0           0.996764            1.52661        3.41818e+06        2.57039e-05        1.74456e-06        0.000118579          0.0445014         0.00126805          0.0993418        1.33297e-06        1.11595e-21        5.42731e-23        7.02296e-21        2.84805e-21        0.000840887           0.121141        1.44907e-11        1.26087e-13        9.73153e-20            0.73276
145         0.00365471        2.51183e-05         4.2608e-06             101325            0.16963         4.2608e-06            1998.92                  0           0.996918            1.47294        3.26581e+06        2.52817e-05         1.7015e-06        0.000116641          0.0444962         0.00125805          0.0993512        1.32507e-06         1.0629e-21        5.16753e-23        6.73276e-21        2.75049e-21        0.000826575           0.121163        1.39017e-11        1.22045e-13        9.21649e-20            0.73276
146         0.00367983        2.51183e-05        4.26046e-06             101325           0.169616        4.26046e-06            1999.11                  0           0.997058            1.42642        3.13165e+06        2.49045e-05        1.66335e-06        0.000114911          0.0444916         0.00124905          0.0993597        1.31808e-06         1.0169e-21        4.94247e-23        6.47973e-21        2.66474e-21        0.000813774           0.121183        1.33877e-11        1.18485e-13        8.77299e-20            0.73276
147         0.00370495        2.51183e-05        4.26016e-06             101325           0.169604        4.26016e-06            1999.28                  0           0.997182            1.38676        3.01515e+06        2.45732e-05         1.6301e-06        0.000113392          0.0444875         0.00124109          0.0993672        1.31199e-06        9.77585e-22        4.75019e-23        6.26229e-21         2.5905e-21         0.00080252           0.121201        1.29457e-11        1.15399e-13        8.39615e-20            0.73276
148         0.00373007        2.51183e-05        4.25989e-06             101325           0.169593        4.25989e-06            1999.43                  0           0.997291            1.35367        2.91586e+06        2.42891e-05        1.60178e-06        0.000112092          0.0444841         0.00123423          0.0993736        1.30681e-06         9.4466e-22        4.58924e-23        6.07934e-21        2.52763e-21        0.000792861           0.121216        1.25736e-11        1.12783e-13        8.08221e-20            0.73276
149         0.00375518        2.51183e-05        4.25968e-06             101325           0.169585        4.25968e-06            1999.55                  0           0.997383            1.32682        2.83339e+06        2.40538e-05        1.57845e-06        0.000111015          0.0444812         0.00122851          0.0993789        1.30255e-06        9.17935e-22        4.45864e-23        5.93023e-21         2.4761e-21        0.000784855           0.121229        1.22702e-11        1.10637e-13        7.82851e-20            0.73276
150          0.0037803        2.51183e-05        4.25951e-06             101325           0.169578        4.25951e-06            1999.64                  0           0.997459            1.30588        2.76745e+06        2.38692e-05        1.56024e-06        0.000110171           0.044479         0.00122402          0.0993831        1.29923e-06        8.97313e-22         4.3579e-23        5.81479e-21        2.43601e-21        0.000778571           0.121239        1.20352e-11        1.08967e-13        7.63345e-20            0.73276
151         0.00380542        2.51183e-05        4.25939e-06             101325           0.169573        4.25939e-06            1999.71                  0           0.997517            1.29049        2.71785e+06        2.37376e-05         1.5473e-06        0.000109569          0.0444774          0.0012208          0.0993861        1.29687e-06        8.82794e-22        4.28698e-23         5.7333e-21        2.40762e-21         0.00077409           0.121246        1.18693e-11        1.07784e-13        7.49649e-20            0.73276
152         0.00383054        2.51183e-05        4.25932e-06             101325            0.16957        4.25932e-06            1999.75                  0           0.997556            1.28035        2.68456e+06        2.36615e-05        1.53983e-06        0.000109221          0.0444765         0.00121893          0.0993878        1.29551e-06        8.74458e-22        4.24627e-23        5.68643e-21        2.39125e-21        0.000771495            0.12125        1.17739e-11        1.07102e-13        7.41799e-20            0.73276
