# Time 7.5e-05
# eta = 0.002
# length = 0.000958134
#--- 	  	 LEM Line data  --- 
#(1) wafer              (2) x             (3) dx              (4) m              (5) p            (6) rho              (7) m              (8) T              (9) Z             (10) C          (11) dCdt       (12) heatRel                  (13) Y_H2                  (14) Y_H                  (15) Y_O                  (16) Y_O2                  (17) Y_OH                  (18) Y_H2O                  (19) Y_HO2                  (20) Y_CH2                  (21) Y_CH2(S)                  (22) Y_CH3                  (23) Y_CH4                  (24) Y_CO                  (25) Y_CO2                  (26) Y_HCO                  (27) Y_CH2O                  (28) Y_CH2OH                  (29) Y_N2
0        1.25564e-05        2.51128e-05         2.8419e-05             101325            1.13165         2.8419e-05                300                  0                  0                  0       5.11713e-310          8.236e-16                  0        4.50442e-16           0.222598        3.02084e-15         2.8588e-12        5.14247e-15                  0                  0        1.95998e-14          0.0446421        2.57325e-14         3.4462e-12                  0         3.1244e-15                  0            0.73276
1        3.76693e-05        2.51128e-05         2.8419e-05             101325            1.13165         2.8419e-05                300                  0        2.89363e-11         2.2677e-10        0.000166125        3.75289e-15                  0        1.83859e-15           0.222598        1.25382e-14        1.28261e-11        2.33971e-14                  0                  0        8.84203e-14          0.0446421        1.17381e-13        1.54578e-11                  0        1.45457e-14                  0            0.73276
2        6.27821e-05        2.51128e-05         2.8419e-05             101325            1.13165         2.8419e-05                300                  0        1.29371e-10        9.37801e-10        0.000687013         1.9328e-14                  0         8.4762e-15           0.222598        5.88257e-14        6.50601e-11        1.20088e-13                  0                  0        4.50919e-13          0.0446421        6.04901e-13        7.83909e-11                  0        7.63716e-14                  0            0.73276
3         8.7895e-05        2.51128e-05         2.8419e-05             101325            1.13165         2.8419e-05                300                  0        6.56405e-10         4.4018e-09         0.00322471        9.72136e-14         6.8604e-23        3.77645e-14           0.222598        2.67841e-13        3.21975e-10        6.00593e-13        1.90442e-22        9.35883e-24        2.24388e-12          0.0446421        3.04303e-12        3.87853e-10        1.22189e-22        3.91418e-13        1.71521e-26            0.73276
4        0.000113008        2.51128e-05         2.8419e-05             101325            1.13165         2.8419e-05                300                  0        3.24779e-09        2.00399e-08          0.0146815        4.73641e-13        1.95877e-21        1.60655e-13           0.222598        1.17164e-12         1.5414e-09        2.90182e-12        6.57045e-21        3.39728e-22        1.08045e-11          0.0446421        1.48217e-11        1.85632e-09        4.09483e-21         1.9428e-12         7.4286e-25            0.73276
5        0.000138121        2.51128e-05         2.8419e-05             101325            1.13165         2.8419e-05                300                  0        1.55445e-08        8.76507e-08          0.0642225        2.22976e-12        2.43583e-20        6.48973e-13           0.222598        4.89075e-12        7.11896e-09        1.35031e-11        8.26042e-20        4.26544e-21         5.0221e-11          0.0446421        6.97142e-11        8.57106e-09        5.15325e-20        9.31474e-12        9.33802e-24            0.73276
6        0.000163233        2.51128e-05        2.84189e-05             101325            1.13165        2.84189e-05            300.001                  0         7.1773e-08        3.65822e-07           0.268118        1.01165e-11        2.91686e-19        2.47341e-12           0.222598        1.93764e-11        3.16302e-08        6.03189e-11        1.00271e-18        5.16472e-20        2.24745e-10           0.044642        3.15793e-10         3.8071e-08        6.26643e-19        4.30236e-11        1.13196e-22            0.73276
7        0.000188346        2.51128e-05        2.84187e-05             101325            1.13164        2.84187e-05            300.003                  0        3.18802e-07        1.44912e-06              1.063        4.41083e-11        3.29304e-18        8.82294e-12           0.222598        7.23891e-11        1.34773e-07        2.57694e-10         1.1551e-17        5.97507e-19        9.65429e-10           0.044642        1.37352e-09        1.62166e-07        7.22473e-18        1.90872e-10        1.31084e-21            0.73276
8        0.000213459        2.51128e-05        2.84178e-05             101325            1.13161        2.84178e-05            300.012                  0        1.35795e-06        5.41373e-06            3.98169        1.84214e-10        3.47267e-17        2.91502e-11           0.222597        2.52796e-10        5.48743e-07        1.04835e-09        1.25293e-16        6.49319e-18        3.96757e-09          0.0446418         5.7167e-09        6.60054e-07         7.8519e-17        8.10631e-10        1.42878e-20            0.73276
9        0.000238572        2.51128e-05        2.84146e-05             101325            1.13148        2.84146e-05            300.047                  0        5.52713e-06        1.89157e-05            14.0268         7.3427e-10        3.36109e-16         8.7947e-11           0.222594        8.16365e-10        2.12631e-06         4.0407e-09        1.25265e-15        6.49426e-17        1.55391e-08          0.0446411        2.26816e-08        2.55669e-06        7.87706e-16        3.28328e-09        1.43671e-19            0.73276
10        0.000263685        2.51128e-05        2.84028e-05             101325            1.13101        2.84028e-05            300.171                  0        2.14088e-05        6.12465e-05             46.573        2.78164e-09        2.89088e-15        2.37415e-10           0.222584          2.403e-09        7.80408e-06        1.46665e-08        1.12302e-14        5.83253e-16        5.77389e-08          0.0446385        8.54129e-08        9.37986e-06        7.09669e-15        1.26274e-08        1.30345e-18            0.73276
11        0.000288798        2.51128e-05        2.83634e-05             101325            1.12944        2.83634e-05            300.588                  0        7.85442e-05        0.000182101            148.813        9.96538e-09        2.14532e-14        5.55877e-10            0.22255        6.31696e-09        2.69768e-05        4.97583e-08        8.74851e-14        4.56033e-15        2.02445e-07          0.0446298        3.03708e-07        3.24094e-05         5.5729e-14        4.58791e-08        1.03985e-17            0.73276
12        0.000313911        2.51128e-05        2.82407e-05             101325            1.12455        2.82407e-05            301.894                  0        0.000271408        0.000495076            483.605        3.35467e-08        1.31816e-13        1.07313e-09           0.222444        1.43815e-08        8.71938e-05        1.56249e-07        5.66872e-13        2.97771e-14        6.65139e-07          0.0446025        1.01309e-06          0.0001047        3.66366e-13        1.56445e-07        7.08127e-17            0.73276
13        0.000339023        2.51128e-05        2.78947e-05             101325            1.11077        2.78947e-05            305.638                  0        0.000877066         0.00124405            1700.87         1.0513e-07         6.3461e-13        1.56946e-09           0.222136        2.70256e-08        0.000260824        4.47903e-07        2.86275e-12        1.52881e-13        2.02741e-06          0.0445238        3.14134e-06        0.000313009         1.9034e-12        4.96005e-07        3.98043e-16            0.73276
14        0.000364136        2.51128e-05        2.70434e-05             101325            1.07688        2.70434e-05            315.257                  0         0.00262449         0.00296579            6232.25        3.02189e-07        2.23246e-12        1.52357e-09            0.22134        3.89649e-08        0.000710659        1.14875e-06        1.02017e-11        5.64147e-13        5.64329e-06          0.0443195        8.92472e-06        0.000852272        7.18244e-12        1.44073e-06        1.78401e-15            0.73276
15        0.000389249        2.51128e-05        2.53269e-05             101325            1.00852        2.53269e-05            336.619                  0         0.00716255          0.0065752            20294.1        7.78818e-07        5.39577e-12        8.62299e-10            0.21955        3.94808e-08         0.00172231        2.56843e-06        2.25555e-11        1.33331e-12         1.4003e-05          0.0438599        2.27304e-05         0.00206385         1.7722e-11        3.74869e-06        6.28993e-15            0.73276
16        0.000414362        2.51128e-05        2.26747e-05             101325           0.902911        2.26747e-05            375.982                  0          0.0174269          0.0117054            51719.7        1.75544e-06        9.38826e-12        3.13691e-10           0.216194        2.78777e-08         0.00361991        4.91192e-06        2.97534e-11         1.9518e-12        3.01624e-05          0.0429967        5.06856e-05         0.00433354        2.82058e-11         8.5186e-06        1.98358e-14            0.73276
17        0.000439475        2.51128e-05        1.95729e-05             101325             0.7794        1.95729e-05            435.543                  0          0.0368603          0.0145996             110072        3.43312e-06        1.79666e-11        1.14868e-10           0.211002         1.8774e-08         0.00655613        8.12285e-06         3.4861e-11        2.60566e-12        5.59363e-05          0.0416595        9.82977e-05         0.00783947        4.47844e-11        1.67469e-05        8.23157e-14            0.73276
18        0.000464588        2.51128e-05        1.66308e-05             101325           0.662241        1.66308e-05            512.561                  0          0.0671937          0.0166404             234585        5.93254e-06        5.98805e-11        1.26073e-10           0.204118        2.30874e-08          0.0104515        1.20535e-05        7.26216e-11        6.01731e-12        9.11241e-05           0.039883        0.000168922          0.0124804        1.28937e-10        2.89706e-05        4.47669e-13            0.73276
19          0.0004897        2.51128e-05        1.41536e-05             101325             0.5636        1.41536e-05            602.216                  0           0.107533          0.0345384             517984        9.31464e-06         2.3436e-10        4.03358e-10           0.195881        4.66731e-08           0.015115        1.66308e-05        2.12837e-10        1.83204e-11        0.000134408           0.037753        0.000264415          0.0180219        4.65333e-10        4.53355e-05        2.25337e-12           0.732759
20        0.000514813        2.51128e-05        1.21804e-05             101325           0.485025        1.21804e-05            699.697                  0           0.155614           0.106786        1.14239e+06        1.36137e-05        8.12401e-10        1.51159e-09            0.18666        9.69006e-08          0.0203378        2.18585e-05        5.99059e-10        5.15533e-11        0.000184193          0.0353638        0.000386016          0.0242082        1.51176e-09        6.57282e-05        9.41846e-12           0.732759
21        0.000539926        2.51128e-05        1.06388e-05             101325           0.423638        1.06388e-05            800.979                  0           0.208993           0.302571        2.43607e+06        1.88547e-05        2.41596e-09         5.3327e-09           0.176797        1.87483e-07           0.025928        2.77749e-05        1.54837e-09        1.30203e-10        0.000238979          0.0328022        0.000534796          0.0308048        4.27794e-09        8.98261e-05        3.33605e-11           0.732758
22        0.000565039        2.51128e-05        9.43586e-06             101325           0.375738        9.43586e-06            902.948                  0           0.265524           0.730139        4.89296e+06        2.50597e-05        6.24039e-09        1.67494e-08           0.166587        3.49231e-07          0.0317185        3.44094e-05        3.78765e-09        3.07779e-10         0.00029748          0.0301436        0.000711791          0.0376075        1.07725e-08        0.000117122         1.0416e-10           0.732757
23        0.000590152        2.51128e-05        8.49054e-06             101325           0.338096        8.49054e-06             1003.3                  0           0.323432            1.57186        9.21402e+06        3.22465e-05        1.43025e-08        4.61126e-08           0.156287        6.50037e-07          0.0375648        4.17365e-05        8.94451e-09        7.01986e-10        0.000358621          0.0274536        0.000917936          0.0444396        2.45737e-08        0.000146969        2.95277e-10           0.732757
24        0.000615265        2.51128e-05        7.73984e-06             101325           0.308203        7.73984e-06            1100.39                  0           0.381248            3.17774        1.64744e+07         4.0429e-05        2.99304e-08        1.12629e-07           0.146113        1.22608e-06          0.0433453         4.9633e-05        2.04556e-08        1.55951e-09        0.000421526          0.0247869         0.00115405          0.0511527        5.14054e-08         0.00017867        7.73135e-10           0.732757
25        0.000640378        2.51128e-05        7.13685e-06             101325           0.284191        7.13685e-06            1193.09                  0           0.437796            6.22639         2.8474e+07        4.96287e-05         5.8838e-08        2.50275e-07           0.136225         2.3325e-06           0.048969        5.78506e-05        4.51741e-08        3.36999e-09        0.000485534          0.0221848         0.00142114          0.0576353        9.98444e-08        0.000211606        1.88858e-09           0.732757
26         0.00066549        2.51128e-05          6.647e-06             101325           0.264685          6.647e-06             1280.7                  0           0.492253            11.9701        4.83092e+07         5.9877e-05        1.10935e-07         5.1853e-07           0.126734        4.42882e-06          0.0543748        6.60077e-05        9.61246e-08        7.06048e-09        0.000550072          0.0196748         0.00172056          0.0638119        1.82658e-07        0.000245301        4.33407e-09           0.732757
27        0.000690603        2.51128e-05        6.24483e-06             101325           0.248671        6.24483e-06             1362.8                  0             0.5441            22.5869        8.11955e+07        7.12018e-05        2.03009e-07        1.01991e-06            0.11771        8.31935e-06          0.0595221        7.36052e-05        1.96954e-07        1.43088e-08        0.000614348          0.0172754         0.00205371          0.0696326        3.19259e-07        0.000279382        9.39458e-09           0.732758
28        0.000715716        2.51128e-05        5.91146e-06             101325           0.235396        5.91146e-06            1439.22                  0           0.593012            41.6256        1.35549e+08        8.36067e-05        3.62544e-07        1.92692e-06           0.109197        1.53729e-05          0.0643856        8.00783e-05         3.8854e-07         2.8008e-08         0.00067694          0.0149985         0.00242166          0.0750668        5.39316e-07        0.000313492        1.93147e-08           0.732758
29        0.000740829        2.51128e-05        5.63278e-06             101325           0.224299        5.63278e-06            1509.92                  0           0.638805            74.4519         2.2424e+08        9.70365e-05         6.3249e-07        3.52032e-06           0.101217        2.78341e-05          0.0689502        8.48677e-05        7.37265e-07        5.28467e-08        0.000735278          0.0128527         0.00282448          0.0800993        8.86404e-07        0.000347128        3.77544e-08           0.732759
30        0.000765942        2.51128e-05        5.39817e-06             101325           0.214956        5.39817e-06            1574.98                  0           0.681393            128.408        3.65471e+08        0.000111321         1.0753e-06        6.23568e-06          0.0937799        4.91885e-05          0.0732063        8.74946e-05        1.34141e-06        9.57597e-08        0.000785082          0.0108454         0.00325994          0.0847265        1.41855e-06        0.000379387        7.01384e-08           0.732759
31        0.000791055        2.51128e-05         5.1996e-06             101325           0.207049         5.1996e-06             1634.5                  0           0.720755            212.046        5.81869e+08        0.000126094        1.77151e-06        1.07032e-05          0.0868898         8.4415e-05          0.0771452        8.76277e-05        2.32527e-06        1.65521e-07        0.000820029         0.00898591         0.00372138          0.0889538        2.19908e-06        0.000408625        1.23331e-07            0.73276
32        0.000816167        2.51128e-05        5.03108e-06             101325           0.200339        5.03108e-06            1688.59                  0           0.756901            332.426        8.95074e+08        0.000140688        2.80398e-06        1.77434e-05          0.0805515        0.000139752          0.0807545        8.51351e-05        3.80104e-06        2.70078e-07        0.000832195         0.00728751         0.00419448          0.0927938        3.26825e-06        0.000432136        2.03534e-07            0.73276
33         0.00084128        2.51128e-05        4.88821e-06             101325            0.19465        4.88821e-06            1737.27                  0           0.789845            489.651        1.31258e+09        0.000154065        4.21797e-06        2.82584e-05          0.0747779        0.000221435          0.0840153        8.01235e-05        5.77904e-06        4.10251e-07        0.000813973         0.00576819         0.00465379           0.096265         4.5916e-06        0.000446111        3.11369e-07           0.732761
34        0.000866393        2.51128e-05        4.76779e-06             101325           0.189855        4.76779e-06            1780.52                  0           0.819591            669.817        1.80726e+09        0.000164849        5.96077e-06        4.29602e-05          0.0695926        0.000333156          0.0869035        7.29663e-05        8.04991e-06        5.71385e-07        0.000761542          0.0044477         0.00506141           0.099391        6.00714e-06        0.000446314        4.35443e-07           0.732761
35        0.000891506        2.51128e-05         4.6674e-06             101325           0.185857         4.6674e-06            1818.31                  0           0.846141            841.812        2.30167e+09        0.000171595        7.83736e-06        6.19477e-05           0.065024        0.000473071          0.0893974        6.42965e-05        1.01512e-05        7.20864e-07        0.000678242         0.00334102         0.00537175           0.102199        7.23038e-06        0.000429667        5.50573e-07           0.732761
36        0.000916619        2.51128e-05        4.58493e-06             101325           0.182573        4.58493e-06             1850.7                  0           0.869524            965.268        2.68083e+09        0.000173241        9.53994e-06        8.43023e-05          0.0610904        0.000632392          0.0914895        5.49173e-05        1.15407e-05        8.20201e-07        0.000574917         0.00245066          0.0055436           0.104718        7.96166e-06        0.000396089        6.27231e-07           0.732762
37        0.000941732        2.51128e-05         4.5182e-06             101325           0.179916         4.5182e-06            1877.95                  0           0.889842            1009.13        2.84302e+09         0.00016953        1.07631e-05        0.000108003          0.0577843        0.000797141          0.0931948        4.56306e-05        1.18945e-05         8.4612e-07        0.000466029         0.00176293         0.00555437           0.106974        8.03856e-06        0.000349231        6.47634e-07           0.732762
38        0.000966844        2.51128e-05        4.46488e-06             101325           0.177793        4.46488e-06            1900.53                  0           0.907289            967.409        2.75479e+09        0.000161108          1.133e-05        0.000130376          0.0550659        0.000952312          0.0945519         3.7065e-05        1.12595e-05        8.01614e-07        0.000364218         0.00125059         0.00540763            0.10899        7.50699e-06        0.000295298        6.14046e-07           0.732762
39        0.000991957        2.51128e-05        4.42258e-06             101325           0.176108        4.42258e-06            1919.08                  0           0.922145              859.3        2.46262e+09        0.000149247        1.12398e-05        0.000148921          0.0528692         0.00108595          0.0956137        2.95928e-05        9.94997e-06        7.08813e-07         0.00027704        0.000879759          0.0051296           0.110785        6.56384e-06        0.000240778         5.4331e-07           0.732762
40         0.00101707        2.51128e-05        4.38908e-06             101325           0.174774        4.38908e-06            1934.25                  0           0.934732             716.13        2.05722e+09        0.000135407        1.06247e-05        0.000162025           0.051115         0.00119126          0.0964374        2.33457e-05        8.33966e-06        5.94271e-07        0.000206918         0.00061682         0.00475869           0.112375        5.44302e-06        0.000190586        4.55701e-07           0.732762
41         0.00104218        2.51128e-05        4.36248e-06             101325           0.173715        4.36248e-06            1946.66                  0           0.945374            567.079        1.62758e+09        0.000120888         9.6708e-06         0.00016922          0.0497236         0.00126652          0.0970756        1.82849e-05        6.71969e-06        4.78808e-07         0.00015286        0.000432751         0.00433471           0.113774        4.33124e-06        0.000147422        3.67196e-07           0.732762
42          0.0010673        2.51128e-05        4.34124e-06             101325           0.172869        4.34124e-06            1956.85                  0           0.954366            431.637        1.23455e+09        0.000106661        8.55474e-06        0.000170997          0.0486231          0.0013138          0.0975721        1.42771e-05        5.26033e-06        3.74678e-07        0.000112304        0.000304688          0.0038919           0.114998        3.34015e-06        0.000112089        2.87264e-07           0.732762
43         0.00109241        2.51128e-05        4.32418e-06             101325            0.17219        4.32418e-06            1965.24                  0           0.961964            318.976        9.07242e+08        9.33524e-05         7.4121e-06        0.000168412          0.0477528         0.00133731          0.0979615        1.11537e-05        4.03259e-06        2.87036e-07         8.2361e-05        0.000215675         0.00345602           0.116061        2.51619e-06        8.41674e-05        2.19936e-07           0.732762
44         0.00111752        2.51128e-05         4.3104e-06             101325           0.171641         4.3104e-06            1972.16                  0           0.968381            230.793        6.51449e+08        8.13052e-05        6.33153e-06        0.000162714          0.0470635         0.00134207          0.0982697        8.74608e-06        3.04501e-06        2.16543e-07        6.04338e-05        0.000153629         0.00304444           0.116978        1.86314e-06        6.26474e-05        1.65773e-07           0.732762
45         0.00114263        2.51128e-05        4.29922e-06             101325           0.171196        4.29922e-06            1977.88                  0           0.973796            164.661        4.60174e+08        7.06566e-05        5.36169e-06        0.000155086          0.0465164         0.00133304          0.0985158        6.90424e-06        2.27438e-06        1.61565e-07         4.4423e-05        0.000110145         0.00266742           0.117763        1.36258e-06        4.63485e-05        1.23545e-07           0.732761
46         0.00116775        2.51128e-05        4.29012e-06             101325           0.170834        4.29012e-06            1982.61                  0           0.978359            116.543        3.21487e+08        6.14114e-05        4.52236e-06        0.000146508          0.0460813         0.00131462          0.0987139        5.50239e-06        1.68555e-06        1.19593e-07        3.27271e-05        7.94572e-05         0.00232995           0.118432        9.87892e-07        3.41517e-05        9.13315e-08           0.732761
47         0.00119286        2.51128e-05         4.2827e-06             101325           0.170538         4.2827e-06            1986.51                  0           0.982194            82.2595        2.23062e+08        5.34957e-05        3.81473e-06         0.00013772          0.0457347         0.00129043          0.0988742        4.43915e-06        1.24222e-06        8.80273e-08        2.41633e-05         5.7636e-05         0.00203329           0.118998        7.12082e-07        2.50986e-05        6.71319e-08           0.732761
48         0.00121797        2.51128e-05        4.27666e-06             101325           0.170298        4.27666e-06            1989.73                  0           0.985407            58.1655        1.54227e+08        4.67938e-05        3.22947e-06        0.000129229          0.0454583         0.00126333          0.0990045        3.63475e-06        9.11882e-07        6.45371e-08        1.78727e-05        4.20021e-05          0.0017763           0.119474        5.11413e-07        1.84146e-05        4.91478e-08           0.732761
49         0.00124309        2.51128e-05        4.27175e-06             101325           0.170102        4.27175e-06            1992.38                  0           0.988089            41.3627        1.06541e+08        4.11726e-05        2.75225e-06        0.000121354          0.0452379         0.00123541          0.0991107        3.02729e-06        6.67543e-07         4.7186e-08        1.32367e-05        3.07223e-05         0.00155635           0.119872        3.66563e-07        1.34965e-05        3.58839e-08           0.732761
50          0.0012682        2.51128e-05        4.26775e-06             101325           0.169943        4.26775e-06            1994.55                  0            0.99032            29.6731        7.36912e+07         3.6496e-05        2.36721e-06        0.000114264          0.0450621         0.00120815          0.0991973        2.56923e-06        4.87738e-07        3.44358e-08        9.80982e-06        2.25334e-05         0.00137005           0.120203        2.62534e-07        9.88505e-06        2.61524e-08           0.732761
51         0.00129331        2.51128e-05        4.26452e-06             101325           0.169814        4.26452e-06            1996.32                  0           0.992167             21.521        5.11175e+07        3.26333e-05        2.05898e-06        0.000108024           0.044922         0.00118254          0.0992678        2.22426e-06        3.55891e-07        2.50994e-08        7.27071e-06        1.65578e-05         0.00121368           0.120477        1.88039e-07        7.23618e-06        1.90378e-08            0.73276
52         0.00131842        2.51128e-05         4.2619e-06             101325            0.16971         4.2619e-06            1997.75                  0           0.993689            15.7975        3.56044e+07        2.94638e-05        1.81369e-06        0.000102631          0.0448106         0.00115916          0.0993251        1.96474e-06         2.5944e-07        1.82787e-08        5.38628e-06        1.21793e-05          0.0010835           0.120702        1.34764e-07        5.29453e-06        1.38483e-08            0.73276
53         0.00134354        2.51128e-05         4.2598e-06             101325           0.169627         4.2598e-06            1998.91                  0           0.994938            11.7368         2.4921e+07        2.68793e-05        1.61934e-06        9.80359e-05          0.0447222         0.00113829          0.0993716        1.76971e-06        1.88992e-07        1.33032e-08        3.98647e-06        8.96142e-06        0.000975913           0.120886        9.66724e-08        3.87176e-06        1.00683e-08            0.73276
54         0.00136865        2.51128e-05        4.25812e-06             101325           0.169559        4.25812e-06            1999.85                  0           0.995957            8.81753         1.7536e+07        2.47838e-05        1.46589e-06        9.41681e-05          0.0446522            0.00112          0.0994092         1.6233e-06        1.37588e-07          9.677e-09        2.94645e-06        6.59173e-06        0.000887613           0.121036        6.94193e-08        2.82944e-06        7.31712e-09            0.73276
55         0.00139376        2.51128e-05        4.25678e-06             101325           0.169506        4.25678e-06             2000.6                  0           0.996785            6.68759        1.24057e+07        2.30944e-05        1.34505e-06        9.09452e-05          0.0445968         0.00110423          0.0994395        1.51349e-06        1.00103e-07        7.03561e-09        2.17409e-06        4.84473e-06        0.000815603           0.121158        4.98996e-08        2.06605e-06        5.31557e-09            0.73276
56         0.00141888        2.51128e-05        4.25571e-06             101325           0.169464        4.25571e-06             2001.2                  0           0.997454            5.11014        8.82111e+06        2.17394e-05        1.25012e-06         8.8283e-05          0.0445533         0.00109081          0.0994638        1.43123e-06        7.27822e-08        5.11222e-09        1.60107e-06        3.55637e-06        0.000757231           0.121255        3.58997e-08        1.50715e-06         3.8597e-09            0.73276
57         0.00144399        2.51128e-05        4.25487e-06             101325            0.16943        4.25487e-06            2001.67                  0           0.997993            3.92554        6.30112e+06        2.06583e-05        1.17569e-06        8.61012e-05          0.0445191         0.00107952          0.0994832        1.36967e-06        5.28761e-08        3.71205e-09        1.17655e-06        2.60657e-06        0.000710186           0.121334        2.58447e-08        1.09818e-06         2.8009e-09            0.73276
58          0.0014691        2.51128e-05         4.2542e-06             101325           0.169403         4.2542e-06            2002.05                  0           0.998424            3.02534        4.51868e+06           1.98e-05        1.11745e-06        8.43255e-05          0.0444923         0.00107013          0.0994987        1.32365e-06         3.8379e-08        2.69309e-09        8.62605e-07        1.90697e-06        0.000672479           0.121396        1.86134e-08        7.99143e-07        2.03102e-09            0.73276
59         0.00149421        2.51128e-05        4.25368e-06             101325           0.169383        4.25368e-06            2002.35                  0           0.998768             2.3349        3.25064e+06        1.91218e-05        1.07197e-06        8.28897e-05          0.0444714         0.00106239          0.0995109        1.28929e-06        2.78266e-08        1.95187e-09        6.30916e-07        1.39235e-06        0.000642416           0.121446        1.34071e-08        5.80689e-07         1.4714e-09            0.73276
60         0.00151933        2.51128e-05        4.25327e-06             101325           0.169366        4.25327e-06            2002.58                  0           0.999041            1.80187        2.34391e+06        1.85884e-05        1.03654e-06        8.17355e-05          0.0444552         0.00105606          0.0995206        1.26368e-06        2.01508e-08          1.413e-09         4.6032e-07        1.01443e-06         0.00061857           0.121485        9.65553e-09        4.21283e-07         1.0648e-09            0.73276
61         0.00154444        2.51128e-05        4.25296e-06             101325           0.169354        4.25296e-06            2002.76                  0           0.999256            1.38876        1.69274e+06        1.81708e-05          1.009e-06        8.08131e-05          0.0444426         0.00105094          0.0995282         1.2446e-06        1.45722e-08        1.02155e-09        3.35012e-07        7.37424e-07        0.000599748           0.121516        6.95088e-09        3.05115e-07        7.69587e-10            0.73276
62         0.00156955        2.51128e-05        4.25271e-06             101325           0.169344        4.25271e-06             2002.9                  0           0.999425            1.06802        1.22348e+06        1.78453e-05        9.87641e-07        8.00798e-05          0.0444329         0.00104681          0.0995341        1.23042e-06        1.05221e-08        7.37463e-10        2.43201e-07        5.34824e-07        0.000584964            0.12154         5.0006e-09        2.20583e-07        5.55434e-10            0.73276
63         0.00159467        2.51128e-05        4.25252e-06             101325           0.169337        4.25252e-06            2003.01                  0           0.999558           0.819046             884485        1.75927e-05        9.71122e-07        7.94998e-05          0.0444255         0.00104351          0.0995388        1.21989e-06        7.58522e-09        5.31529e-10        1.76106e-07        3.86976e-07        0.000573404           0.121559        3.59447e-09        1.59171e-07        4.00253e-10            0.73276
64         0.00161978        2.51128e-05        4.25238e-06             101325           0.169331        4.25238e-06            2003.09                  0           0.999661           0.626058             639192        1.73974e-05        9.58381e-07        7.90435e-05          0.0444197         0.00104089          0.0995424        1.21209e-06        5.45858e-09        3.82449e-10        1.27203e-07        2.79338e-07        0.000564407           0.121574        2.58113e-09        1.14633e-07        2.87946e-10            0.73276
65         0.00164489        2.51128e-05        4.25227e-06             101325           0.169326        4.25227e-06            2003.15                  0           0.999741           0.476846             461556        1.72471e-05        9.48582e-07        7.86862e-05          0.0444154         0.00103883          0.0995451        1.20631e-06        3.92103e-09        2.74688e-10        9.16525e-08        2.01162e-07        0.000557435           0.121585         1.8514e-09        8.23924e-08        2.06786e-10            0.73276
66            0.00167        2.51128e-05        4.25218e-06             101325           0.169323        4.25218e-06             2003.2                  0           0.999803           0.361851             332902        1.71319e-05         9.4107e-07        7.84076e-05           0.044412          0.0010372          0.0995473        1.20205e-06        2.81124e-09        1.96922e-10         6.5876e-08        1.44524e-07        0.000552056           0.121594        1.32641e-09        5.90994e-08        1.48228e-10            0.73276
67         0.00169512        2.51128e-05        4.25212e-06             101325           0.169321        4.25212e-06            2003.24                  0           0.999851           0.273552             239766        1.70439e-05        9.35328e-07        7.81916e-05          0.0444095         0.00103594          0.0995489         1.1989e-06        2.01165e-09        1.40901e-10         4.7235e-08        1.03591e-07        0.000547923             0.1216        9.49174e-10        4.23045e-08        1.06051e-10            0.73276
68         0.00172023        2.51128e-05        4.25207e-06             101325           0.169319        4.25207e-06            2003.27                  0           0.999887           0.206019             172405        1.69769e-05        9.30953e-07        7.80247e-05          0.0444076         0.00103495          0.0995502        1.19659e-06        1.43663e-09        1.00618e-10        3.37887e-08        7.40792e-08        0.000544761           0.121605        6.78487e-10        3.02197e-08        7.57266e-11            0.73276
69         0.00174534        2.51128e-05        4.25204e-06             101325           0.169317        4.25204e-06            2003.29                  0           0.999915            0.15458             123750        1.69261e-05        9.27631e-07        7.78964e-05          0.0444062         0.00103419          0.0995511        1.19489e-06        1.02392e-09        7.17091e-11        2.41139e-08        5.28547e-08         0.00054235           0.121609        4.84553e-10        2.15423e-08        5.39663e-11            0.73276
70         0.00177046        2.51128e-05        4.25201e-06             101325           0.169316        4.25201e-06            2003.31                  0           0.999936           0.115559            88660.1        1.68878e-05        9.25116e-07        7.77981e-05          0.0444051         0.00103361          0.0995518        1.19365e-06        7.28295e-10        5.10033e-11          1.717e-08        3.76266e-08         0.00054052           0.121612        3.45841e-10        1.53247e-08        3.83821e-11            0.73276
71         0.00179557        2.51128e-05        4.25199e-06             101325           0.169315        4.25199e-06            2003.32                  0           0.999952           0.086079            63398.7         1.6859e-05        9.23218e-07        7.77232e-05          0.0444043         0.00103316          0.0995524        1.19273e-06        5.16975e-10         3.6203e-11        1.21984e-08        2.67269e-08        0.000539136           0.121614        2.46801e-10        1.08792e-08        2.72434e-11            0.73276
72         0.00182068        2.51128e-05        4.25197e-06             101325           0.169315        4.25197e-06            2003.33                  0           0.999965          0.0638969            45247.1        1.68373e-05        9.21792e-07        7.76663e-05          0.0444037         0.00103282          0.0995528        1.19207e-06        3.66228e-10        2.56458e-11        8.64724e-09        1.89435e-08        0.000538094           0.121616        1.76216e-10        7.70741e-09        1.92983e-11            0.73276
73         0.00184579        2.51128e-05        4.25196e-06             101325           0.169314        4.25196e-06            2003.33                  0           0.999974           0.047271            32230.2        1.68211e-05        9.20722e-07        7.76233e-05          0.0444032         0.00103256          0.0995531        1.19158e-06        2.58916e-10        1.81306e-11         6.1167e-09        1.33981e-08        0.000537311           0.121617        1.26007e-10        5.44925e-09         1.3643e-11            0.73276
74         0.00187091        2.51128e-05        4.25195e-06             101325           0.169314        4.25195e-06            2003.34                  0            0.99998          0.0348568              22914        1.68091e-05        9.19923e-07        7.75908e-05          0.0444029         0.00103237          0.0995533        1.19123e-06        1.82682e-10        1.27921e-11        4.31757e-09        9.45623e-09        0.000536725           0.121618        9.03596e-11        3.84494e-09        9.62568e-12            0.73276
75         0.00189602        2.51128e-05        4.25195e-06             101325           0.169314        4.25195e-06            2003.34                  0           0.999986          0.0256211              16260        1.68001e-05        9.19328e-07        7.75665e-05          0.0444027         0.00103222          0.0995535        1.19098e-06        1.28639e-10        9.00768e-12        3.04131e-09        6.66039e-09        0.000536288           0.121619        6.51008e-11        2.70756e-09        6.77792e-12            0.73276
76         0.00192113        2.51128e-05        4.25194e-06             101325           0.169313        4.25194e-06            2003.34                  0           0.999989          0.0187746            11516.9        1.67935e-05        9.18887e-07        7.75483e-05          0.0444025         0.00103211          0.0995536        1.19079e-06         9.0406e-11        6.33043e-12        2.13796e-09         4.6817e-09        0.000535964            0.12162        4.72381e-11        1.90288e-09        4.76334e-12            0.73276
77         0.00194625        2.51128e-05        4.25194e-06             101325           0.169313        4.25194e-06            2003.35                  0           0.999992          0.0137165            8142.68        1.67886e-05         9.1856e-07        7.75347e-05          0.0444023         0.00103203          0.0995537        1.19066e-06        6.34133e-11         4.4403e-12        1.49993e-09        3.28433e-09        0.000535724            0.12162        3.46306e-11        1.33476e-09        3.34109e-12            0.73276
78         0.00197136        2.51128e-05        4.25194e-06             101325           0.169313        4.25194e-06            2003.35                  0           0.999994         0.00999195            5746.88         1.6785e-05        9.18319e-07        7.75246e-05          0.0444022         0.00103197          0.0995538        1.19056e-06        4.43949e-11        3.10858e-12        1.05025e-09        2.29956e-09        0.000535546            0.12162        2.57497e-11        9.34478e-10        2.33903e-12            0.73276
79         0.00199647        2.51128e-05        4.25194e-06             101325           0.169313        4.25194e-06            2003.35                  0           0.999996         0.00725817            4048.99        1.67824e-05        9.18141e-07        7.75172e-05          0.0444022         0.00103192          0.0995539        1.19049e-06        3.10219e-11        2.17218e-12        7.33978e-10        1.60698e-09        0.000535416            0.12162         1.9506e-11        6.53007e-10        1.63443e-12            0.73276
80         0.00202158        2.51128e-05        4.25193e-06             101325           0.169313        4.25193e-06            2003.35                  0           0.999997         0.00525783            2847.95        1.67805e-05        9.18011e-07        7.75117e-05          0.0444021         0.00103189          0.0995539        1.19044e-06         2.1637e-11        1.51503e-12        5.11982e-10        1.12089e-09         0.00053532           0.121621        1.51249e-11        4.55476e-10        1.13997e-12            0.73276
81          0.0020467        2.51128e-05        4.25193e-06             101325           0.169313        4.25193e-06            2003.35                  0           0.999998         0.00379855             1999.9        1.67791e-05        9.17916e-07        7.75077e-05          0.0444021         0.00103186          0.0995539        1.19041e-06        1.50637e-11        1.05477e-12         3.5647e-10        7.80398e-10         0.00053525           0.121621        1.20567e-11        3.17122e-10        7.93641e-13            0.73276
82         0.00207181        2.51128e-05        4.25193e-06             101325           0.169313        4.25193e-06            2003.35                  0           0.999998         0.00273709            1402.12        1.67781e-05        9.17847e-07        7.75047e-05           0.044402         0.00103185          0.0995539        1.19038e-06        1.04686e-11        7.33008e-13        2.47743e-10        5.42352e-10        0.000535199           0.121621         9.9119e-12        2.20402e-10        5.51539e-13            0.73276
83         0.00209692        2.51128e-05        4.25193e-06             101325           0.169313        4.25193e-06            2003.35                  0           0.999999         0.00196718            981.478        1.67773e-05        9.17797e-07        7.75025e-05           0.044402         0.00103183           0.099554        1.19036e-06        7.26226e-12        5.08502e-13        1.71873e-10        3.76247e-10        0.000535162           0.121621        8.41547e-12        1.52916e-10        3.82613e-13            0.73276
84         0.00212204        2.51128e-05        4.25193e-06             101325           0.169313        4.25193e-06            2003.35                  0           0.999999         0.00141029            685.977        1.67768e-05         9.1776e-07         7.7501e-05           0.044402         0.00103182           0.099554        1.19035e-06        5.02918e-12        3.52142e-13        1.19027e-10        2.60557e-10        0.000535135           0.121621        7.37328e-12        1.05913e-10        2.64962e-13            0.73276
85         0.00214715        2.51128e-05        4.25193e-06             101325           0.169313        4.25193e-06            2003.35                  0           0.999999         0.00100858            478.721        1.67764e-05        9.17734e-07        7.74998e-05           0.044402         0.00103182           0.099554        1.19034e-06        3.47681e-12        2.43445e-13        8.22891e-11        1.80131e-10        0.000535116           0.121621         6.6488e-12        7.32381e-11        1.83175e-13            0.73276
86         0.00217226        2.51128e-05        4.25193e-06             101325           0.169313        4.25193e-06            2003.35                  0                  1        0.000719558             333.59        1.67761e-05        9.17715e-07         7.7499e-05           0.044402         0.00103181           0.099554        1.19033e-06         2.3996e-12        1.68019e-13        5.67949e-11        1.24322e-10        0.000535102           0.121621        6.14609e-12        5.05644e-11        1.26422e-13            0.73276
87         0.00219737        2.51128e-05        4.25193e-06             101325           0.169313        4.25193e-06            2003.35                  0                  1        0.000512149            232.121        1.67759e-05        9.17701e-07        7.74984e-05           0.044402         0.00103181           0.099554        1.19033e-06        1.65339e-12         1.1577e-13        3.91339e-11        8.56613e-11        0.000535092           0.121621        5.79784e-12        3.48576e-11        8.71084e-14            0.73276
88         0.00222249        2.51128e-05        4.25193e-06             101325           0.169313        4.25193e-06            2003.35                  0                  1        0.000363681            161.282        1.67758e-05        9.17691e-07         7.7498e-05           0.044402         0.00103181           0.099554        1.19033e-06        1.13736e-12        7.96372e-14        2.69203e-11        5.89258e-11        0.000535084           0.121621        5.55701e-12        2.39957e-11        5.99213e-14            0.73276
89          0.0022476        2.51128e-05        4.25193e-06             101325           0.169313        4.25193e-06            2003.35                  0                  1        0.000257668              111.9        1.67757e-05        9.17684e-07        7.74977e-05           0.044402          0.0010318           0.099554        1.19032e-06        7.81099e-13         5.4692e-14        1.84881e-11         4.0468e-11        0.000535079           0.121621        5.39075e-12        1.64967e-11        4.11518e-14            0.73276
90         0.00227271        2.51128e-05        4.25193e-06             101325           0.169313        4.25193e-06            2003.35                  0                  1         0.00018215            77.5242        1.67756e-05        9.17679e-07        7.74974e-05           0.044402          0.0010318           0.099554        1.19032e-06        5.35593e-13        3.75018e-14        1.26772e-11        2.77484e-11        0.000535076           0.121621        5.27617e-12         1.1329e-11        2.82174e-14            0.73276
91         0.00229783        2.51128e-05        4.25193e-06             101325           0.169313        4.25193e-06            2003.35                  0                  1        0.000128484             53.635        1.67756e-05        9.17676e-07        7.74973e-05           0.044402          0.0010318           0.099554        1.19032e-06        3.66706e-13        2.56764e-14        8.67979e-12        1.89985e-11        0.000535073           0.121621        5.19735e-12        7.77396e-12        1.93197e-14            0.73276
92         0.00232294        2.51128e-05        4.25193e-06             101325           0.169313        4.25193e-06            2003.35                  0                  1        9.04356e-05            37.0582        1.67755e-05        9.17673e-07        7.74972e-05           0.044402          0.0010318           0.099554        1.19032e-06        2.50699e-13        1.75537e-14        5.93398e-12        1.29883e-11        0.000535071           0.121621        5.14321e-12        5.33205e-12        1.32079e-14            0.73276
93         0.00234805        2.51128e-05        4.25193e-06             101325           0.169313        4.25193e-06            2003.35                  0                  1        6.35203e-05            25.5701        1.67755e-05        9.17671e-07        7.74971e-05           0.044402          0.0010318           0.099554        1.19032e-06        1.71146e-13        1.19835e-14          4.051e-12        8.86676e-12         0.00053507           0.121621        5.10608e-12        3.65747e-12        9.01675e-15            0.73276
94         0.00237316        2.51128e-05        4.25193e-06             101325           0.169313        4.25193e-06            2003.35                  0                  1        4.45234e-05            17.6204        1.67755e-05         9.1767e-07         7.7497e-05           0.044402          0.0010318           0.099554        1.19032e-06        1.16682e-13        8.16997e-15        2.76185e-12        6.04504e-12        0.000535069           0.121621        5.08066e-12        2.51099e-12        6.14734e-15            0.73276
95         0.00239828        2.51128e-05        4.25193e-06             101325           0.169313        4.25193e-06            2003.35                  0                  1        3.11446e-05            12.1275        1.67755e-05        9.17669e-07         7.7497e-05           0.044402          0.0010318           0.099554        1.19032e-06        7.94488e-14        5.56293e-15        1.88054e-12        4.11605e-12        0.000535068           0.121621        5.06329e-12        1.72721e-12        4.18573e-15            0.73276
96         0.00242339        2.51128e-05        4.25193e-06             101325           0.169313        4.25193e-06            2003.35                  0                  1        2.17427e-05             8.3368        1.67755e-05        9.17669e-07         7.7497e-05           0.044402          0.0010318           0.099554        1.19032e-06        5.40298e-14        3.78312e-15        1.27888e-12        2.79914e-12        0.000535068           0.121621        5.05142e-12        1.19213e-12        2.84655e-15            0.73276
97          0.0024485        2.51128e-05        4.25193e-06             101325           0.169313        4.25193e-06            2003.35                  0                  1        1.51494e-05            5.72409        1.67754e-05        9.17668e-07        7.74969e-05           0.044402          0.0010318           0.099554        1.19032e-06         3.6701e-14        2.56977e-15         8.6871e-13        1.90137e-12        0.000535067           0.121621        5.04333e-12        8.27343e-13        1.93359e-15            0.73276
98         0.00247362        2.51128e-05        4.25193e-06             101325           0.169313        4.25193e-06            2003.35                  0                  1        1.05352e-05            3.92565        1.67754e-05        9.17668e-07        7.74969e-05           0.044402          0.0010318           0.099554        1.19032e-06        2.49096e-14        1.74414e-15        5.89608e-13        1.29049e-12        0.000535067           0.121621        5.03783e-12        5.79123e-13        1.31237e-15            0.73276
99         0.00249873        2.51128e-05        4.25193e-06             101325           0.169313        4.25193e-06            2003.35                  0                  1        7.31278e-06            2.69001        1.67754e-05        9.17668e-07        7.74969e-05           0.044402          0.0010318           0.099554        1.19032e-06        1.68929e-14        1.18282e-15        3.99855e-13        8.75169e-13        0.000535067           0.121621        5.03409e-12        4.10364e-13        8.90015e-16            0.73276
100         0.00252384        2.51128e-05        4.25193e-06             101325           0.169313        4.25193e-06            2003.35                  0                  1        5.06667e-06             1.8416        1.67754e-05        9.17668e-07        7.74969e-05           0.044402          0.0010318           0.099554        1.19032e-06        1.14473e-14        8.01527e-16        2.70957e-13        5.93046e-13        0.000535067           0.121621        5.03154e-12        2.95726e-13        6.03116e-16            0.73276
101         0.00254895        2.51128e-05        4.25193e-06             101325           0.169313        4.25193e-06            2003.35                  0                  1        3.50411e-06            1.25958        1.67754e-05        9.17667e-07        7.74969e-05           0.044402          0.0010318           0.099554        1.19032e-06         7.7519e-15         5.4278e-16        1.83487e-13          4.016e-13        0.000535067           0.121621        5.02982e-12        2.17933e-13        4.08428e-16            0.73276
102         0.00257407        2.51128e-05        4.25193e-06             101325           0.169313        4.25193e-06            2003.35                  0                  1        2.41917e-06           0.860757        1.67754e-05        9.17667e-07        7.74969e-05           0.044402          0.0010318           0.099554        1.19032e-06        5.24654e-15        3.67357e-16        1.24186e-13        2.71805e-13        0.000535067           0.121621        5.02865e-12        1.65192e-13        2.76435e-16            0.73276
103         0.00259918        2.51128e-05        4.25193e-06             101325           0.169313        4.25193e-06            2003.35                  0                  1        1.66726e-06           0.587736        1.67754e-05        9.17667e-07        7.74969e-05           0.044402          0.0010318           0.099554        1.19032e-06        3.54947e-15         2.4853e-16        8.40159e-14        1.83885e-13        0.000535067           0.121621        5.02786e-12        1.29466e-13        1.87026e-16            0.73276
104         0.00262429        2.51128e-05        4.25193e-06             101325           0.169313        4.25193e-06            2003.35                  0                  1        1.14709e-06           0.401011        1.67754e-05        9.17667e-07        7.74969e-05           0.044402          0.0010318           0.099554        1.19032e-06        2.40072e-15        1.68096e-16        5.68251e-14        1.24373e-13        0.000535067           0.121621        5.02732e-12        1.05283e-13        1.26506e-16            0.73276
105         0.00264941        2.51128e-05        4.25193e-06             101325           0.169313        4.25193e-06            2003.35                  0                  1        7.87905e-07           0.273437        1.67754e-05        9.17667e-07        7.74969e-05           0.044402          0.0010318           0.099554        1.19032e-06        1.62349e-15        1.13675e-16        3.84281e-14        8.41071e-14        0.000535067           0.121621        5.02696e-12        8.89205e-14        8.55577e-17            0.73276
106         0.00267452        2.51128e-05        4.25193e-06             101325           0.169313        4.25193e-06            2003.35                  0                  1        5.40307e-07           0.186323        1.67754e-05        9.17667e-07        7.74969e-05           0.044402          0.0010318           0.099554        1.19032e-06        1.09745e-15        7.68426e-17        2.59767e-14         5.6855e-14        0.000535067           0.121621        5.02671e-12        7.78464e-14        5.78438e-17            0.73276
107         0.00269963        2.51128e-05        4.25193e-06             101325           0.169313        4.25193e-06            2003.35                  0                  1        3.69914e-07           0.126847        1.67754e-05        9.17667e-07        7.74969e-05           0.044402          0.0010318           0.099554        1.19032e-06        7.41519e-16        5.19204e-17        1.75518e-14        3.84153e-14        0.000535067           0.121621        5.02655e-12        7.03533e-14        3.90917e-17            0.73276
108         0.00272474        2.51128e-05        4.25193e-06             101325           0.169313        4.25193e-06            2003.35                  0                  1        2.52855e-07          0.0862738        1.67754e-05        9.17667e-07        7.74969e-05           0.044402          0.0010318           0.099554        1.19032e-06        5.00843e-16        3.50685e-17         1.1855e-14        2.59467e-14        0.000535067           0.121621        5.02643e-12        6.52865e-14        2.64118e-17            0.73276
109         0.00274986        2.51128e-05        4.25193e-06             101325           0.169313        4.25193e-06            2003.35                  0                  1        1.72576e-07          0.0586302        1.67754e-05        9.17667e-07        7.74969e-05           0.044402          0.0010318           0.099554        1.19032e-06        3.38207e-16        2.36809e-17        8.00536e-15        1.75212e-14        0.000535067           0.121621        5.02636e-12        6.18627e-14        1.78435e-17            0.73276
110         0.00277497        2.51128e-05        4.25193e-06             101325           0.169313        4.25193e-06            2003.35                  0                  1        1.17601e-07          0.0398065        1.67754e-05        9.17667e-07        7.74969e-05           0.044402          0.0010318           0.099554        1.19032e-06        2.28364e-16        1.59898e-17        5.40538e-15        1.18306e-14        0.000535067           0.121621        5.02631e-12        5.95503e-14        1.20565e-17            0.73276
111         0.00280008        2.51128e-05        4.25193e-06             101325           0.169313        4.25193e-06            2003.35                  0                  1        8.00197e-08          0.0270046        1.67754e-05        9.17667e-07        7.74969e-05           0.044402          0.0010318           0.099554        1.19032e-06        1.54219e-16        1.07982e-17        3.65035e-15        7.98943e-15        0.000535067           0.121621        5.02627e-12        5.79893e-14         8.1502e-18            0.73276
112         0.00282519        2.51128e-05        4.25193e-06             101325           0.169313        4.25193e-06            2003.35                  0                  1        5.43672e-08           0.018305        1.67754e-05        9.17667e-07        7.74969e-05           0.044402          0.0010318           0.099554        1.19032e-06        1.04197e-16        7.29574e-18        2.46633e-15        5.39799e-15        0.000535067           0.121621        5.02625e-12        5.69363e-14        5.51484e-18            0.73276
113         0.00285031        2.51128e-05        4.25193e-06             101325           0.169313        4.25193e-06            2003.35                  0                  1        3.68898e-08          0.0124044        1.67754e-05        9.17667e-07        7.74969e-05           0.044402          0.0010318           0.099554        1.19032e-06        7.04763e-17        4.93467e-18        1.66817e-15        3.65107e-15        0.000535067           0.121621        5.02623e-12        5.62264e-14        3.73831e-18            0.73276
114         0.00287542        2.51128e-05        4.25193e-06             101325           0.169313        4.25193e-06            2003.35                  0                  1        2.49899e-08         0.00839695        1.67754e-05        9.17667e-07        7.74969e-05           0.044402          0.0010318           0.099554        1.19032e-06        4.77917e-17        3.34632e-18        1.13122e-15        2.47587e-15        0.000535067           0.121621        5.02622e-12        5.57488e-14        2.54319e-18            0.73276
115         0.00290053        2.51128e-05        4.25193e-06             101325           0.169313        4.25193e-06            2003.35                  0                  1        1.69103e-08         0.00568991        1.67754e-05        9.17667e-07        7.74969e-05           0.044402          0.0010318           0.099554        1.19032e-06        3.25908e-17        2.28196e-18        7.71418e-16        1.68838e-15        0.000535067           0.121621        5.02622e-12        5.54288e-14        1.74234e-18            0.73276
116         0.00292565        2.51128e-05        4.25193e-06             101325           0.169313        4.25193e-06            2003.35                  0                  1        1.14277e-08         0.00386253        1.67754e-05        9.17667e-07        7.74969e-05           0.044402          0.0010318           0.099554        1.19032e-06        2.24931e-17        1.57494e-18        5.32406e-16        1.16526e-15        0.000535067           0.121621        5.02621e-12        5.52162e-14        1.21035e-18            0.73276
117         0.00295076        2.51128e-05        4.25193e-06             101325           0.169313        4.25193e-06            2003.35                  0                  1        7.72005e-09         0.00264109        1.67754e-05        9.17667e-07        7.74969e-05           0.044402          0.0010318           0.099554        1.19032e-06          1.552e-17        1.08669e-18        3.67354e-16        8.04015e-16        0.000535067           0.121621        5.02621e-12        5.50694e-14        8.42984e-19            0.73276
118         0.00297587        2.51128e-05        4.25193e-06             101325           0.169313        4.25193e-06            2003.35                  0                  1        5.20511e-09         0.00179781        1.67754e-05        9.17667e-07        7.74969e-05           0.044402          0.0010318           0.099554        1.19032e-06        1.06762e-17        7.47528e-19          2.527e-16        5.53074e-16        0.000535067           0.121621        5.02621e-12        5.49674e-14        5.87788e-19            0.73276
119         0.00300098        2.51128e-05        4.25193e-06             101325           0.169313        4.25193e-06            2003.35                  0                  1         3.5056e-09         0.00122004        1.67754e-05        9.17667e-07        7.74969e-05           0.044402          0.0010318           0.099554        1.19032e-06        7.32542e-18        5.12911e-19        1.73387e-16        3.79485e-16        0.000535067           0.121621         5.0262e-12        5.48969e-14        4.11257e-19            0.73276
120          0.0030261        2.51128e-05        4.25193e-06             101325           0.169313        4.25193e-06            2003.35                  0                  1         2.3562e-09        0.000822846        1.67754e-05        9.17667e-07        7.74969e-05           0.044402          0.0010318           0.099554        1.19032e-06        5.01592e-18        3.51202e-19        1.18722e-16        2.59839e-16        0.000535067           0.121621         5.0262e-12        5.48483e-14        2.89582e-19            0.73276
121         0.00305121        2.51128e-05        4.25193e-06             101325           0.169313        4.25193e-06            2003.35                  0                  1         1.5785e-09         0.00054985        1.67754e-05        9.17667e-07        7.74969e-05           0.044402          0.0010318           0.099554        1.19032e-06        3.42849e-18        2.40052e-19        8.11471e-17        1.77601e-16        0.000535067           0.121621         5.0262e-12        5.48149e-14         2.0595e-19            0.73276
122         0.00307632        2.51128e-05        4.25193e-06             101325           0.169313        4.25193e-06            2003.35                  0                  1        1.05064e-09        0.000359558        1.67754e-05        9.17667e-07        7.74969e-05           0.044402          0.0010318           0.099554        1.19032e-06         2.3398e-18        1.63823e-19        5.53778e-17          1.212e-16        0.000535067           0.121621         5.0262e-12        5.47919e-14        1.48593e-19            0.73276
123         0.00310144        2.51128e-05        4.25193e-06             101325           0.169313        4.25193e-06            2003.35                  0                  1        7.00666e-10        0.000234528        1.67754e-05        9.17667e-07        7.74969e-05           0.044402          0.0010318           0.099554        1.19032e-06        1.59455e-18        1.11642e-19        3.77377e-17         8.2592e-17        0.000535067           0.121621         5.0262e-12        5.47762e-14         1.0933e-19            0.73276
124         0.00312655        2.51128e-05        4.25193e-06             101325           0.169313        4.25193e-06            2003.35                  0                  1        4.70478e-10         0.00015367        1.67754e-05        9.17667e-07        7.74969e-05           0.044402          0.0010318           0.099554        1.19032e-06        1.08524e-18        7.59805e-20        2.56824e-17        5.62067e-17        0.000535067           0.121621         5.0262e-12        5.47655e-14         8.2498e-20            0.73276
125         0.00315166        2.51128e-05        4.25193e-06             101325           0.169313        4.25193e-06            2003.35                  0                  1        3.05943e-10        9.03454e-05        1.67754e-05        9.17667e-07        7.74969e-05           0.044402          0.0010318           0.099554        1.19032e-06          7.377e-19        5.16461e-20        1.74561e-17         3.8202e-17        0.000535067           0.121621         5.0262e-12        5.47582e-14        6.41881e-20            0.73276
126         0.00317677        2.51128e-05        4.25193e-06             101325           0.169313        4.25193e-06            2003.35                  0                  1        2.03654e-10        5.42706e-05        1.67754e-05        9.17667e-07        7.74969e-05           0.044402          0.0010318           0.099554        1.19032e-06        5.00878e-19         3.5064e-20        1.18506e-17        2.59332e-17        0.000535067           0.121621         5.0262e-12        5.47532e-14        5.17113e-20            0.73276
127         0.00320189        2.51128e-05        4.25193e-06             101325           0.169313        4.25193e-06            2003.35                  0                  1        1.31073e-10        2.60698e-05        1.67754e-05        9.17667e-07        7.74969e-05           0.044402          0.0010318           0.099554        1.19032e-06        3.39717e-19        2.37797e-20        8.03586e-18         1.7584e-17        0.000535067           0.121621         5.0262e-12        5.47498e-14        4.32207e-20            0.73276
128           0.003227        2.51128e-05        4.25193e-06             101325           0.169313        4.25193e-06            2003.35                  0                  1        8.30577e-11        7.31229e-06        1.67754e-05        9.17667e-07        7.74969e-05           0.044402          0.0010318           0.099554        1.19032e-06        2.30182e-19        1.61102e-20        5.44319e-18        1.19094e-17        0.000535067           0.121621         5.0262e-12        5.47475e-14        3.74499e-20            0.73276
129         0.00325211        2.51128e-05        4.25193e-06             101325           0.169313        4.25193e-06            2003.35                  0                  1        5.30779e-11       -3.26788e-06        1.67754e-05        9.17667e-07        7.74969e-05           0.044402          0.0010318           0.099554        1.19032e-06        1.55828e-19        1.09039e-20        3.68321e-18        8.05734e-18        0.000535067           0.121621         5.0262e-12         5.4746e-14        3.35326e-20            0.73276
130         0.00327723        2.51128e-05        4.25193e-06             101325           0.169313        4.25193e-06            2003.35                  0                  1        3.05088e-11       -1.28012e-05        1.67754e-05        9.17667e-07        7.74969e-05           0.044402          0.0010318           0.099554        1.19032e-06        1.05413e-19        7.37397e-21        2.48989e-18        5.44554e-18        0.000535067           0.121621         5.0262e-12        5.47449e-14        3.08766e-20            0.73276
131         0.00330234        2.51128e-05        4.25193e-06             101325           0.169313        4.25193e-06            2003.35                  0                  1        1.80855e-11        -1.6901e-05        1.67754e-05        9.17667e-07        7.74969e-05           0.044402          0.0010318           0.099554        1.19032e-06        7.12696e-20        4.98327e-21        1.68172e-18        3.67667e-18        0.000535067           0.121621         5.0262e-12        5.47442e-14        2.90777e-20            0.73276
132         0.00332745        2.51128e-05        4.25193e-06             101325           0.169313        4.25193e-06            2003.35                  0                  1        2.80336e-12       -2.61135e-05        1.67754e-05        9.17667e-07        7.74969e-05           0.044402          0.0010318           0.099554        1.19032e-06        4.81712e-20        3.36595e-21        1.13498e-18        2.48002e-18        0.000535067           0.121621         5.0262e-12        5.47437e-14        2.78608e-20            0.73276
133         0.00335256        2.51128e-05        4.25193e-06             101325           0.169313        4.25193e-06            2003.35                  0                  1        3.64009e-13       -2.51435e-05        1.67754e-05        9.17667e-07        7.74969e-05           0.044402          0.0010318           0.099554        1.19032e-06        3.25618e-20        2.27299e-21        7.65502e-19        1.67134e-18        0.000535067           0.121621         5.0262e-12        5.47434e-14        2.70384e-20            0.73276
134         0.00337768        2.51128e-05        4.25193e-06             101325           0.169313        4.25193e-06            2003.35                  0                  1       -4.16298e-13       -2.36964e-05        1.67754e-05        9.17667e-07        7.74969e-05           0.044402          0.0010318           0.099554        1.19032e-06        2.20241e-20        1.53516e-21        5.16076e-19        1.12542e-18        0.000535067           0.121621         5.0262e-12        5.47431e-14        2.64833e-20            0.73276
135         0.00340279        2.51128e-05        4.25193e-06             101325           0.169313        4.25193e-06            2003.35                  0                  1       -2.18489e-12       -2.38513e-05        1.67754e-05        9.17667e-07        7.74969e-05           0.044402          0.0010318           0.099554        1.19032e-06        1.49175e-20        1.03756e-21        3.47862e-19         7.5724e-19        0.000535067           0.121621         5.0262e-12         5.4743e-14        2.61089e-20            0.73276
136          0.0034279        2.51128e-05        4.25193e-06             101325           0.169313        4.25193e-06            2003.35                  0                  1       -6.16598e-12       -2.65563e-05        1.67754e-05        9.17667e-07        7.74969e-05           0.044402          0.0010318           0.099554        1.19032e-06        1.01295e-20        7.02307e-22         2.3453e-19        5.09185e-19        0.000535067           0.121621         5.0262e-12        5.47429e-14        2.58566e-20            0.73276
137         0.00345302        2.51128e-05        4.25193e-06             101325           0.169313        4.25193e-06            2003.35                  0                  1       -6.80843e-12       -2.68318e-05        1.67754e-05        9.17667e-07        7.74969e-05           0.044402          0.0010318           0.099554        1.19032e-06        6.90674e-21        4.76651e-22        1.58247e-19        3.42219e-19        0.000535067           0.121621         5.0262e-12        5.47428e-14        2.56868e-20            0.73276
138         0.00347813        2.51128e-05        4.25193e-06             101325           0.169313        4.25193e-06            2003.35                  0                  1        -7.8708e-12       -2.71413e-05        1.67754e-05        9.17667e-07        7.74969e-05           0.044402          0.0010318           0.099554        1.19032e-06         4.7395e-21        3.24902e-22        1.06948e-19        2.29937e-19        0.000535067           0.121621         5.0262e-12        5.47428e-14        2.55726e-20            0.73276
139         0.00350324        2.51128e-05        4.25193e-06             101325           0.169313        4.25193e-06            2003.35                  0                  1       -8.55281e-12       -2.75051e-05        1.67754e-05        9.17667e-07        7.74969e-05           0.044402          0.0010318           0.099554        1.19032e-06         3.2834e-21        2.22948e-22        7.24818e-20        1.54499e-19        0.000535067           0.121621         5.0262e-12        5.47427e-14        2.54959e-20            0.73276
140         0.00352835        2.51128e-05        4.25193e-06             101325           0.169313        4.25193e-06            2003.35                  0                  1       -9.88969e-12       -2.85588e-05        1.67754e-05        9.17667e-07        7.74969e-05           0.044402          0.0010318           0.099554        1.19032e-06        2.30596e-21        1.54509e-22        4.93458e-20        1.03859e-19        0.000535067           0.121621         5.0262e-12        5.47427e-14        2.54444e-20            0.73276
141         0.00355347        2.51128e-05        4.25193e-06             101325           0.169313        4.25193e-06            2003.35                  0                  1       -1.01904e-11       -2.87126e-05        1.67754e-05        9.17667e-07        7.74969e-05           0.044402          0.0010318           0.099554        1.19032e-06        1.65041e-21        1.08607e-22        3.38288e-20        6.98949e-20        0.000535067           0.121621         5.0262e-12        5.47427e-14        2.54099e-20            0.73276
142         0.00357858        2.51128e-05        4.25193e-06             101325           0.169313        4.25193e-06            2003.35                  0                  1       -1.01505e-11       -2.86176e-05        1.67754e-05        9.17667e-07        7.74969e-05           0.044402          0.0010318           0.099554        1.19032e-06        1.21112e-21        7.78486e-23        2.34308e-20        4.71353e-20        0.000535067           0.121621         5.0262e-12        5.47427e-14        2.53868e-20            0.73276
143         0.00360369        2.51128e-05        4.25193e-06             101325           0.169313        4.25193e-06            2003.35                  0                  1       -1.01621e-11       -2.85868e-05        1.67754e-05        9.17667e-07        7.74969e-05           0.044402          0.0010318           0.099554        1.19032e-06        9.17014e-22        5.72556e-23        1.64693e-20        3.18975e-20        0.000535067           0.121621         5.0262e-12        5.47427e-14        2.53713e-20            0.73276
144         0.00362881        2.51128e-05        4.25193e-06             101325           0.169313        4.25193e-06            2003.35                  0                  1       -1.04147e-11       -2.87807e-05        1.67754e-05        9.17667e-07        7.74969e-05           0.044402          0.0010318           0.099554        1.19032e-06          7.203e-22        4.34819e-23        1.18131e-20        2.17055e-20        0.000535067           0.121621         5.0262e-12        5.47427e-14        2.53609e-20            0.73276
145         0.00365392        2.51128e-05        4.25193e-06             101325           0.169313        4.25193e-06            2003.35                  0                  1       -1.04983e-11        -2.8837e-05        1.67754e-05        9.17667e-07        7.74969e-05           0.044402          0.0010318           0.099554        1.19032e-06        5.88882e-22        3.42801e-23        8.70239e-21        1.48965e-20        0.000535067           0.121621         5.0262e-12        5.47427e-14         2.5354e-20            0.73276
146         0.00367903        2.51128e-05        4.25193e-06             101325           0.169313        4.25193e-06            2003.35                  0                  1       -1.07951e-11       -2.90665e-05        1.67754e-05        9.17667e-07        7.74969e-05           0.044402          0.0010318           0.099554        1.19032e-06        5.01232e-22        2.81429e-23         6.6277e-21        1.03551e-20        0.000535067           0.121621         5.0262e-12        5.47427e-14        2.53494e-20            0.73276
147         0.00370414        2.51128e-05        4.25193e-06             101325           0.169313        4.25193e-06            2003.35                  0                  1       -1.14542e-11       -2.96341e-05        1.67754e-05        9.17667e-07        7.74969e-05           0.044402          0.0010318           0.099554        1.19032e-06        4.42937e-22        2.40611e-23        5.24786e-21        7.33472e-21        0.000535067           0.121621         5.0262e-12        5.47427e-14        2.53463e-20            0.73276
148         0.00372926        2.51128e-05        4.25193e-06             101325           0.169313        4.25193e-06            2003.35                  0                  1        -1.1028e-11       -2.91926e-05        1.67754e-05        9.17667e-07        7.74969e-05           0.044402          0.0010318           0.099554        1.19032e-06        4.04379e-22        2.13613e-23        4.33518e-21        5.33687e-21        0.000535067           0.121621         5.0262e-12        5.47427e-14        2.53443e-20            0.73276
149         0.00375437        2.51128e-05        4.25193e-06             101325           0.169313        4.25193e-06            2003.35                  0                  1       -1.15478e-11       -2.96295e-05        1.67754e-05        9.17667e-07        7.74969e-05           0.044402          0.0010318           0.099554        1.19032e-06        3.79175e-22        1.95965e-23         3.7386e-21        4.03093e-21        0.000535067           0.121621         5.0262e-12        5.47427e-14        2.53429e-20            0.73276
150         0.00377948        2.51128e-05        4.25193e-06             101325           0.169313        4.25193e-06            2003.35                  0                  1       -9.58405e-12       -2.78398e-05        1.67754e-05        9.17667e-07        7.74969e-05           0.044402          0.0010318           0.099554        1.19032e-06        3.63144e-22        1.84741e-23        3.35914e-21        3.20028e-21        0.000535067           0.121621         5.0262e-12        5.47427e-14        2.53421e-20            0.73276
151          0.0038046        2.51128e-05        4.25193e-06             101325           0.169313        4.25193e-06            2003.35                  0                  1        -9.6774e-12       -2.79197e-05        1.67754e-05        9.17667e-07        7.74969e-05           0.044402          0.0010318           0.099554        1.19032e-06        3.53624e-22        1.78075e-23        3.13381e-21        2.70701e-21        0.000535067           0.121621         5.0262e-12        5.47427e-14        2.53416e-20            0.73276
152         0.00382971        2.51128e-05        4.25193e-06             101325           0.169313        4.25193e-06            2003.35                  0                  1       -9.51421e-12       -2.77887e-05        1.67754e-05        9.17667e-07        7.74969e-05           0.044402          0.0010318           0.099554        1.19032e-06        3.49038e-22        1.74864e-23        3.02525e-21        2.46938e-21        0.000535067           0.121621         5.0262e-12        5.47427e-14        2.53413e-20            0.73276
