# Time 0.000775
# eta = 0.002
# length = 0.00013854
#--- 	  	 LEM Line data  --- 
#(1) wafer              (2) x             (3) dx              (4) m              (5) p            (6) rho              (7) m              (8) T              (9) Z             (10) C          (11) dCdt       (12) heatRel                  (13) Y_H2                  (14) Y_H                  (15) Y_O                  (16) Y_O2                  (17) Y_OH                  (18) Y_H2O                  (19) Y_HO2                  (20) Y_CH2                  (21) Y_CH2(S)                  (22) Y_CH3                  (23) Y_CH4                  (24) Y_CO                  (25) Y_CO2                  (26) Y_HCO                  (27) Y_CH2O                  (28) Y_CH2OH                  (29) Y_N2
0        1.25592e-05        2.51183e-05        2.83236e-05             101325            1.12761        2.83236e-05            301.075                  0                  0                  0       7.11455e-322         9.4361e-08         2.8232e-17        5.07645e-13           0.222507          3.217e-12        5.23217e-05        4.20045e-08        8.39034e-17        4.35898e-18        4.98175e-07          0.0446179        3.40221e-06        5.90033e-05         6.1914e-17         3.0179e-07        9.63106e-21            0.73276
1        3.76775e-05        2.51183e-05        2.82842e-05             101325            1.12604        2.82842e-05            301.495                  0        0.000528894        2.76843e-07            13.3159        1.37344e-07        4.70786e-17        5.78407e-13           0.222471        4.51084e-12        7.29012e-05        5.79444e-08        1.58074e-16        8.22669e-18        6.96257e-07          0.0446084        5.00319e-06        8.18513e-05        1.17592e-16        4.31884e-07        1.83194e-20            0.73276
2        6.27958e-05        2.51183e-05        2.82279e-05             101325             1.1238        2.82279e-05            302.095                  0        0.000708379        3.86725e-07            23.4206        2.07137e-07        7.86285e-17        5.61931e-13           0.222419        6.41803e-12        0.000102524        8.01842e-08        3.18775e-16        1.66354e-17        9.84002e-07          0.0445946        7.66607e-06         0.00011425         2.4022e-16        6.34218e-07        3.75063e-20            0.73276
3        8.79141e-05        2.51183e-05        2.81434e-05             101325            1.12043        2.81434e-05            303.001                  0        0.000993987        5.80186e-07            45.2254        3.22771e-07        1.36595e-16        4.83843e-13           0.222341        9.38304e-12        0.000147443        1.13209e-07         6.7302e-16        3.52547e-17        1.42293e-06          0.0445737        1.21562e-05        0.000162756        5.15589e-16         9.5897e-07        8.09615e-20            0.73276
4        0.000113032        2.51183e-05        2.80205e-05             101325            1.11554        2.80205e-05            304.328                  0         0.00142349        9.13247e-07            91.2121        5.07937e-07        2.51518e-16        3.67776e-13           0.222227        1.39007e-11        0.000213612        1.61053e-07        1.44504e-15        7.61153e-17        2.07256e-06          0.0445429        1.94679e-05        0.000233254        1.12921e-15         1.4635e-06        1.79504e-19            0.73276
5        0.000138151        2.51183e-05        2.78464e-05             101325            1.10861        2.78464e-05            306.229                  0         0.00205128        1.49399e-06             186.87        7.97552e-07        4.95043e-16        2.45136e-13           0.222062        2.07341e-11        0.000308919        2.29091e-07        3.10661e-15        1.64909e-16        3.01178e-06          0.0444984        3.10957e-05         0.00033329        2.48601e-15        2.22918e-06         4.0379e-19            0.73276
6        0.000163269        2.51183e-05        2.76056e-05             101325            1.09902        2.76056e-05            308.896                  0         0.00294812        2.53062e-06             382.01        1.24174e-06        1.03154e-15        1.42296e-13           0.221831        3.11038e-11        0.000443559        3.24444e-07        6.64237e-15        3.56371e-16         4.3423e-06          0.0444353        4.92276e-05        0.000472265        5.46979e-15        3.36853e-06        9.19128e-19            0.73276
7        0.000188387        2.51183e-05        2.72806e-05             101325            1.08608        2.72806e-05             312.57                  0         0.00420376        4.43498e-06            770.869        1.91055e-06        2.23604e-15        7.13997e-14            0.22151        4.70467e-11        0.000630397        4.56567e-07        1.41109e-14        7.67939e-16        6.19193e-06          0.0443475        7.69826e-05        0.000661549        1.20297e-14        5.03311e-06        2.12502e-18            0.73276
8        0.000213506        2.51183e-05        2.68527e-05             101325            1.06905        2.68527e-05            317.541                  0         0.00592929         8.0436e-06            1526.16        2.89907e-06        4.98142e-15        3.09203e-14           0.221075        7.21277e-11        0.000885266        6.38133e-07        2.98653e-14        1.65592e-15        8.71672e-06          0.0442275        0.000118675        0.000914473        2.65527e-14        7.42126e-06        5.02987e-18            0.73276
9        0.000238624        2.51183e-05        2.63042e-05             101325            1.04721        2.63042e-05            324.149                  0         0.00825837        1.51077e-05            2954.98        4.33202e-06        1.13693e-14         1.1724e-14           0.220493        1.12798e-10         0.00122709        8.86343e-07        6.32592e-14        3.59165e-15        1.21013e-05           0.044066        0.000180076         0.00124611        5.91645e-14         1.0784e-05         1.2307e-17            0.73276
10        0.000263742        2.51183e-05        2.56208e-05             101325               1.02        2.56208e-05            332.776                  0           0.011347        2.94012e-05            5588.11         6.3669e-06        2.66378e-14        4.35093e-15           0.219729        1.81026e-10         0.00167775        1.22486e-06        1.34715e-13         7.8757e-15        1.65567e-05          0.0438525        0.000268615         0.00167288        1.33847e-13        1.54276e-05        3.14086e-17            0.73276
11        0.000288861        2.51183e-05        2.47945e-05             101325           0.987108        2.47945e-05            343.837                  0          0.0153709        5.92814e-05            10320.4        9.19424e-06        6.42394e-14        2.85063e-15           0.218743        2.99307e-10          0.0022617        1.68659e-06        2.89292e-13        1.75125e-14        2.23154e-05          0.0435751        0.000393453         0.00221187        3.08621e-13        2.17098e-05        8.40794e-17            0.73276
12        0.000313979        2.51183e-05        2.38269e-05             101325           0.948588        2.38269e-05            357.758                  0           0.020521        0.000123647            18629.3        1.30336e-05        1.59406e-13        5.86678e-15           0.217494        5.10041e-10         0.00300513        2.31736e-06        6.26535e-13        3.94752e-14        2.96235e-05          0.0432208        0.000565362         0.00288008        7.25698e-13        3.00297e-05         2.3613e-16            0.73276
13        0.000339097        2.51183e-05        2.27305e-05             101325           0.904937        2.27305e-05            374.957                  0          0.0269961        0.000265738            32915.6        1.81252e-05        4.05246e-13        1.95288e-14           0.215938        8.92432e-10         0.00393491        3.18074e-06        1.36416e-12        8.98183e-14        3.87317e-05          0.0427765         0.00079636         0.00369359        1.73462e-12        4.08096e-05        6.91442e-16            0.73276
14        0.000364216        2.51183e-05        2.15283e-05             101325           0.857075        2.15283e-05            395.816                  0          0.0349942        0.000584518              57038        2.47169e-05        1.04749e-12        7.42696e-14           0.214034        1.59107e-09          0.0050773        4.36355e-06        2.96774e-12         2.0468e-13        4.98867e-05          0.0422291         0.00109913          0.0046668        4.18708e-12        5.44717e-05        2.08663e-15            0.73276
15        0.000389334        2.51183e-05        2.02517e-05             101325           0.806253        2.02517e-05            420.658                  0          0.0447036         0.00130346            97162.4        3.30504e-05        2.73256e-12        3.03685e-13           0.211745        2.86096e-09         0.00645683        5.98203e-06        6.40123e-12        4.62586e-13        6.33248e-05          0.0415665         0.00148629         0.00581205         1.0122e-11        7.14139e-05        6.39914e-15            0.73276
16        0.000414452        2.51183e-05        1.89364e-05             101325           0.753887        1.89364e-05            449.734                  0          0.0562952         0.00291415             163132        4.33474e-05        7.16383e-12        1.29633e-12           0.209035        5.13144e-09         0.00809533        8.18808e-06        1.35837e-11        1.02657e-12        7.92703e-05          0.0407778         0.00196972          0.0071394        2.43062e-11        9.19888e-05        1.97004e-14            0.73276
17         0.00043957        2.51183e-05        1.76176e-05             101325           0.701383        1.76176e-05            483.213                  0           0.069918         0.00645692             270704        5.58003e-05         1.8917e-11        5.64096e-12           0.205877         9.0903e-09          0.0100115        1.11752e-05         2.8199e-11        2.21946e-12        9.79393e-05          0.0398536         0.00256001          0.0086569        5.76433e-11         0.00011649        6.05524e-14            0.73276
18        0.000464689        2.51183e-05        1.63264e-05             101325            0.64998        1.63264e-05            521.186                  0          0.0856978          0.0140326             445296         7.0568e-05        5.07608e-11        2.45765e-11           0.202245        1.57998e-08           0.012221        1.51836e-05        5.72109e-11        4.65989e-12        0.000119548          0.0387859         0.00326615           0.010371        1.34844e-10        0.000145144        1.86783e-13            0.73276
19        0.000489807        2.51183e-05        1.50875e-05             101325           0.600656        1.50875e-05            563.678                  0            0.10374          0.0296939             728589         8.7777e-05        1.40008e-10        1.05827e-10           0.198121        2.69206e-08          0.0147367        2.05038e-05        1.14277e-10        9.54724e-12        0.000144328          0.0375683         0.00409552          0.0122872        3.12792e-10        0.000178114        5.87211e-13            0.73276
20        0.000514925        2.51183e-05         1.3918e-05             101325           0.554096         1.3918e-05            610.663                  0           0.124132          0.0610689        1.19167e+06        0.000107526        3.99528e-10        4.45851e-10           0.193487        4.53519e-08          0.0175696        2.74781e-05        2.29482e-10         1.9423e-11        0.000172536          0.0361952         0.00505405          0.0144106        7.28742e-10        0.000215501        1.91402e-12            0.73276
21        0.000540044        2.51183e-05        1.28281e-05             101325           0.510705        1.28281e-05            662.076                  0           0.146954           0.122995        1.96597e+06        0.000129892        1.17414e-09        1.82028e-09           0.188328        7.73409e-08          0.0207293        3.64961e-05        4.81104e-10        4.05807e-11        0.000204479          0.0346617         0.00614646          0.0167461         1.7371e-09        0.000257345        6.49773e-12            0.73276
22        0.000565162        2.51183e-05        1.18222e-05             101325           0.470662        1.18222e-05            717.832                  0           0.172277           0.248217        3.32657e+06        0.000154938        3.49936e-09        7.12958e-09            0.18263        1.39288e-07          0.0242241        4.79788e-05        1.10122e-09        9.09698e-11        0.000240534          0.0329633         0.00737653          0.0192988        4.31051e-09        0.000303624        2.26306e-11            0.73276
23         0.00059028        2.51183e-05        1.09006e-05             101325           0.433972        1.09006e-05            777.831                  0           0.200169           0.523678         5.9272e+06        0.000182714        1.03664e-08        2.65197e-08            0.17638        2.78341e-07          0.0280617        6.23387e-05        2.81119e-09        2.25073e-10        0.000281184          0.0310961         0.00874721          0.0220738        1.11967e-08        0.000354254        7.87331e-11            0.73276
24        0.000615399        2.51183e-05        1.00605e-05             101325           0.400524        1.00605e-05            841.966                  0           0.230694            1.21353        1.14486e+07        0.000213263        2.99819e-08        9.28763e-08           0.169568         6.3014e-07          0.0322485        7.98935e-05        7.81324e-09        6.06731e-10        0.000327078          0.0290564          0.0102606          0.0250762        3.00798e-08        0.000409074        2.66725e-10            0.73276
25        0.000640517        2.51183e-05         9.2972e-06             101325           0.370136         9.2972e-06            910.117                  0            0.26391            3.14778        2.42904e+07        0.000246619        8.36657e-08        3.04537e-07           0.162186        1.56846e-06          0.0367884          0.0001007        2.24846e-08        1.70502e-09        0.000379094          0.0268413          0.0119176          0.0283098        8.15483e-08        0.000467828        8.64176e-10            0.73276
26        0.000665635        2.51183e-05        8.60539e-06             101325           0.342594        8.60539e-06            982.141                  0           0.299857            8.83835        5.56941e+07        0.000282796         2.2402e-07        9.33138e-07           0.154235        4.06347e-06          0.0416808        0.000124265        6.40529e-08        4.77465e-09        0.000438336          0.0244501          0.0137171          0.0317762        2.17258e-07        0.000530103        2.64911e-09            0.73276
27        0.000690754        2.51183e-05         7.9795e-06             101325           0.317677         7.9795e-06            1057.85                  0            0.33854            25.3568        1.33062e+08        0.000321757        5.74547e-07        2.67501e-06           0.145726         1.0471e-05          0.0469159        0.000149101        1.75494e-07        1.29181e-08        0.000505748          0.0218855          0.0156543          0.0354726        5.56545e-07        0.000595179        7.63452e-09            0.73276
28        0.000715872        2.51183e-05         7.4144e-06             101325           0.295179         7.4144e-06            1136.93                  0           0.379894            70.8879         3.1908e+08        0.000363384        1.41018e-06        7.19736e-06           0.136682        2.61273e-05           0.052474        0.000172196        4.54891e-07        3.31618e-08        0.000580839          0.0191557          0.0177203           0.039394        1.34978e-06        0.000661729         2.0595e-08           0.732759
29         0.00074099        2.51183e-05        6.90581e-06             101325           0.274931        6.90581e-06            1218.87                  0           0.423797            187.487        7.45823e+08        0.000407338         3.3022e-06        1.82337e-05           0.127141        6.22109e-05          0.0583188        0.000188784        1.10266e-06         7.9774e-08        0.000658652          0.0162783          0.0198983          0.0435349         3.0617e-06        0.000727029          5.173e-08           0.732759
30        0.000766109        2.51183e-05        6.45099e-06             101325           0.256824        6.45099e-06            1302.74                  0           0.470039            459.947        1.65964e+09        0.000452641        7.32171e-06        4.35284e-05           0.117177        0.000139884          0.0643752         0.00019333        2.46298e-06        1.77155e-07        0.000724727          0.0132954          0.0221525           0.047886        6.40072e-06        0.000785062        1.19639e-07           0.732758
31        0.000791227        2.51183e-05        6.04982e-06             101325           0.240853        6.04982e-06            1386.79                  0           0.518173            1026.24        3.42942e+09        0.000496772         1.5168e-05        9.76394e-05           0.106948          0.0002937          0.0704911        0.000182312        4.93686e-06        3.53832e-07        0.000751263          0.0102959          0.0244009          0.0524301        1.20482e-05        0.000822956        2.48661e-07           0.732757
32        0.000816345        2.51183e-05        5.70575e-06             101325           0.227155        5.70575e-06            1467.86                  0           0.567296            2029.83        6.37199e+09        0.000534213        2.87858e-05        0.000204233          0.0967676        0.000567371          0.0763908        0.000156751        8.46426e-06        6.06775e-07        0.000704716         0.00744025          0.0264702          0.0571335        1.96626e-05        0.000817226        4.43057e-07           0.732756
33        0.000841463        2.51183e-05         5.4253e-06             101325            0.21599         5.4253e-06            1541.26                  0           0.615759            3442.42        1.01886e+10        0.000555821        4.88658e-05        0.000392805          0.0871674        0.000990847          0.0816668        0.000122333        1.15851e-05        8.36038e-07        0.000575259         0.00495226           0.028059          0.0619346         2.6452e-05        0.000740145        6.31184e-07           0.732756
34        0.000866582        2.51183e-05        5.21303e-06             101325           0.207539        5.21303e-06            1602.04                  0           0.661127            4844.26        1.33277e+10        0.000553327        7.29495e-05        0.000679773           0.078791         0.00154157          0.0859037        8.74267e-05        1.20526e-05        8.82432e-07         0.00040348         0.00303264           0.028817           0.066731         2.8205e-05        0.000589821        6.83984e-07           0.732756
35          0.0008917        2.51183e-05          5.064e-06             101325           0.201606          5.064e-06            1648.09                  0           0.700933            5595.21        1.38745e+10        0.000528949        9.63061e-05         0.00103691          0.0720806          0.0021326          0.0889113        5.89781e-05         9.7958e-06         7.3108e-07         0.00024984         0.00173444          0.0285871          0.0713804        2.40638e-05        0.000411652        5.78177e-07           0.732756
36        0.000916818        2.51183e-05        4.96346e-06             101325           0.197603        4.96346e-06            1681.27                  0           0.733973            5449.23        1.18299e+10        0.000495411        0.000115415         0.00139583          0.0670572         0.00266596          0.0908181        3.93683e-05        6.71373e-06        5.10954e-07        0.000143008        0.000948183           0.027541          0.0757391        1.73426e-05        0.000259127        4.10213e-07           0.732757
37        0.000941937        2.51183e-05        4.89472e-06             101325           0.194867        4.89472e-06            1705.35                  0           0.760678            4729.02        8.82719e+09        0.000464548          0.0001293         0.00169749          0.0634246         0.00309116          0.0919264        2.72458e-05        4.17567e-06        3.23296e-07        7.85845e-05        0.000505468          0.0260172          0.0797107        1.12353e-05        0.000152909        2.62432e-07           0.732758
38        0.000967055        2.51183e-05        4.84509e-06             101325           0.192891        4.84509e-06            1723.68                  0           0.782272            3868.62        6.17179e+09        0.000441204        0.000138478         0.00191963          0.0608033         0.00340673          0.0925334        2.01571e-05        2.46933e-06        1.93926e-07        4.23628e-05        0.000266116          0.0243135          0.0832596        6.84985e-06        8.70457e-05        1.58709e-07           0.732758
39        0.000992173        2.51183e-05        4.80673e-06             101325           0.191364        4.80673e-06            1738.52                  0           0.799992            3104.34        4.27799e+09        0.000425162        0.000143877         0.00206714          0.0588725         0.00363298          0.0928551        1.60809e-05        1.42304e-06        1.13072e-07        2.26526e-05        0.000139362          0.0226173          0.0863944        4.03883e-06        4.86149e-05        9.31186e-08           0.732759
40         0.00101729        2.51183e-05        4.77519e-06             101325           0.190108        4.77519e-06            1751.16                  0           0.814804            2498.68        3.06239e+09        0.000414397        0.000146382          0.0021551          0.0574042         0.00379279          0.0930275        1.37099e-05        8.09435e-07          6.494e-08        1.20856e-05        7.28909e-05          0.0210246          0.0891468        2.33952e-06        2.68895e-05        5.37459e-08           0.732759
41         0.00104241        2.51183e-05        4.74802e-06             101325           0.189026        4.74802e-06            1762.37                  0           0.827399            2037.34        2.31645e+09        0.000406832        0.000146719         0.00219912          0.0562484         0.00390476          0.0931294        1.22815e-05        4.57579e-07        3.70048e-08        6.45423e-06        3.81669e-05          0.0195747           0.091557        1.34439e-06        1.48087e-05        3.07499e-08           0.732759
42         0.00106753        2.51183e-05        4.72388e-06             101325           0.188065        4.72388e-06            1772.54                  0           0.838261            1687.07        1.86027e+09        0.000400898        0.000145454         0.00221197          0.0553091         0.00398236          0.0932034         1.1371e-05         2.5808e-07        2.10083e-08        3.45681e-06        2.00361e-05          0.0182764          0.0936668        7.71825e-07        8.14591e-06        1.75158e-08           0.732759
43         0.00109265        2.51183e-05        4.70203e-06             101325           0.187195        4.70203e-06            1781.91                  0           0.847735            1417.35        1.57279e+09        0.000395577        0.000143021         0.00220316          0.0545249         0.00403497          0.0932716         1.0747e-05        1.45555e-07        1.19115e-08        1.85893e-06         1.0555e-05          0.0171232          0.0955156        4.45496e-07        4.48423e-06        9.95932e-09            0.73276
44         0.00111776        2.51183e-05        4.68199e-06             101325           0.186398        4.68199e-06            1790.63                  0           0.856074             1205.4        1.38108e+09        0.000390277        0.000139753         0.00217944          0.0538561         0.00406903          0.0933444        1.02846e-05        8.21972e-08        6.75491e-09        1.00443e-06        5.58318e-06          0.0161021          0.0971396         2.6029e-07        2.47331e-06        5.66129e-09            0.73276
45         0.00114288        2.51183e-05        4.66349e-06             101325           0.185661        4.66349e-06            1798.77                  0           0.863471            1035.41         1.2437e+09        0.000384697        0.000135903         0.00214558          0.0532761         0.00408902          0.0934256        9.91603e-06        4.65128e-08        3.83465e-09        5.45537e-07        2.96663e-06          0.0151981          0.0985704        1.55209e-07        1.36782e-06        3.22029e-09            0.73276
46           0.001168        2.51183e-05        4.64631e-06             101325           0.184977        4.64631e-06            1806.42                  0           0.870076            896.628        1.13779e+09        0.000378717        0.000131666         0.00210489          0.0527664         0.00409811          0.0935162        9.60448e-06        2.63847e-08        2.18025e-09        2.97905e-07        1.58388e-06          0.0143963          0.0998357        9.53958e-08        7.58812e-07        1.83406e-09            0.73276
47         0.00119312        2.51183e-05        4.63031e-06             101325            0.18434        4.63031e-06            1813.61                  0           0.876009            781.735        1.05097e+09        0.000372324        0.000127189          0.0020597          0.0523138          0.0040986          0.0936153        9.32952e-06        1.50066e-08        1.24189e-09        1.63575e-07        8.49839e-07          0.0136829            0.10096        6.11068e-08        4.22377e-07        1.04618e-09            0.73276
48         0.00121824        2.51183e-05        4.61536e-06             101325           0.183745        4.61536e-06            1820.38                  0            0.88137            685.596        9.76517e+08        0.000365557        0.000122584         0.00201168          0.0519086          0.0040922          0.0937215        9.07963e-06        8.55821e-09        7.08791e-10        9.03102e-08        4.58298e-07          0.0130456           0.101963        4.12156e-08        2.35928e-07        5.97787e-10            0.73276
49         0.00124336        2.51183e-05        4.60136e-06             101325           0.183187        4.60136e-06            1826.78                  0           0.886239             604.51        9.10741e+08        0.000358485        0.000117938           0.001962          0.0515433         0.00408024          0.0938333        8.84807e-06        4.89375e-09        4.05348e-10        5.01297e-08        2.48414e-07          0.0124738           0.102862         2.9466e-08        1.32247e-07        3.42186e-10            0.73276
50         0.00126847        2.51183e-05        4.58822e-06             101325           0.182664        4.58822e-06            1832.83                  0           0.890686            535.705        8.51546e+08        0.000351181        0.000113313         0.00191153          0.0512117         0.00406374          0.0939491        8.63076e-06        2.80556e-09        2.32279e-10        2.79722e-08        1.35338e-07          0.0119581           0.103673        2.23428e-08        7.43889e-08        1.96226e-10            0.73276
51         0.00129359        2.51183e-05        4.57586e-06             101325           0.182172        4.57586e-06            1838.57                  0           0.894766            477.045        7.97682e+08        0.000343718        0.000108757         0.00186089          0.0509093         0.00404352          0.0940675        8.42509e-06        1.61238e-09        1.33366e-10        1.56873e-08        7.41074e-08          0.0114906           0.104407        1.78685e-08        4.19881e-08        1.12725e-10            0.73276
52         0.00131871        2.51183e-05        4.56421e-06             101325           0.181709        4.56421e-06               1844                  0           0.898528            426.833        7.48341e+08        0.000336162        0.000104305         0.00181055          0.0506319         0.00402025          0.0941873        8.22931e-06        9.28815e-10        7.67197e-11        8.84029e-09        4.07817e-08          0.0110648           0.105077        1.49288e-08        2.37802e-08        6.48681e-11            0.73276
53         0.00134383        2.51183e-05        4.55322e-06             101325           0.181271        4.55322e-06            1849.17                  0           0.902012            383.699        7.02958e+08        0.000328571        9.99798e-05         0.00176083          0.0503763         0.00399449          0.0943076        8.04216e-06         5.3623e-10        4.42148e-11         5.0047e-09        2.25522e-08          0.0106748            0.10569        1.28927e-08        1.35133e-08        3.73911e-11            0.73276
54         0.00136895        2.51183e-05        4.54283e-06             101325           0.180857        4.54283e-06            1854.08                  0           0.905254            346.516        6.61101e+08        0.000320992        9.57983e-05         0.00171199          0.0501398         0.00396669          0.0944276        7.86271e-06        3.10229e-10        2.55271e-11        2.84565e-09        1.25308e-08          0.0103158           0.106254        1.14015e-08        7.70501e-09         2.1588e-11            0.73276
55         0.00139407        2.51183e-05        4.53298e-06             101325           0.180465        4.53298e-06            1858.75                  0           0.908283            314.352        6.22419e+08        0.000313465        9.17704e-05         0.00166419          0.0499201         0.00393722          0.0945465         7.6902e-06        1.79835e-10        1.47633e-11         1.6247e-09        6.99485e-09         0.00998376           0.106775        1.02492e-08         4.4086e-09        1.24837e-11            0.73276
56         0.00141918        2.51183e-05        4.52364e-06             101325           0.180093        4.52364e-06            1863.21                  0           0.911123            286.428         5.8661e+08        0.000306021        8.79017e-05         0.00161754          0.0497152         0.00390641          0.0946641        7.52403e-06        1.04446e-10        8.55257e-12        9.31229e-10        3.92214e-09         0.00967513            0.10726        9.31647e-09        2.53198e-09        7.23023e-12            0.73276
57          0.0014443        2.51183e-05        4.51477e-06             101325            0.17974        4.51477e-06            1867.47                  0           0.913797            262.094        5.53412e+08        0.000298685        8.41939e-05         0.00157214          0.0495234         0.00387452          0.0947798         7.3637e-06        6.07717e-11         4.9628e-12        5.35721e-10        2.20876e-09         0.00938698           0.107713        8.53271e-09        1.46043e-09        4.19402e-12            0.73276
58         0.00146942        2.51183e-05        4.50633e-06             101325           0.179404        4.50633e-06            1871.54                  0           0.916323            240.803        5.22589e+08        0.000291476        8.06463e-05         0.00152802          0.0493432         0.00384176          0.0948934        7.20877e-06        3.54225e-11        2.88446e-12        3.09269e-10        1.24909e-09         0.00911677           0.108138        7.85548e-09        8.46754e-10        2.43657e-12            0.73276
59         0.00149454        2.51183e-05        4.49828e-06             101325           0.179084        4.49828e-06            1875.44                  0           0.918716            222.096        4.93929e+08        0.000284407        7.72562e-05          0.0014852          0.0491734         0.00380834          0.0950046        7.05884e-06        2.06828e-11        1.67923e-12        1.79133e-10        7.09245e-10         0.00886236           0.108537        7.25838e-09        4.94255e-10        1.41777e-12            0.73276
60         0.00151966        2.51183e-05         4.4906e-06             101325           0.178778         4.4906e-06            1879.18                  0            0.92099            205.586        4.67242e+08        0.000277487        7.40194e-05          0.0014437          0.0490129          0.0037744          0.0951135        6.91358e-06        1.20972e-11        9.79183e-13        1.04085e-10        4.04293e-10         0.00862192           0.108915        6.72443e-09        2.91151e-10        8.26286e-13            0.73276
61         0.00154478        2.51183e-05        4.48326e-06             101325           0.178486        4.48326e-06            1882.76                  0           0.923158            190.951        4.42355e+08        0.000270724        7.09308e-05         0.00140348          0.0488608         0.00374008          0.0952198        6.77268e-06        7.08756e-12        5.71918e-13        6.06627e-11        2.31334e-10         0.00839388           0.109274        6.24217e-09        1.73736e-10        4.82366e-13            0.73276
62         0.00156989        2.51183e-05        4.47624e-06             101325           0.178206        4.47624e-06             1886.2                  0            0.92523            177.915        4.19114e+08         0.00026412        6.79845e-05         0.00136454          0.0487163         0.00370548          0.0953236        6.63587e-06        4.15962e-12        3.34604e-13        3.54589e-11        1.32855e-10         0.00817687           0.109615        5.80352e-09        1.05602e-10        2.82089e-13            0.73276
63         0.00159501        2.51183e-05        4.46951e-06             101325           0.177938        4.46951e-06            1889.52                  0           0.927214            166.249        3.97377e+08        0.000257677        6.51744e-05         0.00132684          0.0485786         0.00367068          0.0954249        6.50289e-06        2.44546e-12        1.96098e-13        2.07856e-11        7.65705e-11         0.00796974            0.10994        5.40249e-09        6.58831e-11        1.65278e-13            0.73276
64         0.00162013        2.51183e-05        4.46306e-06             101325           0.177681        4.46306e-06            1892.71                  0           0.929119            155.759        3.77019e+08        0.000251394         6.2494e-05         0.00129034          0.0484471         0.00363577          0.0955236        6.37351e-06        1.44023e-12        1.15127e-13         1.2218e-11        4.42847e-11         0.00777148           0.110252        5.03446e-09        4.25948e-11         9.7039e-14            0.73276
65         0.00164525        2.51183e-05        4.45686e-06             101325           0.177435        4.45686e-06            1895.78                  0           0.930952            146.282        3.57923e+08        0.000245269        5.99371e-05         0.00125501          0.0483213          0.0036008          0.0956198        6.24752e-06         8.4973e-13        6.77113e-14        7.20134e-12        2.56992e-11         0.00758122           0.110551        4.69569e-09        2.88331e-11        5.71072e-14            0.73276
66         0.00167037        2.51183e-05         4.4509e-06             101325           0.177197         4.4509e-06            1898.75                  0           0.932718            137.679        3.39987e+08        0.000239301        5.74971e-05         0.00122081          0.0482006         0.00356581          0.0957136        6.12472e-06        5.02259e-13        3.98981e-14        4.25586e-12        1.49633e-11         0.00739819           0.110838         4.3831e-09        2.06121e-11        3.36987e-14            0.73276
67         0.00169549        2.51183e-05        4.44515e-06             101325           0.176969        4.44515e-06            1901.61                  0           0.934424            129.834        3.23117e+08        0.000233484        5.51678e-05         0.00118767          0.0480847         0.00353085           0.095805        6.00493e-06        2.97436e-13        2.35545e-14         2.5218e-12        8.74076e-12         0.00722172           0.111115        4.09407e-09        1.56248e-11        1.99502e-14            0.73276
68          0.0017206        2.51183e-05        4.43962e-06             101325           0.176748        4.43962e-06            1904.38                  0           0.936074            122.649        3.07228e+08        0.000227815        5.29433e-05         0.00115558          0.0479732         0.00349595          0.0958942        5.88798e-06        1.76481e-13        1.39332e-14        1.49821e-12        5.12233e-12         0.00705125           0.111383        3.82635e-09        1.25328e-11        1.18587e-14            0.73276
69         0.00174572        2.51183e-05        4.43428e-06             101325           0.176536        4.43428e-06            1907.06                  0           0.937672            116.038        2.92244e+08         0.00022229        5.08177e-05         0.00112447          0.0478657         0.00346112          0.0959811        5.77371e-06        1.04923e-13        8.25868e-15        8.92434e-13        3.01137e-12         0.00688626           0.111643        3.57798e-09        1.05572e-11        7.08551e-15            0.73276
70         0.00177084        2.51183e-05        4.42912e-06             101325            0.17633        4.42912e-06            1909.66                  0           0.939223            109.932        2.78096e+08        0.000216903        4.87856e-05          0.0010943          0.0477619         0.00342639          0.0960659        5.66198e-06        6.25074e-14        4.90546e-15        5.32989e-13        1.77592e-12         0.00672629           0.111894        3.34722e-09        9.24373e-12        4.26255e-15            0.73276
71         0.00179596        2.51183e-05        4.42414e-06             101325           0.176132        4.42414e-06            1912.18                  0           0.940729             104.27         2.6472e+08         0.00021165        4.68417e-05         0.00106504          0.0476615         0.00339177          0.0961487        5.55265e-06        3.73172e-14        2.92002e-15        3.19157e-13         1.0506e-12         0.00657096           0.112138        3.13254e-09        8.32673e-12         2.5879e-15            0.73276
72         0.00182108        2.51183e-05        4.41931e-06             101325            0.17594        4.41931e-06            1914.63                  0           0.942194            99.0006        2.52061e+08        0.000206526         4.4981e-05         0.00103664          0.0475644         0.00335725          0.0962295         5.4456e-06        2.23269e-14        1.74203e-15         1.9162e-13        6.23446e-13         0.00641991           0.112375        2.93259e-09        7.65011e-12        1.59081e-15            0.73276
73          0.0018462        2.51183e-05        4.41464e-06             101325           0.175754        4.41464e-06               1917                  0           0.943621            94.0796        2.40066e+08        0.000201525         4.3199e-05         0.00100906          0.0474703         0.00332285          0.0963084         5.3407e-06        1.33881e-14        1.04164e-15        1.15355e-13        3.71108e-13         0.00627282           0.112606        2.74613e-09        7.12187e-12        9.94426e-16            0.73276
74         0.00187131        2.51183e-05         4.4101e-06             101325           0.175573         4.4101e-06            1919.31                  0           0.945012            89.4694        2.28689e+08        0.000196643        4.14911e-05        0.000982259           0.047379         0.00328858          0.0963856        5.23785e-06        8.04642e-15        6.24309e-16        6.96316e-14        2.21586e-13         0.00612941           0.112832        2.57209e-09         6.6875e-12        6.35612e-16            0.73276
75         0.00189643        2.51183e-05        4.40571e-06             101325           0.175398        4.40571e-06            1921.56                  0           0.946369            85.1378        2.17886e+08        0.000191875        3.98535e-05        0.000956206          0.0472903         0.00325442          0.0964611        5.13694e-06        4.84742e-15        3.75083e-16        4.21462e-14        1.32715e-13         0.00598945           0.113052        2.40947e-09        6.31449e-12        4.18061e-16            0.73276
76         0.00192155        2.51183e-05        4.40143e-06             101325           0.175228        4.40143e-06            1923.74                  0           0.947695             81.057         2.0762e+08        0.000187216        3.82821e-05        0.000930863           0.047204         0.00322037          0.0965349        5.03788e-06        2.92732e-15        2.25907e-16        2.55805e-14        7.97334e-14          0.0058527           0.113267        2.25739e-09        5.98328e-12        2.84787e-16            0.73276
77         0.00194667        2.51183e-05        4.39728e-06             101325           0.175063        4.39728e-06            1925.88                  0           0.948991            77.2031        1.97854e+08        0.000182662        3.67736e-05        0.000906199          0.0471201         0.00318644          0.0966071        4.94057e-06        1.77219e-15        1.36407e-16        1.55696e-14         4.8051e-14         0.00571896           0.113477        2.11506e-09        5.68197e-12        2.01999e-16            0.73276
78         0.00197179        2.51183e-05        4.39324e-06             101325           0.174902        4.39324e-06            1927.95                  0           0.950259            73.5553        1.88558e+08        0.000178209        3.53245e-05        0.000882182          0.0470384         0.00315262          0.0966779        4.84495e-06        1.07563e-15        8.25802e-17        9.50336e-15        2.90477e-14         0.00558807           0.113682        1.98174e-09        5.40319e-12        1.49609e-16            0.73276
79         0.00199691        2.51183e-05        4.38931e-06             101325           0.174746        4.38931e-06            1929.98                  0           0.951501            70.0958          1.797e+08        0.000173853        3.39317e-05        0.000858784          0.0469588         0.00311889          0.0967472        4.75093e-06        6.54582e-16        5.01283e-17        5.81745e-15        1.76147e-14         0.00545985           0.113884        1.85679e-09         5.1423e-12        1.15641e-16            0.73276
80         0.00202202        2.51183e-05        4.38548e-06             101325           0.174593        4.38548e-06            1931.96                  0           0.952718             66.809        1.71255e+08         0.00016959        3.25925e-05        0.000835978          0.0468811         0.00308527          0.0968152        4.65845e-06         3.9944e-16        3.05137e-17        3.57164e-15        1.07151e-14         0.00533416           0.114081         1.7396e-09        4.89627e-12        9.29317e-17            0.73276
81         0.00204714        2.51183e-05        4.38175e-06             101325           0.174444        4.38175e-06            1933.89                  0            0.95391            63.6812        1.63198e+08        0.000165416        3.13041e-05        0.000813738          0.0468053         0.00305173          0.0968819        4.56744e-06         2.4444e-16        1.86274e-17        2.19943e-15        6.53865e-15         0.00521089           0.114275        1.62964e-09        4.66308e-12         7.7183e-17            0.73276
82         0.00207226        2.51183e-05        4.37811e-06             101325             0.1743        4.37811e-06            1935.78                  0           0.955081            60.7006        1.55506e+08        0.000161328         3.0064e-05         0.00079204          0.0467313         0.00301828          0.0969473        4.47785e-06        1.50033e-16        1.14054e-17        1.35861e-15        4.00274e-15          0.0050899           0.114465        1.52642e-09        4.44131e-12        6.58024e-17            0.73276
83         0.00209738        2.51183e-05        4.37456e-06             101325           0.174158        4.37456e-06            1937.63                  0           0.956229            57.8568        1.48159e+08        0.000157323          2.887e-05        0.000770864          0.0466591         0.00298491          0.0970116        4.38962e-06        9.23775e-17        7.00544e-18         8.4191e-16        2.45818e-15         0.00497111           0.114652        1.42947e-09        4.22992e-12        5.72183e-17            0.73276
84          0.0021225        2.51183e-05        4.37109e-06             101325            0.17402        4.37109e-06            1939.44                  0           0.957357            55.1407        1.41138e+08        0.000153398          2.772e-05        0.000750188          0.0465884         0.00295162          0.0970746        4.30271e-06        5.70703e-17        4.31727e-18        5.23452e-16        1.51451e-15         0.00485441           0.114835         1.3384e-09        4.02812e-12         5.0471e-17            0.73276
85         0.00214762        2.51183e-05        4.36771e-06             101325           0.173885        4.36771e-06            1941.21                  0           0.958465            52.5441        1.34426e+08        0.000149551        2.66119e-05        0.000729994          0.0465194         0.00291839          0.0971366        4.21708e-06        3.53874e-17        2.67021e-18        3.26587e-16        9.36145e-16         0.00473973           0.115015        1.25281e-09        3.83525e-12        4.49691e-17            0.73276
86         0.00217273        2.51183e-05         4.3644e-06             101325           0.173754         4.3644e-06            1942.94                  0           0.959554              50.06        1.28006e+08        0.000145778         2.5544e-05        0.000710264          0.0464519         0.00288523          0.0971975        4.13269e-06        2.20323e-17        1.65803e-18        2.04516e-16        5.80558e-16           0.004627           0.115193        1.17237e-09         3.6508e-12        4.03438e-17            0.73276
87         0.00219785        2.51183e-05        4.36116e-06             101325           0.173625        4.36116e-06            1944.64                  0           0.960625            47.6819        1.21864e+08        0.000142079        2.45145e-05        0.000690983          0.0463859         0.00285212          0.0972574        4.04951e-06        1.37812e-17        1.03409e-18        1.28584e-16        3.61243e-16         0.00451615           0.115367        1.09676e-09        3.47431e-12        3.63611e-17            0.73276
88         0.00222297        2.51183e-05          4.358e-06             101325           0.173499          4.358e-06             1946.3                  0           0.961677            45.4043        1.15987e+08         0.00013845        2.35219e-05        0.000672136          0.0463213         0.00281908          0.0973163        3.96751e-06        8.66689e-18        6.48202e-19        8.11983e-17        2.25541e-16         0.00440713           0.115538        1.02567e-09        3.30539e-12        3.28699e-17            0.73276
89         0.00224809        2.51183e-05        4.35491e-06             101325           0.173376        4.35491e-06            1947.93                  0           0.962713             43.222        1.10362e+08         0.00013489        2.25647e-05        0.000653709          0.0462581         0.00278609          0.0973742        3.88668e-06        5.48578e-18        4.08722e-19        5.15272e-17        1.41304e-16         0.00429989           0.115706        9.58836e-10        3.14367e-12        2.97697e-17            0.73276
90         0.00227321        2.51183e-05        4.35188e-06             101325           0.173255        4.35188e-06            1949.53                  0           0.963731            41.1304        1.04977e+08        0.000131397        2.16415e-05         0.00063569          0.0461963         0.00275315          0.0974312        3.80699e-06        3.49962e-18        2.59541e-19        3.28822e-17         8.8843e-17         0.00419439           0.115872        8.96009e-10        2.98883e-12        2.69917e-17            0.73276
91         0.00229833        2.51183e-05        4.34892e-06             101325           0.173137        4.34892e-06            1951.09                  0           0.964733            39.1255        9.98224e+07        0.000127971        2.07511e-05        0.000618068          0.0461359         0.00272026          0.0974873        3.72842e-06         2.2543e-18        1.66228e-19        2.11218e-17        5.60632e-17         0.00409059           0.116035        8.36952e-10        2.84058e-12        2.44867e-17            0.73276
92         0.00232344        2.51183e-05        4.34602e-06             101325           0.173022        4.34602e-06            1952.63                  0           0.965719            37.2036         9.4887e+07        0.000124608        1.98924e-05        0.000600832          0.0460767         0.00268743          0.0975425        3.65098e-06        1.46974e-18        1.07591e-19        1.36737e-17        3.55124e-17         0.00398846           0.116196        7.81447e-10        2.69866e-12        2.22185e-17            0.73276
93         0.00234856        2.51183e-05        4.34318e-06             101325           0.172909        4.34318e-06            1954.13                  0           0.966689            35.3611         9.0162e+07        0.000121309        1.90641e-05        0.000583974          0.0460188         0.00265465          0.0975968        3.57465e-06        9.72699e-19        7.05467e-20        8.93565e-18        2.25845e-17         0.00388798           0.116354        7.29292e-10        2.56279e-12        2.01591e-17            0.73276
94         0.00237368        2.51183e-05         4.3404e-06             101325           0.172798         4.3404e-06            1955.61                  0           0.967643            33.5951        8.56387e+07        0.000118071        1.82653e-05        0.000567484          0.0459622         0.00262192          0.0976503        3.49943e-06        6.55713e-19        4.69991e-20        5.90649e-18        1.44238e-17         0.00378913           0.116509        6.80298e-10        2.43277e-12        1.82862e-17            0.73276
95          0.0023988        2.51183e-05        4.33768e-06             101325            0.17269        4.33768e-06            1957.06                  0           0.968582            31.9026         8.1309e+07        0.000114895        1.74951e-05        0.000551357          0.0459069         0.00258926          0.0977029        3.42532e-06        4.51925e-19        3.19192e-20        3.95885e-18        9.25411e-18          0.0036919           0.116662        6.34287e-10        2.30835e-12        1.65811e-17            0.73276
96         0.00242392        2.51183e-05        4.33502e-06             101325           0.172584        4.33502e-06            1958.48                  0           0.969506             30.281        7.71653e+07         0.00011178        1.67524e-05        0.000535583          0.0458527         0.00255665          0.0977548        3.35232e-06         3.1961e-19         2.2175e-20        2.69829e-18        5.96721e-18         0.00359626           0.116812        5.91092e-10        2.18934e-12         1.5028e-17            0.73276
97         0.00244904        2.51183e-05        4.33241e-06             101325            0.17248        4.33241e-06            1959.87                  0           0.970415            28.7277        7.32005e+07        0.000108724        1.60365e-05        0.000520158          0.0457998         0.00252412          0.0978058        3.28044e-06        2.32644e-19        1.58091e-20        1.87601e-18        3.86949e-18         0.00350222            0.11696        5.50559e-10        2.07553e-12        1.36132e-17            0.73276
98         0.00247415        2.51183e-05        4.32986e-06             101325           0.172378        4.32986e-06            1961.23                  0           0.971309            27.2405        6.94079e+07        0.000105728        1.53466e-05        0.000505075          0.0457481         0.00249165           0.097856        3.20969e-06        1.74614e-19         1.1594e-20        1.33459e-18        2.52543e-18         0.00340976           0.117105         5.1254e-10        1.96675e-12        1.23246e-17            0.73276
99         0.00249927        2.51183e-05        4.32736e-06             101325           0.172279        4.32736e-06            1962.57                  0           0.972188            25.8172        6.57809e+07         0.00010279        1.46819e-05        0.000490331          0.0456976         0.00245927          0.0979054        3.14007e-06        1.35175e-19        8.75707e-21        9.74036e-19        1.66065e-18         0.00331889           0.117248        4.76897e-10        1.86282e-12        1.11512e-17            0.73276
100         0.00252439        2.51183e-05        4.32491e-06             101325           0.172182        4.32491e-06            1963.89                  0           0.973052            24.4556        6.23136e+07        9.99111e-05        1.40416e-05        0.000475919          0.0456483         0.00242697           0.097954         3.0716e-06        1.07776e-19        6.81018e-21        7.30637e-19        1.10176e-18          0.0032296           0.117388        4.43499e-10        1.76356e-12        1.00832e-17            0.73276
101         0.00254951        2.51183e-05        4.32251e-06             101325           0.172086        4.32251e-06            1965.17                  0           0.973902            23.1537        5.90003e+07        9.70898e-05        1.34251e-05        0.000461836          0.0456002         0.00239477          0.0980018        3.00429e-06        8.82525e-20        5.44342e-21        5.63626e-19        7.38791e-19          0.0031419           0.117526        4.12222e-10        1.66882e-12        9.11171e-18            0.73276
102         0.00257463        2.51183e-05        4.32017e-06             101325           0.171993        4.32017e-06            1966.43                  0           0.974736            21.9097        5.58353e+07        9.43264e-05        1.28317e-05        0.000448079          0.0455532         0.00236267          0.0980489        2.93817e-06        7.39444e-20        4.45911e-21        4.46813e-19        5.01788e-19         0.00305579           0.117661        3.82949e-10        1.57843e-12        8.22855e-18            0.73276
103         0.00259975        2.51183e-05        4.31788e-06             101325           0.171902        4.31788e-06            1967.67                  0           0.975556            20.7218        5.28136e+07        9.16205e-05        1.22608e-05        0.000434644          0.0455074         0.00233069          0.0980952        2.87324e-06        6.31421e-20        3.73044e-21        3.63298e-19        3.46089e-19         0.00297127           0.117794         3.5557e-10        1.49226e-12        7.42623e-18            0.73276
104         0.00262486        2.51183e-05        4.31563e-06             101325           0.171812        4.31563e-06            1968.88                  0            0.97636             19.588        4.99299e+07         8.8972e-05        1.17118e-05        0.000421528          0.0454628         0.00229884          0.0981406        2.80952e-06        5.47396e-20        3.17549e-21        3.02116e-19        2.43084e-19         0.00288836           0.117924        3.29977e-10        1.41014e-12        6.69789e-18            0.73276
105         0.00264998        2.51183e-05        4.31344e-06             101325           0.171725        4.31344e-06            1970.06                  0            0.97715            18.5068        4.71795e+07        8.63807e-05        1.11841e-05        0.000408727          0.0454194         0.00226713          0.0981854        2.74704e-06        4.80157e-20        2.74095e-21        2.56115e-19        1.74381e-19         0.00280705           0.118052        3.06072e-10        1.33195e-12        6.03724e-18            0.73276
106          0.0026751        2.51183e-05         4.3113e-06             101325            0.17164         4.3113e-06            1971.22                  0           0.977925            17.4763        4.45577e+07        8.38467e-05         1.0677e-05        0.000396241          0.0453771         0.00223557          0.0982293        2.68582e-06        4.24954e-20        2.39177e-21        2.20599e-19        1.28113e-19         0.00272736           0.118177        2.83759e-10        1.25754e-12        5.43845e-18            0.73276
107         0.00270022        2.51183e-05         4.3092e-06             101325           0.171556         4.3092e-06            1972.36                  0           0.978685             16.495        4.20599e+07        8.13698e-05        1.01901e-05        0.000384065          0.0453359         0.00220417          0.0982725        2.62586e-06        3.78619e-20        2.10463e-21         1.9246e-19        9.65948e-20          0.0026493             0.1183        2.62946e-10        1.18678e-12        4.89619e-18            0.73276
108         0.00272534        2.51183e-05        4.30715e-06             101325           0.171475        4.30715e-06            1973.47                  0            0.97943            15.5613        3.96818e+07        7.89499e-05        9.72286e-06        0.000372199           0.045296         0.00217295          0.0983148        2.56721e-06        3.39011e-20        1.86383e-21        1.69622e-19        7.48313e-20         0.00257287            0.11842        2.43548e-10        1.11954e-12        4.40554e-18            0.73276
109         0.00275046        2.51183e-05        4.30515e-06             101325           0.171395        4.30515e-06            1974.55                  0            0.98016            14.6734         3.7419e+07        7.65871e-05        9.27464e-06        0.000360639          0.0452571         0.00214193          0.0983564        2.50986e-06        3.04654e-20        1.65857e-21        1.50682e-19        5.95612e-20         0.00249808           0.118537        2.25482e-10        1.05569e-12        3.96197e-18            0.73276
110         0.00277557        2.51183e-05         4.3032e-06             101325           0.171317         4.3032e-06            1975.61                  0           0.980874            13.8298        3.52674e+07        7.42812e-05        8.84497e-06        0.000349383          0.0452194         0.00211112          0.0983972        2.45385e-06        2.74513e-20        1.48134e-21        1.34682e-19        4.86466e-20         0.00242494           0.118652         2.0867e-10        9.95104e-13        3.56131e-18            0.73276
111         0.00280069        2.51183e-05         4.3013e-06             101325           0.171242         4.3013e-06            1976.65                  0           0.981573             13.029         3.3223e+07        7.20322e-05        8.43334e-06         0.00033843          0.0451828         0.00208054          0.0984372        2.39919e-06         2.4784e-20        1.32673e-21        1.20955e-19        4.06798e-20         0.00235346           0.118765        1.93037e-10        9.37662e-13        3.19972e-18            0.73276
112         0.00282581        2.51183e-05        4.29944e-06             101325           0.171168        4.29944e-06            1977.66                  0           0.982257            12.2695        3.12818e+07        6.98401e-05        8.03923e-06        0.000327777          0.0451474          0.0020502          0.0984764        2.34591e-06        2.24082e-20         1.1908e-21         1.0903e-19        3.47287e-20         0.00228365           0.118874        1.78512e-10        8.83242e-13        2.87367e-18            0.73276
113         0.00285093        2.51183e-05        4.29763e-06             101325           0.171096        4.29763e-06            1978.64                  0           0.982925            11.5496          2.944e+07        6.77048e-05        7.66214e-06        0.000317422          0.0451131         0.00202012          0.0985149        2.29401e-06        2.02822e-20        1.07058e-21        9.85669e-20        3.01732e-20         0.00221551           0.118981        1.65027e-10        8.31726e-13        2.57992e-18            0.73276
114         0.00287605        2.51183e-05        4.29587e-06             101325           0.171025        4.29587e-06             1979.6                  0           0.983577             10.868        2.76937e+07        6.56261e-05        7.30159e-06        0.000307364          0.0450799         0.00199032          0.0985525        2.24351e-06        1.83729e-20        9.63779e-22        8.93146e-20        2.65979e-20         0.00214904           0.119086        1.52518e-10        7.82999e-13         2.3155e-18            0.73276
115         0.00290117        2.51183e-05        4.29416e-06             101325           0.170957        4.29416e-06            1980.54                  0           0.984215            10.2231        2.60394e+07         6.3604e-05        6.95707e-06        0.000297599          0.0450478         0.00196082          0.0985893        2.19443e-06        1.66541e-20        8.68573e-22        8.10835e-20        2.37224e-20         0.00208426           0.119187        1.40923e-10        7.36948e-13        2.07768e-18            0.73276
116         0.00292628        2.51183e-05        4.29249e-06             101325           0.170891        4.29249e-06            1981.45                  0           0.984836            9.61351        2.44733e+07        6.16383e-05        6.62812e-06        0.000288125          0.0450168         0.00193163          0.0986253        2.14679e-06        1.51041e-20        7.83493e-22        7.37267e-20        2.13563e-20         0.00202117           0.119287        1.30184e-10        6.93461e-13        1.86395e-18            0.73276
117          0.0029514        2.51183e-05        4.29086e-06             101325           0.170826        4.29086e-06            1982.34                  0           0.985442            9.03774         2.2992e+07        5.97288e-05        6.31424e-06        0.000278941          0.0449868         0.00190278          0.0986604        2.10058e-06        1.37045e-20        7.07321e-22        6.71278e-20        1.93687e-20         0.00195976           0.119383        1.20246e-10         6.5243e-13        1.67203e-18            0.73276
118         0.00297652        2.51183e-05        4.28928e-06             101325           0.170763        4.28928e-06            1983.21                  0           0.986032             8.4944        2.15919e+07        5.78753e-05        6.01497e-06        0.000270044           0.044958         0.00187428          0.0986948        2.05582e-06        1.24399e-20        6.39028e-22        6.11924e-20        1.76687e-20         0.00190004           0.119477        1.11056e-10        6.13748e-13        1.49982e-18            0.73276
119         0.00300164        2.51183e-05        4.28775e-06             101325           0.170702        4.28775e-06            1984.05                  0           0.986606             7.9821        2.02698e+07        5.60776e-05        5.72984e-06         0.00026143          0.0449302         0.00184615          0.0987283        2.01252e-06        1.12965e-20        5.77738e-22        5.58425e-20        1.61924e-20         0.00184201           0.119568        1.02565e-10        5.77311e-13        1.34541e-18            0.73276
120         0.00302676        2.51183e-05        4.28626e-06             101325           0.170643        4.28626e-06            1984.86                  0           0.987165            7.49949        1.90224e+07        5.43354e-05        5.45838e-06        0.000253098          0.0449034         0.00181841           0.098761        1.97067e-06        1.02624e-20         5.2269e-22        5.10125e-20        1.48942e-20         0.00178566           0.119657        9.47245e-11        5.43017e-13        1.20706e-18            0.73276
121         0.00305188        2.51183e-05        4.28482e-06             101325           0.170586        4.28482e-06            1985.65                  0           0.987708            7.04523        1.78463e+07        5.26484e-05        5.20014e-06        0.000245044          0.0448777         0.00179109          0.0987929        1.93029e-06        9.32708e-21         4.7322e-22        4.66462e-20        1.37411e-20           0.001731           0.119742        8.74915e-11        5.10768e-13        1.08318e-18            0.73276
122         0.00307699        2.51183e-05        4.28342e-06             101325            0.17053        4.28342e-06            1986.42                  0           0.988235            6.61804        1.67386e+07        5.10161e-05        4.95466e-06        0.000237266           0.044853          0.0017642          0.0988239        1.89137e-06        8.48106e-21        4.28743e-22         4.2695e-20        1.27085e-20         0.00167801           0.119826        8.08233e-11        4.80467e-13        9.72326e-19            0.73276
123         0.00310211        2.51183e-05        4.28207e-06             101325           0.170476        4.28207e-06            1987.17                  0           0.988747            6.21666         1.5696e+07        4.94383e-05        4.72151e-06        0.000229761          0.0448293         0.00173775          0.0988542         1.8539e-06        7.71586e-21        3.88745e-22        3.91167e-20        1.17779e-20          0.0016267           0.119906        7.46804e-11         4.5202e-13        8.73187e-19            0.73276
124         0.00312723        2.51183e-05        4.28076e-06             101325           0.170424        4.28076e-06            1987.89                  0           0.989243            5.83985        1.47157e+07        4.79145e-05        4.50024e-06        0.000222524          0.0448066         0.00171178          0.0988835        1.81789e-06        7.02384e-21        3.52764e-22         3.5874e-20        1.09352e-20         0.00157705           0.119984        6.90255e-11        4.25336e-13        7.84574e-19            0.73276
125         0.00315235        2.51183e-05        4.27949e-06             101325           0.170373        4.27949e-06            1988.58                  0           0.989723            5.48643        1.37948e+07        4.64442e-05        4.29043e-06        0.000215554          0.0447849          0.0016863           0.098912        1.78333e-06         6.3981e-21        3.20394e-22        3.29338e-20        1.01689e-20         0.00152907            0.12006        6.38234e-11        4.00328e-13        7.05409e-19            0.73276
126         0.00317747        2.51183e-05        4.27827e-06             101325           0.170325        4.27827e-06            1989.26                  0           0.990188            5.15527        1.29304e+07        4.50271e-05        4.09164e-06        0.000208847          0.0447641         0.00166132          0.0989397         1.7502e-06         5.8324e-21        2.91267e-22        3.02668e-20        9.47026e-21         0.00148273           0.120132        5.90412e-11         3.7691e-13        6.34717e-19            0.73276
127         0.00320258        2.51183e-05        4.27709e-06             101325           0.170278        4.27709e-06            1989.91                  0           0.990637            4.84525        1.21199e+07        4.36625e-05        3.90348e-06        0.000202399          0.0447442         0.00163688          0.0989666        1.71849e-06         5.3211e-21        2.65057e-22        2.78468e-20        8.83168e-21         0.00143803           0.120203        5.46482e-11        3.54999e-13        5.71618e-19            0.73276
128          0.0032277        2.51183e-05        4.27595e-06             101325           0.170232        4.27595e-06            1990.54                  0           0.991071            4.55532        1.13606e+07        4.23499e-05        3.72553e-06        0.000196207          0.0447252         0.00161298          0.0989925         1.6882e-06        4.85907e-21         2.4147e-22        2.56503e-20        8.24702e-21         0.00139495            0.12027        5.06153e-11        3.34518e-13        5.15318e-19            0.73276
129         0.00325282        2.51183e-05        4.27485e-06             101325           0.170189        4.27485e-06            1991.14                  0            0.99149            4.28447        1.06501e+07        4.10889e-05         3.5574e-06        0.000190267          0.0447072         0.00158966          0.0990177        1.65929e-06        4.44168e-21        2.20245e-22        2.36564e-20        7.71103e-21          0.0013535           0.120335        4.69156e-11         3.1539e-13        4.65101e-19            0.73276
130         0.00327794        2.51183e-05         4.2738e-06             101325           0.170147         4.2738e-06            1991.72                  0           0.991893            4.03174        9.98593e+06        3.98788e-05        3.39872e-06        0.000184576            0.04469         0.00156692           0.099042        1.63176e-06        4.06473e-21        2.01146e-22        2.18459e-20        7.21917e-21         0.00131365           0.120398         4.3524e-11        2.97543e-13        4.20326e-19            0.73276
131         0.00330306        2.51183e-05        4.27278e-06             101325           0.170106        4.27278e-06            1992.28                  0           0.992281            3.79621         9.3658e+06        3.87192e-05        3.24911e-06        0.000179131          0.0446736         0.00154479          0.0990654        1.60559e-06        3.72441e-21         1.8396e-22        2.02021e-20        6.76752e-21         0.00127539           0.120458         4.0417e-11        2.80907e-13        3.80415e-19            0.73276
132         0.00332818        2.51183e-05        4.27181e-06             101325           0.170068        4.27181e-06            1992.82                  0           0.992653            3.57702         8.7875e+06        3.76094e-05        3.10822e-06        0.000173927          0.0446581         0.00152329           0.099088        1.58075e-06        3.41727e-21        1.68498e-22        1.87096e-20        6.35262e-21         0.00123871           0.120516         3.7573e-11        2.65416e-13        3.44849e-19            0.73276
133         0.00335329        2.51183e-05        4.27088e-06             101325            0.17003        4.27088e-06            1993.34                  0           0.993011            3.37336        8.24893e+06        3.65491e-05        2.97571e-06        0.000168963          0.0446434         0.00150243          0.0991097        1.55722e-06        3.14018e-21        1.54589e-22        1.73546e-20        5.97141e-21         0.00120361           0.120571        3.49718e-11        2.51007e-13        3.13165e-19            0.73276
134         0.00337841        2.51183e-05        4.26999e-06             101325           0.169995        4.26999e-06            1993.83                  0           0.993354            3.18446        7.74812e+06        3.55376e-05        2.85125e-06        0.000164235          0.0446295         0.00148225          0.0991305        1.53497e-06        2.89033e-21        1.42082e-22        1.61247e-20        5.62117e-21         0.00117006           0.120624        3.25947e-11        2.37622e-13        2.84948e-19            0.73276
135         0.00340353        2.51183e-05        4.26914e-06             101325           0.169961        4.26914e-06             1994.3                  0           0.993681            3.00961        7.28318e+06        3.45746e-05        2.73454e-06        0.000159739          0.0446163         0.00146277          0.0991505        1.51399e-06        2.66517e-21        1.30838e-22        1.50087e-20        5.29948e-21         0.00113807           0.120674        3.04246e-11        2.25203e-13        2.59829e-19            0.73276
136         0.00342865        2.51183e-05        4.26833e-06             101325           0.169929        4.26833e-06            1994.75                  0           0.993994            2.84814        6.85236e+06        3.36596e-05        2.62528e-06        0.000155474          0.0446039           0.001444          0.0991696        1.49425e-06         2.4624e-21        1.20736e-22        1.39968e-20        5.00417e-21         0.00110762           0.120722        2.84456e-11          2.137e-13        2.37478e-19            0.73276
137         0.00345377        2.51183e-05        4.26756e-06             101325           0.169898        4.26756e-06            1995.17                  0           0.994292            2.69944        6.45399e+06        3.27923e-05        2.52319e-06        0.000151437          0.0445923         0.00142596          0.0991878        1.47572e-06        2.27996e-21        1.11666e-22        1.30798e-20         4.7333e-21         0.00107872           0.120767        2.66433e-11        2.03062e-13        2.17601e-19            0.73276
138         0.00347889        2.51183e-05        4.26683e-06             101325           0.169869        4.26683e-06            1995.58                  0           0.994575            2.56295        6.08654e+06        3.19725e-05        2.42804e-06        0.000147627          0.0445813          0.0014087          0.0992051        1.45839e-06        2.11599e-21        1.03529e-22        1.22497e-20        4.48513e-21         0.00105134            0.12081        2.50045e-11        1.93244e-13        1.99939e-19            0.73276
139           0.003504        2.51183e-05        4.26614e-06             101325           0.169842        4.26614e-06            1995.96                  0           0.994843            2.43814        5.74858e+06        3.11999e-05        2.33957e-06        0.000144041          0.0445711         0.00139223          0.0992215        1.44222e-06        1.96882e-21          9.624e-23        1.14994e-20        4.25813e-21         0.00102551           0.120851         2.3517e-11        1.84205e-13         1.8426e-19            0.73276
140         0.00352912        2.51183e-05        4.26549e-06             101325           0.169816        4.26549e-06            1996.32                  0           0.995095            2.32453        5.43878e+06        3.04746e-05         2.2576e-06        0.000140678          0.0445616         0.00137659           0.099237        1.42719e-06        1.83698e-21        8.97199e-23        1.08223e-20        4.05092e-21         0.00100122           0.120889        2.21701e-11        1.75906e-13        1.70362e-19            0.73276
141         0.00355424        2.51183e-05        4.26489e-06             101325           0.169792        4.26489e-06            1996.66                  0           0.995333            2.22168        5.15593e+06        2.97966e-05        2.18192e-06        0.000137539          0.0445527          0.0013618          0.0992516        1.41329e-06        1.71913e-21        8.39009e-23        1.02128e-20        3.86229e-21        0.000978484           0.120925        2.09538e-11        1.68313e-13        1.58066e-19            0.73276
142         0.00357936        2.51183e-05        4.26432e-06             101325           0.169769        4.26432e-06            1996.97                  0           0.995556            2.12916        4.89891e+06        2.91662e-05        2.11238e-06        0.000134625          0.0445446          0.0013479          0.0992652         1.4005e-06        1.61413e-21        7.87227e-23        9.66598e-21        3.69119e-21         0.00095731           0.120958        1.98596e-11        1.61395e-13        1.47215e-19            0.73276
143         0.00360448        2.51183e-05         4.2638e-06             101325           0.169749         4.2638e-06            1997.26                  0           0.995763             2.0466        4.66671e+06        2.85837e-05        2.04885e-06        0.000131935           0.044537         0.00133493          0.0992779         1.3888e-06        1.52095e-21        7.41329e-23        9.17741e-21        3.53671e-21        0.000937722           0.120989        1.88796e-11        1.55126e-13        1.37673e-19            0.73276
144          0.0036296        2.51183e-05        4.26331e-06             101325           0.169729        4.26331e-06            1997.53                  0           0.995954             1.9736        4.45841e+06        2.80499e-05        1.99124e-06        0.000129473          0.0445302         0.00132293          0.0992895        1.37818e-06         1.4387e-21        7.00859e-23        8.74337e-21        3.39811e-21        0.000919746           0.121017        1.80073e-11        1.49483e-13        1.29322e-19            0.73276
145         0.00365471        2.51183e-05        4.26288e-06             101325           0.169712        4.26288e-06            1997.77                  0           0.996129            1.90982        4.27317e+06        2.75655e-05        1.93947e-06        0.000127241           0.044524         0.00131196          0.0993001        1.36863e-06        1.36664e-21        6.65432e-23        8.36071e-21        3.27477e-21        0.000903416           0.121042         1.7237e-11        1.44448e-13        1.22062e-19            0.73276
146         0.00367983        2.51183e-05        4.26248e-06             101325           0.169696        4.26248e-06            1997.99                  0           0.996287            1.85485        4.11026e+06        2.71316e-05        1.89353e-06        0.000125245          0.0445185         0.00130205          0.0993097        1.36016e-06        1.30413e-21        6.34728e-23        8.02687e-21        3.16622e-21        0.000888776           0.121065         1.6564e-11        1.40007e-13         1.1581e-19            0.73276
147         0.00370495        2.51183e-05        4.26214e-06             101325           0.169683        4.26214e-06            1998.18                  0           0.996429            1.80832        3.96899e+06        2.67499e-05        1.85342e-06         0.00012349          0.0445137         0.00129327          0.0993181        1.35276e-06        1.25067e-21        6.08488e-23        7.73985e-21        3.07215e-21         0.00087588           0.121086        1.59848e-11        1.36152e-13        1.10498e-19            0.73276
148         0.00373007        2.51183e-05        4.26184e-06             101325           0.169671        4.26184e-06            1998.35                  0           0.996553            1.76978        3.84877e+06        2.64219e-05        1.81921e-06        0.000121984          0.0445096         0.00128568          0.0993253        1.34645e-06        1.20589e-21        5.86518e-23        7.49827e-21        2.99242e-21        0.000864791           0.121103        1.54969e-11        1.32881e-13        1.06074e-19            0.73276
149         0.00375519        2.51183e-05        4.26159e-06             101325           0.169661        4.26159e-06            1998.48                  0           0.996659            1.73877        3.74909e+06        2.61498e-05          1.791e-06        0.000120735          0.0445062         0.00127936          0.0993314        1.34125e-06        1.16953e-21        5.68689e-23         7.3013e-21        2.92701e-21        0.000855585           0.121118        1.50988e-11        1.30194e-13        1.02498e-19            0.73276
150         0.00378031        2.51183e-05         4.2614e-06             101325           0.169653         4.2614e-06            1998.59                  0           0.996745            1.71479        3.66952e+06         2.5936e-05        1.76895e-06        0.000119755          0.0445035         0.00127437          0.0993361        1.33719e-06        1.14146e-21        5.54934e-23        7.14876e-21         2.8761e-21        0.000848351           0.121129        1.47904e-11        1.28102e-13        9.97498e-20            0.73276
151         0.00380542        2.51183e-05        4.26126e-06             101325           0.169648        4.26126e-06            1998.67                  0           0.996812             1.6973        3.60977e+06        2.57835e-05        1.75327e-06        0.000119056          0.0445016         0.00127079          0.0993395         1.3343e-06         1.1217e-21        5.45249e-23        7.04106e-21        2.84001e-21        0.000843186           0.121137        1.45726e-11        1.26619e-13        9.78199e-20            0.73276
152         0.00383054        2.51183e-05        4.26118e-06             101325           0.169644        4.26118e-06            1998.71                  0           0.996857            1.68585        3.56971e+06        2.56952e-05        1.74421e-06        0.000118652          0.0445005         0.00126872          0.0993415        1.33263e-06        1.11035e-21        5.39687e-23        6.97908e-21         2.8192e-21        0.000840192           0.121142        1.44472e-11        1.25762e-13        9.67134e-20            0.73276
