# Time 0.000785
# eta = 0.002
# length = 0.000124796
#--- 	  	 LEM Line data  --- 
#(1) wafer              (2) x             (3) dx              (4) m              (5) p            (6) rho              (7) m              (8) T              (9) Z             (10) C          (11) dCdt       (12) heatRel                  (13) Y_H2                  (14) Y_H                  (15) Y_O                  (16) Y_O2                  (17) Y_OH                  (18) Y_H2O                  (19) Y_HO2                  (20) Y_CH2                  (21) Y_CH2(S)                  (22) Y_CH3                  (23) Y_CH4                  (24) Y_CO                  (25) Y_CO2                  (26) Y_HCO                  (27) Y_CH2O                  (28) Y_CH2OH                  (29) Y_N2
0        1.25592e-05        2.51183e-05        2.83207e-05             101325            1.12749        2.83207e-05            301.106                  0                  0                  0        3.68894e+06        9.94495e-08        2.78954e-17        4.61318e-13           0.222504        3.31675e-12        5.38936e-05        4.30319e-08         8.9213e-17        4.63544e-18         5.1393e-07          0.0446172        3.60562e-06        6.06375e-05        6.60245e-17        3.15203e-07        1.02481e-20            0.73276
1        3.76775e-05        2.51183e-05        2.82803e-05             101325            1.12588        2.82803e-05            301.536                  0        0.000544153        2.86313e-07            14.0461         1.4445e-07        4.66908e-17         5.2495e-13           0.222467          4.643e-12        7.49789e-05        5.92857e-08        1.67474e-16        8.71739e-18        7.17112e-07          0.0446074        5.29051e-06         8.3986e-05        1.24956e-16        4.50235e-07         1.9427e-20            0.73276
2        6.27958e-05        2.51183e-05         2.8223e-05             101325             1.1236         2.8223e-05            302.147                  0        0.000727627         3.9953e-07            24.6401        2.17125e-07        7.85322e-17        5.08777e-13           0.222415        6.58746e-12        0.000105175        8.18549e-08        3.35783e-16        1.75268e-17        1.01067e-06          0.0445934        8.07758e-06        0.000116911        2.53811e-16        6.59123e-07        3.95541e-20            0.73276
3        8.79141e-05        2.51183e-05        2.81373e-05             101325            1.12019        2.81373e-05            303.066                  0         0.00101826        5.98175e-07            47.3595        3.37085e-07        1.37735e-16        4.36677e-13           0.222336        9.59989e-12        0.000150808        1.15263e-07         7.0436e-16        3.69058e-17        1.45686e-06          0.0445722         1.2759e-05        0.000166024        5.41313e-16        9.93186e-07        8.48552e-20            0.73276
4        0.000113032        2.51183e-05         2.8013e-05             101325            1.11524         2.8013e-05            304.409                  0         0.00145379        9.39326e-07            94.9913        5.28523e-07        2.55975e-16        3.30652e-13            0.22222        1.41769e-11        0.000217844         1.6354e-07        1.50271e-15        7.91771e-17        2.11525e-06          0.0445409        2.03548e-05        0.000237187        1.17817e-15        1.51053e-06        1.87002e-19            0.73276
5        0.000138151        2.51183e-05        2.78374e-05             101325            1.10825        2.78374e-05            306.327                  0         0.00208858        1.53297e-06             193.52        8.26961e-07        5.06817e-16        2.19468e-13           0.222053         2.1084e-11        0.000314173         2.3205e-07        3.21141e-15        1.70534e-16        3.06461e-06          0.0444958        3.23918e-05        0.000337904        2.57874e-15        2.29334e-06         4.1831e-19            0.73276
6        0.000163269        2.51183e-05         2.7595e-05             101325             1.0986         2.7595e-05            309.014                  0         0.00299317        2.59051e-06            393.484        1.28321e-06        1.05778e-15        1.26851e-13            0.22182        3.15454e-11        0.000449972        3.27895e-07         6.8294e-15         3.6656e-16        4.40629e-06          0.0444322        5.10969e-05          0.0004775        5.64385e-15         3.4549e-06        9.47391e-19            0.73276
7        0.000188387        2.51183e-05        2.72686e-05             101325            1.08561        2.72686e-05            312.707                  0         0.00425691        4.52929e-06             790.09        1.96804e-06        2.28943e-15        6.33903e-14           0.221498        4.76043e-11        0.000638074        4.60506e-07        1.44381e-14        7.86119e-16        6.26741e-06          0.0443438        7.96323e-05        0.000667246        1.23537e-14        5.14738e-06        2.18051e-18            0.73276
8        0.000213506        2.51183e-05        2.68396e-05             101325            1.06853        2.68396e-05            317.696                  0         0.00599025        8.19512e-06            1557.21        2.97717e-06        5.08524e-15        2.73581e-14            0.22106        7.28354e-11        0.000894252        6.42528e-07         3.0427e-14        1.68791e-15        8.80297e-06          0.0442231        0.000122356        0.000920338        2.71523e-14        7.56939e-06        5.14043e-18            0.73276
9        0.000238624        2.51183e-05        2.62904e-05             101325            1.04666        2.62904e-05            324.319                  0           0.008326        1.53552e-05            3003.05        4.43581e-06        1.15678e-14        1.03669e-14           0.220477        1.13705e-10         0.00123735        8.91136e-07        6.42055e-14        3.64725e-15        1.21962e-05          0.0440609        0.000185078         0.00125171        6.02713e-14        1.09717e-05        1.25317e-17            0.73276
10        0.000263742        2.51183e-05        2.56069e-05             101325            1.01945        2.56069e-05            332.955                  0          0.0114191        2.98106e-05            5659.14        6.50157e-06         2.7016e-14        3.90633e-15           0.219711        1.82195e-10         0.00168917        1.22997e-06        1.36274e-13        7.97076e-15        1.66565e-05          0.0438468        0.000275253         0.00167761        1.35886e-13        1.56597e-05        3.18738e-17            0.73276
11        0.000288861        2.51183e-05        2.47813e-05             101325           0.986583        2.47813e-05            344.018                  0          0.0154441        5.99632e-05            10420.1        9.36465e-06        6.49577e-14        2.72525e-15           0.218725        3.00804e-10         0.00227405        1.69192e-06        2.91777e-13        1.76705e-14        2.24146e-05          0.0435687        0.000402047         0.00221501        3.12354e-13        2.19894e-05        8.50523e-17            0.73276
12        0.000313979        2.51183e-05        2.38152e-05             101325           0.948121        2.38152e-05            357.931                  0          0.0205911        0.000124777            18761.3        1.32438e-05         1.6075e-13        5.83497e-15           0.217475        5.11889e-10         0.00301809         2.3228e-06         6.3026e-13        3.97234e-14        2.97149e-05           0.043214        0.000576209         0.00288083        7.32399e-13        3.03574e-05        2.38135e-16            0.73276
13        0.000339097        2.51183e-05        2.27209e-05             101325           0.904554        2.27209e-05            375.113                  0          0.0270578        0.000267566              33079        1.83776e-05        4.07657e-13        1.95007e-14            0.21592        8.94488e-10         0.00394807        3.18613e-06        1.36909e-12        9.01635e-14         3.8807e-05          0.0427695        0.000809703          0.0036911        1.74613e-12         4.1183e-05        6.95302e-16            0.73276
14        0.000364216        2.51183e-05        2.15212e-05             101325           0.856791        2.15212e-05            395.943                  0          0.0350419        0.000587295            57222.9        2.50124e-05        1.05143e-12        7.41201e-14           0.214018        1.59276e-09         0.00509024        4.36867e-06        2.97245e-12        2.05027e-13        4.99369e-05          0.0422221         0.00111513         0.00466032        4.20512e-12        5.48853e-05        2.09271e-15            0.73276
15        0.000389334        2.51183e-05        2.02472e-05             101325           0.806072        2.02472e-05            420.747                  0          0.0447317         0.00130711            97343.8        3.33875e-05        2.73762e-12        3.02872e-13           0.211731        2.86079e-09         0.00646909        5.98658e-06        6.40038e-12        4.62522e-13        6.33409e-05          0.0415596         0.00150501         0.00580092        1.01451e-11        7.18592e-05        6.40266e-15            0.73276
16        0.000414452        2.51183e-05        1.89343e-05             101325           0.753804        1.89343e-05            449.778                  0          0.0562987         0.00291729             163258        4.37226e-05        7.16793e-12        1.29233e-12           0.209024        5.12618e-09         0.00810648         8.1916e-06        1.35629e-11        1.02489e-12         7.9244e-05          0.0407713         0.00199112         0.00712314          2.432e-11        9.24545e-05        1.96723e-14            0.73276
17        0.000439571        2.51183e-05        1.76176e-05             101325           0.701384        1.76176e-05            483.205                  0          0.0698928         0.00645447             270678        5.62083e-05        1.89084e-11         5.6216e-12            0.20587        9.07395e-09          0.0100212         1.1177e-05        2.81247e-11        2.21323e-12        9.78634e-05          0.0398476         0.00258392         0.00863525        5.75956e-11        0.000116963        6.03705e-14            0.73276
18        0.000464689        2.51183e-05        1.63281e-05             101325           0.650048        1.63281e-05            521.123                  0          0.0856409          0.0140109             444944        7.10019e-05        5.06949e-11        2.44841e-11           0.202243        1.57623e-08          0.0122288        1.51827e-05        5.70135e-11        4.64285e-12        0.000119417          0.0387807         0.00329233          0.0103439        1.34584e-10        0.000145611        1.85998e-13            0.73276
19        0.000489807        2.51183e-05        1.50904e-05             101325           0.600773        1.50904e-05            563.559                  0           0.103649          0.0296218             727601        8.82287e-05        1.39725e-10        1.05397e-10           0.198123        2.68462e-08          0.0147425         2.0499e-05        1.13816e-10        9.50667e-12        0.000144137           0.037564         0.00412363          0.0122548        3.11922e-10         0.00017856        5.84243e-13            0.73276
20        0.000514926        2.51183e-05        1.39217e-05             101325           0.554244        1.39217e-05            610.488                  0           0.124008          0.0608829        1.18949e+06        0.000107987        3.98464e-10        4.43917e-10           0.193494        4.52152e-08          0.0175731        2.74679e-05        2.28458e-10        1.93328e-11        0.000172283          0.0361919          0.0050837          0.0143732         7.2624e-10        0.000215913         1.9033e-12            0.73276
21        0.000540044        2.51183e-05        1.28322e-05             101325           0.510871        1.28322e-05            661.849                  0           0.146797           0.122571        1.96158e+06        0.000130353        1.17041e-09        1.81205e-09            0.18834        7.70944e-08          0.0207304        3.64784e-05          4.788e-10        4.03813e-11        0.000204162          0.0346595         0.00617723           0.016704        1.73029e-09        0.000257708        6.45959e-12            0.73276
22        0.000565162        2.51183e-05        1.18266e-05             101325           0.470835        1.18266e-05            717.555                  0           0.172087           0.247293        3.31789e+06        0.000155389         3.4871e-09        7.09678e-09           0.182646         1.3882e-07          0.0242227        4.79514e-05        1.09567e-09         9.0506e-11        0.000240152          0.0329624         0.00740794          0.0192526        4.29218e-09        0.000303928        2.24965e-11            0.73276
23        0.000590281        2.51183e-05         1.0905e-05             101325           0.434144         1.0905e-05             777.51                  0           0.199949           0.521614        5.90953e+06        0.000183146        1.03286e-08        2.63989e-08           0.176401        2.77349e-07          0.0280577        6.22994e-05        2.79664e-09        2.23905e-10        0.000280737          0.0310965          0.0087788          0.0220241        1.11474e-08        0.000354488        7.82751e-11            0.73276
24        0.000615399        2.51183e-05        1.00646e-05             101325           0.400689        1.00646e-05            841.604                  0           0.230446            1.20848        1.14105e+07        0.000213668        2.98734e-08        9.24681e-08           0.169594        6.27783e-07          0.0322419        7.98403e-05          7.773e-09        6.03607e-10        0.000326565          0.0290581          0.0102919          0.0250236        2.99478e-08        0.000409231        2.65229e-10            0.73276
25        0.000640517        2.51183e-05         9.3011e-06             101325           0.370292         9.3011e-06            909.719                  0           0.263637            3.13422        2.42036e+07        0.000246988        8.33736e-08         3.0327e-07           0.162217        1.56251e-06          0.0367792        0.000100632        2.23725e-08        1.69652e-09        0.000378514          0.0268444          0.0119482          0.0282549        8.12038e-08        0.000467902        8.59562e-10            0.73276
26        0.000665635        2.51183e-05          8.609e-06             101325           0.342738          8.609e-06            981.713                  0           0.299562            8.80023        5.54899e+07        0.000283122        2.23277e-07        9.29513e-07            0.15427        4.04835e-06          0.0416691        0.000124184        6.37497e-08        4.75202e-09        0.000437686          0.0244546          0.0137465          0.0317196        2.16397e-07         0.00053009        2.63577e-09            0.73276
27        0.000690754        2.51183e-05         7.9828e-06             101325           0.317808         7.9828e-06            1057.39                  0           0.338226            25.2509        1.32582e+08        0.000322034         5.7275e-07        2.66538e-06           0.145764        1.04337e-05          0.0469018        0.000149013        1.74716e-07        1.28607e-08        0.000505031          0.0218914          0.0156822           0.035415        5.54513e-07        0.000595081        7.59852e-09            0.73276
28        0.000715872        2.51183e-05        7.41739e-06             101325           0.295298        7.41739e-06            1136.45                  0           0.379565            70.6089         3.1798e+08        0.000363605        1.40605e-06        7.17344e-06           0.136724        2.60395e-05          0.0524577        0.000172115        4.53019e-07        3.30249e-08        0.000580067          0.0191628          0.0177463          0.0393361        1.34531e-06        0.000661553        2.05048e-08           0.732759
29         0.00074099        2.51183e-05        6.90848e-06             101325           0.275038        6.90848e-06            1218.38                  0           0.423458            186.807        7.43423e+08        0.000407502         3.2932e-06        1.81779e-05           0.127186        6.20158e-05          0.0583006         0.00018873         1.0985e-06        7.94714e-08        0.000657866          0.0162866          0.0199223          0.0434773        3.05264e-06        0.000726796        5.15215e-08           0.732759
30        0.000766109        2.51183e-05        6.45336e-06             101325           0.256919        6.45336e-06            1302.25                  0           0.469693            458.446        1.65477e+09        0.000452749        7.30347e-06        4.34065e-05           0.117224        0.000139481          0.0643555        0.000193324        2.45464e-06         1.7655e-07        0.000724019          0.0133045          0.0221742          0.0478293        6.38429e-06        0.000784814        1.19204e-07           0.732758
31        0.000791227        2.51183e-05        6.05189e-06             101325           0.240935        6.05189e-06             1386.3                  0           0.517827            1023.34        3.42064e+09        0.000496838        1.51346e-05        9.73921e-05           0.106996        0.000292935          0.0704709        0.000182364        4.92256e-06        3.52796e-07        0.000750781          0.0103054          0.0244206          0.0523748         1.2023e-05        0.000822774        2.47883e-07           0.732757
32        0.000816345        2.51183e-05        5.70751e-06             101325           0.227225        5.70751e-06             1467.4                  0           0.566956            2025.19        6.35878e+09        0.000534265         2.8733e-05        0.000203777          0.0968145        0.000566084          0.0763715        0.000156851        8.44558e-06        6.05408e-07          0.0007046         0.00744928          0.0264885          0.0570803        1.96334e-05        0.000817233        4.41984e-07           0.732756
33        0.000841464        2.51183e-05        5.42674e-06             101325           0.216047        5.42674e-06            1540.84                  0           0.615434            3436.85        1.01741e+10        0.000555904        4.87985e-05        0.000392067          0.0872109        0.000988989            0.08165        0.000122455        1.15703e-05        8.34914e-07        0.000575494         0.00495986          0.0280773           0.061884        2.64335e-05         0.00074044        6.30257e-07           0.732756
34        0.000866582        2.51183e-05        5.21417e-06             101325           0.207585        5.21417e-06            1601.68                  0           0.660829            4840.14        1.33197e+10         0.00055347        7.28852e-05        0.000678793          0.0788286         0.00153934          0.0858908        8.75396e-05         1.2049e-05        8.82099e-07        0.000403861         0.00303816          0.0288363          0.0666835        2.82092e-05        0.000590337         6.8367e-07           0.732756
35          0.0008917        2.51183e-05         5.0649e-06             101325           0.201642         5.0649e-06            1647.78                  0            0.70067            5594.64        1.38775e+10        0.000529133        9.62641e-05         0.00103591          0.0721112         0.00213038          0.0889024        5.90632e-05        9.80033e-06         7.3136e-07        0.000250168         0.00173794          0.0286077          0.0713366        2.40844e-05        0.000412184        5.78368e-07           0.732756
36        0.000916819        2.51183e-05        4.96419e-06             101325           0.197632        4.96419e-06            1681.01                  0           0.733746            5451.91        1.18401e+10        0.000495598        0.000115405         0.00139508          0.0670815         0.00266405          0.0908124        3.94246e-05        6.71989e-06         5.1139e-07        0.000143224        0.000950195          0.0275621          0.0756992        1.73656e-05        0.000259532         4.1055e-07           0.732757
37        0.000941937        2.51183e-05        4.89533e-06             101325           0.194891        4.89533e-06            1705.12                  0           0.760481            4733.19        8.83827e+09        0.000464716        0.000129321         0.00169714           0.063444         0.00308966          0.0919227        2.72811e-05        4.18043e-06         3.2365e-07        7.87094e-05        0.000506559          0.0260377          0.0796747        1.12531e-05        0.000153169        2.62715e-07           0.732758
38        0.000967055        2.51183e-05        4.84564e-06             101325           0.192913        4.84564e-06            1723.47                  0           0.782101            3872.89        6.18077e+09        0.000441353        0.000138525         0.00191968           0.060819         0.00340561          0.0925307        2.01794e-05        2.47238e-06         1.9416e-07        4.24308e-05        0.000266689          0.0243328          0.0832272        6.86157e-06        8.71978e-05        1.58899e-07           0.732758
39        0.000992174        2.51183e-05        4.80723e-06             101325           0.191384        4.80723e-06            1738.32                  0           0.799841            3108.14        4.28448e+09        0.000425299        0.000143947         0.00206754          0.0588856         0.00363218          0.0928529        1.60957e-05        1.42483e-06        1.13213e-07        2.26885e-05        0.000139658          0.0226351          0.0863654        4.04593e-06        4.86997e-05         9.3234e-08           0.732759
40         0.00101729        2.51183e-05        4.77566e-06             101325           0.190126        4.77566e-06            1750.97                  0           0.814668            2501.91        3.06698e+09        0.000414533        0.000146469         0.00215577          0.0574156         0.00379224          0.0930254        1.37207e-05        8.10438e-07        6.50204e-08        1.21043e-05        7.30424e-05          0.0210409          0.0891206        2.34364e-06        2.69355e-05        5.38124e-08           0.732759
41         0.00104241        2.51183e-05        4.74847e-06             101325           0.189044        4.74847e-06            1762.18                  0           0.827276            2040.06        2.31981e+09        0.000406973         0.00014682         0.00219999          0.0562585         0.00390442          0.0931272          1.229e-05        4.58127e-07        3.70495e-08        6.46386e-06        3.82441e-05          0.0195896          0.0915334        1.34672e-06        1.48332e-05        3.07871e-08           0.732759
42         0.00106753        2.51183e-05        4.72432e-06             101325           0.188083        4.72432e-06            1772.36                  0           0.838148            1689.38         1.8629e+09        0.000401049        0.000145566           0.002213          0.0553182         0.00398219           0.093201        1.13783e-05        2.58375e-07        2.10326e-08        3.46174e-06        2.00754e-05            0.01829          0.0936453        7.73134e-07        8.15886e-06        1.75362e-08           0.732759
43         0.00109265        2.51183e-05        4.70245e-06             101325           0.187212        4.70245e-06            1781.73                  0            0.84763            1419.34          1.575e+09         0.00039574        0.000143142         0.00220431          0.0545333         0.00403495          0.0932691        1.07536e-05        1.45711e-07        1.19246e-08        1.86145e-06        1.05749e-05          0.0171357           0.095496         4.4623e-07        4.49101e-06        9.97027e-09            0.73276
44         0.00111777        2.51183e-05         4.6824e-06             101325           0.186414         4.6824e-06            1790.45                  0           0.855976            1207.14        1.38304e+09        0.000390453        0.000139881         0.00218069          0.0538639         0.00406914          0.0933416        1.02908e-05        8.22786e-08        6.76183e-09         1.0057e-06        5.59327e-06          0.0161137          0.0971214        2.60707e-07        2.47683e-06        5.66711e-09            0.73276
45         0.00114288        2.51183e-05        4.66389e-06             101325           0.185677        4.66389e-06             1798.6                  0           0.863378            1036.95         1.2455e+09        0.000384887        0.000136037         0.00214691          0.0532834         0.00408925          0.0934226        9.92203e-06        4.65547e-08        3.83827e-09         5.4618e-07        2.97174e-06          0.0152089          0.0985534        1.55452e-07        1.36964e-06        3.22336e-09            0.73276
46           0.001168        2.51183e-05        4.64671e-06             101325           0.184993        4.64671e-06            1806.24                  0           0.869987            898.004         1.1395e+09         0.00037892        0.000131804          0.0021063          0.0527733         0.00409845          0.0935129        9.61036e-06         2.6406e-08        2.18212e-09        2.98227e-07        1.58647e-06          0.0144065          0.0998197        9.55431e-08        7.59746e-07        1.83565e-09            0.73276
47         0.00119312        2.51183e-05        4.63071e-06             101325           0.184356        4.63071e-06            1813.43                  0           0.875923            782.974        1.05261e+09         0.00037254         0.00012733         0.00206117          0.0523205         0.00409904          0.0936118        9.33536e-06        1.50172e-08        1.24284e-09        1.63735e-07        8.51139e-07          0.0136926           0.100944        6.12021e-08        4.22852e-07        1.04699e-09            0.73276
48         0.00121824        2.51183e-05        4.61575e-06             101325            0.18376        4.61575e-06            1820.21                  0           0.881286            686.724        9.78111e+08        0.000365786        0.000122729         0.00201321          0.0519152         0.00409275          0.0937179        9.08547e-06        8.56335e-09        7.09261e-10        9.03878e-08        4.58951e-07           0.013055           0.101948        4.12822e-08        2.36166e-07         5.9819e-10            0.73276
49         0.00124336        2.51183e-05        4.60175e-06             101325           0.183203        4.60175e-06            1826.61                  0           0.886157            605.543        9.12298e+08        0.000358726        0.000118086         0.00196359          0.0515497         0.00408089          0.0938295        8.85396e-06        4.89613e-09        4.05574e-10        5.01666e-08         2.4874e-07          0.0124829           0.102848        2.95167e-08        1.32365e-07        3.42381e-10            0.73276
50         0.00126848        2.51183e-05        4.58861e-06             101325            0.18268        4.58861e-06            1832.66                  0           0.890604             536.66        8.53075e+08        0.000351435        0.000113464         0.00191317          0.0512181         0.00406449           0.093945        8.63673e-06        2.80658e-09        2.32382e-10        2.79891e-08        1.35499e-07           0.011967           0.103659        2.23844e-08         7.4446e-08        1.96316e-10            0.73276
51         0.00129359        2.51183e-05        4.57625e-06             101325           0.182188        4.57625e-06            1838.39                  0           0.894684            477.935        7.99187e+08        0.000343984        0.000108911         0.00186259          0.0509156         0.00404437          0.0940632        8.43117e-06        1.61276e-09        1.33409e-10        1.56946e-08        7.41858e-08          0.0114995           0.104393        1.79049e-08        4.20148e-08        1.12763e-10            0.73276
52         0.00131871        2.51183e-05         4.5646e-06             101325           0.181724         4.5646e-06            1843.82                  0           0.898446             427.67        7.49829e+08        0.000336441        0.000104461         0.00181231          0.0506382         0.00402121          0.0941829        8.23552e-06        9.28911e-10        7.67347e-11        8.84308e-09        4.08193e-08          0.0110737           0.105063        1.49619e-08         2.3792e-08        6.48822e-11            0.73276
53         0.00134383        2.51183e-05        4.55362e-06             101325           0.181287        4.55362e-06            1848.98                  0           0.901929            384.492        7.04433e+08        0.000328863        0.000100139         0.00176266          0.0503827         0.00399556           0.094303        8.04853e-06        5.36209e-10        4.42175e-11        5.00549e-09        2.25697e-08          0.0106838           0.105675        1.29238e-08        1.35181e-08        3.73943e-11            0.73276
54         0.00136895        2.51183e-05        4.54323e-06             101325           0.180873        4.54323e-06            1853.89                  0           0.905169            347.274        6.62568e+08        0.000321298        9.59601e-05         0.00171388          0.0501464         0.00396787          0.0944227        7.86926e-06         3.1017e-10        2.55249e-11        2.84562e-09        1.25385e-08           0.010325           0.106239        1.14312e-08        7.70657e-09        2.15868e-11            0.73276
55         0.00139407        2.51183e-05        4.53339e-06             101325           0.180481        4.53339e-06            1858.56                  0           0.908196            315.082        6.23881e+08        0.000313785        9.19353e-05         0.00166614          0.0499268         0.00393852          0.0945415        7.69696e-06        1.79772e-10        1.47598e-11        1.62439e-09        6.99798e-09         0.00999313           0.106761         1.0278e-08        4.40879e-09        1.24812e-11            0.73276
56         0.00141919        2.51183e-05        4.52406e-06             101325            0.18011        4.52406e-06            1863.02                  0           0.911033            287.137        5.88072e+08        0.000306356        8.80697e-05         0.00161957           0.049722         0.00390783          0.0946588        7.53103e-06        1.04392e-10        8.54916e-12         9.3087e-10        3.92319e-09         0.00968476           0.107245        9.34446e-09        2.53168e-09        7.22762e-12            0.73276
57          0.0014443        2.51183e-05        4.51519e-06             101325           0.179757        4.51519e-06            1867.27                  0           0.913704            262.787        5.54875e+08        0.000299035        8.43653e-05         0.00157425          0.0495304         0.00387607          0.0947743        7.37097e-06         6.0729e-11        4.95996e-12        5.35405e-10        2.20894e-09         0.00939692           0.107698        8.56014e-09        1.46001e-09         4.1918e-12            0.73276
58         0.00146942        2.51183e-05        4.50676e-06             101325           0.179421        4.50676e-06            1871.34                  0           0.916226            241.485        5.24057e+08        0.000291842        8.08213e-05         0.00153021          0.0493504         0.00384346          0.0948876        7.21632e-06        3.53908e-11        2.88228e-12        3.09019e-10        1.24894e-09         0.00912708           0.108122        7.88247e-09        8.46365e-10        2.43484e-12            0.73276
59         0.00149454        2.51183e-05        4.49872e-06             101325           0.179101        4.49872e-06            1875.23                  0           0.918615             222.77        4.95405e+08        0.000284789         7.7435e-05         0.00148747          0.0491809         0.00381018          0.0949986         7.0667e-06          2.066e-11        1.67763e-12        1.78946e-10        7.09003e-10         0.00887309           0.108521        7.28503e-09        4.93948e-10         1.4165e-12            0.73276
60         0.00151966        2.51183e-05        4.49105e-06             101325           0.178796        4.49105e-06            1878.96                  0           0.920886            206.257        4.68728e+08        0.000277887        7.42021e-05         0.00144605          0.0490207         0.00377639          0.0951072        6.92178e-06        1.20812e-11        9.78041e-13        1.03951e-10        4.04062e-10         0.00863311           0.108898         6.7508e-09        2.90929e-10        8.25374e-13            0.73276
61         0.00154478        2.51183e-05        4.48373e-06             101325           0.178504        4.48373e-06            1882.54                  0           0.923049             191.62        4.43855e+08        0.000271142        7.11176e-05         0.00140593          0.0488689         0.00374223          0.0952132        6.78124e-06        7.07653e-12        5.71122e-13        6.05683e-11        2.31145e-10         0.00840556           0.109255        6.26831e-09        1.73587e-10        4.81729e-13            0.73276
62          0.0015699        2.51183e-05        4.47672e-06             101325           0.178225        4.47672e-06            1885.97                  0           0.925116            178.585        4.20628e+08        0.000264557        6.81757e-05         0.00136709          0.0487247          0.0037078          0.0953167        6.64481e-06         4.1521e-12        3.34058e-13        3.53937e-11        1.32711e-10         0.00818909           0.109595        5.82949e-09        1.05508e-10        2.81652e-13            0.73276
63         0.00159501        2.51183e-05           4.47e-06             101325           0.177958           4.47e-06            1889.28                  0           0.927095            166.923        3.98907e+08        0.000258134          6.537e-05         0.00132949          0.0485873         0.00367318          0.0954177        6.51224e-06        2.44039e-12        1.95727e-13         2.0741e-11        7.64662e-11         0.00798253            0.10992        5.42832e-09         6.5831e-11        1.64982e-13            0.73276
64         0.00162013        2.51183e-05        4.46356e-06             101325           0.177701        4.46356e-06            1892.46                  0           0.928994            156.438        3.78565e+08        0.000251872        6.26943e-05          0.0012931          0.0484562         0.00363846           0.095516        6.38329e-06        1.43683e-12        1.14877e-13        1.21878e-11        4.42111e-11         0.00778488           0.110231        5.06017e-09        4.25724e-11        9.68401e-14            0.73276
65         0.00164525        2.51183e-05        4.45737e-06             101325           0.177455        4.45737e-06            1895.53                  0           0.930821            146.967        3.59488e+08        0.000245769        6.01421e-05         0.00125787          0.0483307         0.00360369          0.0956119        6.25776e-06        8.47467e-13        6.75448e-14         7.1811e-12        2.56482e-11         0.00759525           0.110528        4.72131e-09        2.88316e-11         5.6975e-14            0.73276
66         0.00167037        2.51183e-05        4.45143e-06             101325           0.177218        4.45143e-06            1898.49                  0           0.932581            138.371        3.41571e+08        0.000239823         5.7707e-05         0.00122378          0.0482105         0.00356891          0.0957053        6.13544e-06        5.00758e-13        3.97875e-14        4.24233e-12        1.49285e-11          0.0074129           0.110815        4.40864e-09        2.06252e-11        3.36115e-14            0.73276
67         0.00169549        2.51183e-05         4.4457e-06             101325            0.17699         4.4457e-06            1901.34                  0            0.93428            130.534        3.24721e+08        0.000234029        5.53828e-05         0.00119076           0.048095         0.00353418          0.0957964        6.01615e-06        2.96444e-13        2.34813e-14        2.51279e-12        8.71728e-12         0.00723714           0.111091        4.11955e-09         1.5648e-11        1.98931e-14            0.73276
68          0.0017206        2.51183e-05        4.44018e-06             101325           0.176771        4.44018e-06             1904.1                  0           0.935924            123.357        3.08853e+08        0.000228384        5.31633e-05         0.00115878          0.0479839         0.00349951          0.0958852        5.89973e-06        1.75828e-13        1.38849e-14        1.49224e-12        5.10659e-12          0.0070674           0.111358        3.85177e-09        1.25629e-11        1.18216e-14            0.73276
69         0.00174572        2.51183e-05        4.43486e-06             101325           0.176559        4.43486e-06            1906.78                  0           0.937515            116.756         2.9389e+08        0.000222884        5.10428e-05          0.0011278          0.0478768         0.00346492          0.0959717        5.78601e-06        1.04493e-13        8.22693e-15        8.88477e-13        3.00087e-12         0.00690317           0.111616        3.60334e-09        1.05922e-11        7.06179e-15            0.73276
70         0.00177084        2.51183e-05        4.42972e-06             101325           0.176354        4.42972e-06            1909.36                  0           0.939058             110.66        2.79763e+08        0.000217522        4.90159e-05         0.00109776          0.0477734         0.00343044          0.0960561        5.67484e-06        6.22254e-14        4.88462e-15        5.30373e-13        1.76895e-12         0.00674399           0.111866        3.37252e-09        9.28229e-12        4.24758e-15            0.73276
71         0.00179596        2.51183e-05        4.42475e-06             101325           0.176156        4.42475e-06            1911.87                  0           0.940557            105.008        2.66408e+08        0.000212295        4.70771e-05         0.00106862          0.0476736         0.00339608          0.0961385        5.56611e-06        3.71323e-14        2.90636e-15         3.1743e-13        1.04599e-12         0.00658947           0.112109        3.15778e-09        8.36783e-12        2.57867e-15            0.73276
72         0.00182108        2.51183e-05        4.41995e-06             101325           0.175965        4.41995e-06            1914.31                  0           0.942014            99.7483         2.5377e+08        0.000207197        4.52216e-05         0.00104035          0.0475769         0.00336184          0.0962188        5.45966e-06        2.22058e-14        1.73308e-15        1.90481e-13        6.20397e-13         0.00643925           0.112345        2.95775e-09        7.69311e-12        1.58533e-15            0.73276
73          0.0018462        2.51183e-05        4.41529e-06             101325            0.17578        4.41529e-06            1916.67                  0           0.943433            94.8372        2.41795e+08        0.000202223        4.34446e-05          0.0010129          0.0474833         0.00332773          0.0962974        5.35539e-06        1.33087e-14        1.03578e-15        1.14604e-13        3.69098e-13         0.00629301           0.112575        2.77121e-09        7.16634e-12         9.9138e-16            0.73276
74         0.00187131        2.51183e-05        4.41078e-06             101325             0.1756        4.41078e-06            1918.97                  0           0.944816            90.2367        2.30437e+08        0.000197368        4.17418e-05        0.000986233          0.0473924         0.00329375          0.0963741        5.25318e-06        7.99449e-15        6.20477e-16        6.91363e-14        2.20261e-13         0.00615048           0.112799        2.59706e-09        6.73315e-12        6.34145e-16            0.73276
75         0.00189643        2.51183e-05         4.4064e-06             101325           0.175426         4.4064e-06             1921.2                  0           0.946165            85.9145        2.19654e+08        0.000192628        4.01091e-05        0.000960314          0.0473042          0.0032599          0.0964491        5.15293e-06        4.81342e-15        3.72576e-16        4.18196e-14        1.31843e-13          0.0060114           0.113017        2.43433e-09        6.36111e-12        4.17609e-16            0.73276
76         0.00192155        2.51183e-05        4.40215e-06             101325           0.175256        4.40215e-06            1923.38                  0           0.947482            81.8427        2.09405e+08        0.000187997        3.85426e-05        0.000935106          0.0472185         0.00322617          0.0965224        5.05454e-06        2.90506e-15        2.24267e-16        2.53651e-14        7.91593e-14         0.00587556           0.113231        2.28212e-09        6.03073e-12        2.84981e-16            0.73276
77         0.00194667        2.51183e-05        4.39802e-06             101325           0.175092        4.39802e-06             1925.5                  0            0.94877            77.9974        1.99657e+08        0.000183472        3.70388e-05        0.000910578           0.047135         0.00319257          0.0965942        4.95792e-06        1.75761e-15        1.35333e-16        1.54274e-14         4.7673e-14         0.00574274           0.113439        2.13963e-09        5.73014e-12        2.02598e-16            0.73276
78         0.00197179        2.51183e-05          4.394e-06             101325           0.174932          4.394e-06            1927.57                  0           0.950029            74.3576        1.90376e+08        0.000179047        3.55943e-05        0.000886697          0.0470538         0.00315908          0.0966645          4.863e-06        1.06608e-15        8.18773e-17        9.40945e-15        2.87988e-14         0.00561276           0.113644        2.00614e-09        5.45199e-12        1.50456e-16            0.73276
79         0.00199691        2.51183e-05        4.39009e-06             101325           0.174776        4.39009e-06            1929.58                  0           0.951262            70.9055        1.81532e+08         0.00017472        3.42059e-05        0.000863435          0.0469747         0.00312571          0.0967334        4.76969e-06        6.48317e-16        4.96678e-17        5.75537e-15        1.74506e-14         0.00548548           0.113844          1.881e-09        5.19165e-12        1.16633e-16            0.73276
80         0.00202202        2.51183e-05        4.38628e-06             101325           0.174625        4.38628e-06            1931.55                  0            0.95247            67.6254          1.731e+08        0.000170485        3.28709e-05        0.000840764          0.0468975         0.00309244          0.0968009        4.67793e-06        3.95329e-16        3.02118e-17        3.53057e-15        1.06069e-14         0.00536073            0.11404         1.7636e-09        4.94611e-12        9.40024e-17            0.73276
81         0.00204714        2.51183e-05        4.38257e-06             101325           0.174477        4.38257e-06            1933.47                  0           0.953654            64.5036        1.65055e+08         0.00016634        3.15865e-05        0.000818658          0.0468222         0.00305927          0.0968671        4.58764e-06         2.4174e-16        1.84294e-17        2.17223e-15        6.46723e-15         0.00523839           0.114232         1.6534e-09        4.71335e-12        7.82888e-17            0.73276
82         0.00207226        2.51183e-05        4.37895e-06             101325           0.174333        4.37895e-06            1935.35                  0           0.954815            61.5282        1.57373e+08        0.000162281        3.03502e-05        0.000797094          0.0467487          0.0030262           0.096932        4.49877e-06        1.48259e-16        1.12754e-17        1.34058e-15        3.95554e-15         0.00511835            0.11442        1.54991e-09        4.49195e-12         6.6915e-17            0.73276
83         0.00209738        2.51183e-05        4.37542e-06             101325           0.174192        4.37542e-06            1937.18                  0           0.955955            58.6888        1.50034e+08        0.000158304        2.91597e-05        0.000776048          0.0466769         0.00299321          0.0969957        4.41127e-06        9.12111e-17        6.92002e-18        8.29942e-16        2.42695e-15         0.00500049           0.114606        1.45268e-09        4.28087e-12        5.83195e-17            0.73276
84          0.0021225        2.51183e-05        4.37197e-06             101325           0.174055        4.37197e-06            1938.98                  0           0.957074             55.976        1.43019e+08        0.000154407        2.80129e-05        0.000755501          0.0466068          0.0029603          0.0970583        4.32509e-06        5.63031e-17        4.26114e-18          5.155e-16        1.49381e-15         0.00488472           0.114788         1.3613e-09         4.0793e-12        5.15491e-17            0.73276
85         0.00214762        2.51183e-05         4.3686e-06             101325           0.173921         4.3686e-06            1940.74                  0           0.958173            53.3819        1.36311e+08        0.000150588        2.69077e-05        0.000735433          0.0465382         0.00292747          0.0971198        4.24019e-06        3.48828e-17        2.63332e-18        3.21299e-16        9.22411e-16         0.00477096           0.114966        1.27538e-09        3.88662e-12        4.60166e-17            0.73276
86         0.00217273        2.51183e-05        4.36531e-06             101325            0.17379        4.36531e-06            1942.46                  0           0.959254            50.8993        1.29894e+08        0.000146842        2.58424e-05        0.000715827          0.0464711         0.00289471          0.0971803        4.15652e-06        2.17006e-17         1.6338e-18        2.00996e-16         5.7143e-16         0.00465914           0.115142        1.19459e-09        3.70229e-12         4.1356e-17            0.73276
87         0.00219785        2.51183e-05         4.3621e-06             101325           0.173662         4.3621e-06            1944.14                  0           0.960316            48.5216        1.23753e+08         0.00014317        2.48153e-05        0.000696665          0.0464055         0.00286202          0.0972397        4.07406e-06        1.35634e-17        1.01818e-18         1.2624e-16        3.55166e-16         0.00454919           0.115315         1.1186e-09        3.52585e-12        3.73353e-17            0.73276
88         0.00222297        2.51183e-05        4.35896e-06             101325           0.173537        4.35896e-06             1945.8                  0            0.96136            46.2434        1.17874e+08        0.000139567        2.38247e-05        0.000677934          0.0463414         0.00282938          0.0972981        3.99277e-06         8.5242e-18        6.37788e-19        7.96374e-17        2.21489e-16         0.00444105           0.115485        1.04711e-09        3.35691e-12        3.38045e-17            0.73276
89         0.00224809        2.51183e-05        4.35588e-06             101325           0.173414        4.35588e-06            1947.41                  0           0.962387            44.0594        1.12245e+08        0.000136032        2.28691e-05        0.000659618          0.0462786         0.00279681          0.0973556        3.91263e-06        5.39271e-18        4.01928e-19        5.04882e-17        1.38597e-16         0.00433467           0.115652        9.79859e-10        3.19511e-12        3.06639e-17            0.73276
90         0.00227321        2.51183e-05        4.35287e-06             101325           0.173295        4.35287e-06               1949                  0           0.963397            41.9651        1.06854e+08        0.000132564        2.19472e-05        0.000641706          0.0462172         0.00276429          0.0974121        3.83363e-06        3.43934e-18        2.55136e-19        3.21917e-17        8.70313e-17            0.00423           0.115816        9.16593e-10        3.04013e-12        2.78452e-17            0.73276
91         0.00229833        2.51183e-05        4.34993e-06             101325           0.173177        4.34993e-06            1950.56                  0           0.964391            39.9564        1.01691e+08         0.00012916        2.10578e-05        0.000624186          0.0461571         0.00273183          0.0974678        3.75573e-06        2.21568e-18          1.634e-19        2.06642e-17        5.48487e-17         0.00412702           0.115978        8.57078e-10        2.89167e-12        2.52998e-17            0.73276
92         0.00232344        2.51183e-05        4.34704e-06             101325           0.173063        4.34704e-06            1952.08                  0           0.965369            38.0296        9.67449e+07         0.00012582        2.01996e-05        0.000607047          0.0460982         0.00269942          0.0975225        3.67893e-06        1.44544e-18        1.05802e-19        1.33719e-17        3.46969e-17         0.00402567           0.116137        8.01099e-10        2.74946e-12        2.29917e-17            0.73276
93         0.00234856        2.51183e-05        4.34422e-06             101325            0.17295        4.34422e-06            1953.58                  0           0.966332            36.1812        9.20074e+07        0.000122543        1.93716e-05         0.00059028          0.0460407         0.00266706          0.0975764        3.60323e-06        9.57843e-19        6.94436e-20        8.73816e-18        2.20361e-17         0.00392595           0.116294        7.48454e-10        2.61325e-12        2.08931e-17            0.73276
94         0.00237368        2.51183e-05        4.34146e-06             101325            0.17284        4.34146e-06            1955.05                  0           0.967279            34.4082        8.74694e+07        0.000119326        1.85726e-05        0.000573876          0.0459843         0.00263476          0.0976295        3.52861e-06        6.47078e-19        4.63464e-20        5.77885e-18        1.40545e-17         0.00382782           0.116448        6.98955e-10         2.4828e-12        1.89816e-17            0.73276
95          0.0023988        2.51183e-05        4.33875e-06             101325           0.172733        4.33875e-06            1956.48                  0           0.968211            32.7076         8.3123e+07        0.000116169        1.78018e-05        0.000557827          0.0459292         0.00260251          0.0976817        3.45507e-06        4.47369e-19        3.15614e-20        3.87796e-18        9.00508e-18         0.00373127             0.1166        6.52427e-10         2.3579e-12         1.7239e-17            0.73276
96         0.00242392        2.51183e-05         4.3361e-06             101325           0.172627         4.3361e-06             1957.9                  0           0.969129            31.0769        7.89605e+07        0.000113072        1.70583e-05        0.000542126          0.0458753         0.00257033          0.0977332        3.38262e-06        3.17709e-19        2.20088e-20        2.64864e-18        5.79919e-18         0.00363628           0.116749        6.08704e-10        2.23835e-12        1.56493e-17            0.73276
97         0.00244904        2.51183e-05        4.33351e-06             101325           0.172524        4.33351e-06            1959.28                  0           0.970031            29.5136        7.49749e+07        0.000110033        1.63411e-05        0.000526767          0.0458226         0.00253821          0.0977838        3.31125e-06        2.32453e-19         1.5766e-20        1.84719e-18        3.75612e-18         0.00354285           0.116896        5.67633e-10        2.12394e-12        1.41991e-17            0.73276
98         0.00247415        2.51183e-05        4.33096e-06             101325           0.172422        4.33096e-06            1960.64                  0           0.970919            28.0153        7.11594e+07        0.000107052        1.56495e-05        0.000511744          0.0457711         0.00250616          0.0978337        3.24097e-06        1.75505e-19        1.16286e-20        1.31958e-18        2.44898e-18         0.00345096            0.11704        5.29069e-10        2.01449e-12        1.28761e-17            0.73276
99         0.00249927        2.51183e-05        4.32847e-06             101325           0.172323        4.32847e-06            1961.97                  0           0.971793              26.58        6.75078e+07        0.000104128        1.49827e-05        0.000497051          0.0457207         0.00247418          0.0978828         3.1718e-06        1.36728e-19        8.83929e-21        9.68108e-19        1.60921e-18         0.00336061           0.117182        4.92874e-10        1.90983e-12        1.16695e-17            0.73276
100         0.00252439        2.51183e-05        4.32604e-06             101325           0.172226        4.32604e-06            1963.28                  0           0.972652            25.2056         6.4014e+07        0.000101262        1.43401e-05        0.000482683          0.0456715         0.00244228          0.0979311        3.10373e-06        1.09715e-19        6.92014e-21        7.30608e-19        1.06726e-18          0.0032718           0.117322        4.58921e-10         1.8098e-12        1.05696e-17            0.73276
101         0.00254951        2.51183e-05        4.32365e-06             101325           0.172131        4.32365e-06            1964.56                  0           0.973497            23.8901        6.06724e+07        9.84514e-05        1.37209e-05        0.000468638          0.0456235         0.00241047          0.0979786        3.03679e-06        9.03941e-20        5.56805e-21        5.67352e-19        7.15803e-19         0.00318453           0.117459        4.27085e-10        1.71423e-12        9.56736e-18            0.73276
102         0.00257463        2.51183e-05        4.32131e-06             101325           0.172038        4.32131e-06            1965.82                  0           0.974327            22.6316        5.74777e+07        9.56974e-05        1.31244e-05         0.00045491          0.0455766         0.00237876          0.0980254        2.97099e-06        7.61684e-20        4.58988e-21         4.5285e-19         4.8662e-19          0.0030988           0.117594        3.97254e-10        1.62297e-12        8.65472e-18            0.73276
103         0.00259975        2.51183e-05        4.31902e-06             101325           0.171947        4.31902e-06            1967.05                  0           0.975143            21.4285        5.44245e+07        9.29994e-05        1.25501e-05        0.000441496          0.0455309         0.00234715          0.0980715        2.90634e-06        6.53703e-20        3.86184e-21        3.70675e-19        3.36237e-19         0.00301461           0.117726        3.69316e-10        1.53587e-12        7.82419e-18            0.73276
104         0.00262486        2.51183e-05        4.31679e-06             101325           0.171858        4.31679e-06            1968.25                  0           0.975945            20.2789         5.1508e+07        9.03571e-05        1.19974e-05        0.000428394          0.0454862         0.00231566          0.0981168        2.84286e-06         5.6922e-20        3.30406e-21        3.10186e-19        2.36845e-19         0.00293198           0.117856        3.43168e-10        1.45279e-12        7.06892e-18            0.73276
105         0.00264998        2.51183e-05         4.3146e-06             101325           0.171771         4.3146e-06            1969.44                  0           0.976732            19.1813        4.87235e+07        8.77706e-05        1.14657e-05          0.0004156          0.0454427          0.0022843          0.0981613        2.78056e-06        5.01211e-20        2.86455e-21        2.64449e-19        1.70593e-19          0.0028509           0.117983        3.18711e-10         1.3736e-12         6.3826e-18            0.73276
106          0.0026751        2.51183e-05        4.31245e-06             101325           0.171686        4.31245e-06            1970.59                  0           0.977504            18.1339        4.60663e+07        8.52395e-05        1.09543e-05        0.000403111          0.0454004         0.00225308          0.0982051        2.71948e-06        4.45053e-20        2.50917e-21        2.28917e-19        1.25983e-19         0.00277139           0.118108        2.95852e-10        1.29816e-12        5.75943e-18            0.73276
107         0.00270022        2.51183e-05        4.31036e-06             101325           0.171602        4.31036e-06            1971.73                  0           0.978262            17.1351        4.35321e+07         8.2764e-05        1.04629e-05        0.000390926          0.0453591           0.002222          0.0982481        2.65962e-06        3.97664e-20        2.21521e-21         2.0058e-19        9.55809e-20         0.00269344            0.11823          2.745e-10        1.22634e-12        5.19404e-18            0.73276
108         0.00272534        2.51183e-05        4.30831e-06             101325           0.171521        4.30831e-06            1972.84                  0           0.979006            16.1835        4.11165e+07        8.03438e-05        9.99077e-06        0.000379042           0.045319          0.0021911          0.0982903          2.601e-06        3.56957e-20        1.96733e-21        1.77432e-19        7.45617e-20         0.00261708            0.11835        2.54572e-10        1.15801e-12         4.6815e-18            0.73276
109         0.00275046        2.51183e-05        4.30631e-06             101325           0.171441        4.30631e-06            1973.92                  0           0.979735            15.2774        3.88155e+07         7.7979e-05        9.53751e-06        0.000367457            0.04528         0.00216037          0.0983318        2.54365e-06        3.21495e-20        1.75501e-21        1.58117e-19        5.97813e-20         0.00254231           0.118468        2.35985e-10        1.09305e-12        4.21726e-18            0.73276
110         0.00277557        2.51183e-05        4.30436e-06             101325           0.171363        4.30436e-06            1974.98                  0           0.980449            14.4154         3.6625e+07        7.56696e-05        9.10257e-06        0.000356169          0.0452421         0.00212983          0.0983726        2.48758e-06        2.90265e-20        1.57088e-21        1.41706e-19        4.91822e-20         0.00246913           0.118583        2.18662e-10        1.03133e-12        3.79713e-18            0.73276
111         0.00280069        2.51183e-05        4.30245e-06             101325           0.171287        4.30245e-06            1976.02                  0           0.981148             13.596         3.4541e+07        7.34154e-05        8.68547e-06        0.000345176          0.0452053         0.00209951          0.0984125        2.43281e-06        2.62536e-20        1.40965e-21        1.27556e-19        4.14115e-20         0.00239756           0.118695        2.02531e-10         9.7275e-13        3.41723e-18            0.73276
112         0.00282581        2.51183e-05        4.30059e-06             101325           0.171213        4.30059e-06            1977.03                  0           0.981832            12.8177        3.25598e+07        7.12165e-05        8.28571e-06        0.000334476          0.0451696         0.00206941          0.0984517        2.37936e-06        2.37765e-20        1.26742e-21        1.15207e-19        3.55751e-20         0.00232761           0.118805         1.8752e-10         9.1718e-13        3.07402e-18            0.73276
113         0.00285093        2.51183e-05        4.29878e-06             101325           0.171141        4.29878e-06            1978.02                  0           0.982501             12.079        3.06776e+07        6.90728e-05        7.90282e-06        0.000324067          0.0451351         0.00203955          0.0984902        2.32725e-06        2.15539e-20        1.14127e-21         1.0433e-19        3.10788e-20         0.00225927           0.118912        1.73563e-10        8.64508e-13         2.7642e-18            0.73276
114         0.00287605        2.51183e-05        4.29701e-06             101325           0.171071        4.29701e-06            1978.98                  0           0.983156            11.3785        2.88909e+07        6.69842e-05        7.53632e-06        0.000313946          0.0451015         0.00200995          0.0985278         2.2765e-06        1.95532e-20         1.0289e-21        9.46783e-20        2.75254e-20         0.00219256           0.119017        1.60595e-10        8.14624e-13        2.48477e-18            0.73276
115         0.00290117        2.51183e-05        4.29528e-06             101325           0.171002        4.29528e-06            1979.92                  0           0.983795            10.7148        2.71959e+07        6.49508e-05        7.18575e-06        0.000304114          0.0450691         0.00198062          0.0985647        2.22711e-06        1.77481e-20          9.285e-22        8.60664e-20        2.46469e-20         0.00212749            0.11912        1.48557e-10        7.67416e-13        2.23296e-18            0.73276
116         0.00292628        2.51183e-05        4.29361e-06             101325           0.170935        4.29361e-06            1980.84                  0           0.984419            10.0865        2.55892e+07        6.29723e-05        6.85064e-06        0.000294566          0.0450378         0.00195159          0.0986008        2.17911e-06         1.6117e-20         8.3859e-22        7.83492e-20        2.22614e-20         0.00206405           0.119219         1.3739e-10        7.22779e-13        2.00622e-18            0.73276
117          0.0029514        2.51183e-05        4.29197e-06             101325            0.17087        4.29197e-06            1981.73                  0           0.985028             9.4922        2.40675e+07        6.10486e-05        6.53053e-06        0.000285301          0.0450075         0.00192287           0.098636        2.13251e-06        1.46414e-20        7.57937e-22        7.14112e-20         2.0244e-20         0.00200226           0.119316         1.2704e-10        6.80605e-13        1.80222e-18            0.73276
118         0.00297652        2.51183e-05        4.29038e-06             101325           0.170807        4.29038e-06             1982.6                  0           0.985621            8.93058        2.26273e+07        5.91796e-05        6.22496e-06        0.000276317          0.0449782         0.00189448          0.0986705         2.0873e-06        1.33057e-20        6.85497e-22        6.51581e-20        1.85079e-20          0.0019421           0.119411        1.17455e-10        6.40793e-13        1.61882e-18            0.73276
119         0.00300164        2.51183e-05        4.28884e-06             101325           0.170745        4.28884e-06            1983.45                  0           0.986199            8.40028        2.12655e+07        5.73651e-05         5.9335e-06        0.000267612            0.04495         0.00186644          0.0987042        2.04352e-06        1.20959e-20        6.20375e-22        5.95115e-20         1.6992e-20          0.0018836           0.119503        1.08584e-10        6.03241e-13        1.45407e-18            0.73276
120         0.00302676        2.51183e-05        4.28734e-06             101325           0.170686        4.28734e-06            1984.27                  0           0.986762                7.9        1.99788e+07         5.5605e-05         5.6557e-06        0.000259182          0.0449229         0.00183877          0.0987371        2.00115e-06            1.1e-20        5.61791e-22        5.44051e-20        1.56527e-20         0.00182674           0.119592        1.00381e-10        5.67849e-13        1.30617e-18            0.73276
121         0.00305188        2.51183e-05        4.28588e-06             101325           0.170628        4.28588e-06            1985.07                  0            0.98731            7.42845         1.8764e+07        5.38988e-05        5.39111e-06        0.000251027          0.0448967         0.00181149          0.0987692        1.96021e-06        1.00072e-20        5.09064e-22        4.97819e-20        1.44581e-20         0.00177152           0.119679        9.28011e-11        5.34523e-13         1.1735e-18            0.73276
122         0.00307699        2.51183e-05        4.28447e-06             101325           0.170571        4.28447e-06            1985.85                  0           0.987842            6.98437        1.76183e+07        5.22465e-05         5.1393e-06        0.000243143          0.0448716         0.00178461          0.0988005        1.92069e-06        9.10781e-21        4.61591e-22        4.55925e-20        1.33847e-20         0.00171795           0.119763        8.58028e-11        5.03167e-13        1.05457e-18            0.73276
123         0.00310211        2.51183e-05         4.2831e-06             101325           0.170517         4.2831e-06             1986.6                  0           0.988359            6.56656        1.65385e+07        5.06476e-05        4.89986e-06        0.000235527          0.0448474         0.00175816          0.0988309         1.8826e-06        8.29309e-21        4.18837e-22        4.17935e-20        1.24145e-20         0.00166601           0.119844        7.93461e-11         4.7369e-13        9.48015e-19            0.73276
124         0.00312723        2.51183e-05        4.28177e-06             101325           0.170464        4.28177e-06            1987.33                  0           0.988861            6.17381        1.55218e+07        4.91018e-05        4.67235e-06        0.000228177          0.0448242         0.00173216          0.0988606        1.84594e-06         7.5552e-21        3.80327e-22        3.83465e-20        1.15336e-20         0.00161572           0.119924        7.33934e-11        4.46004e-13        8.52609e-19            0.73276
125         0.00315235        2.51183e-05        4.28049e-06             101325           0.170413        4.28049e-06            1988.04                  0           0.989347            5.80497        1.45655e+07        4.76089e-05        4.45636e-06         0.00022109           0.044802         0.00170662          0.0988894        1.81069e-06        6.88704e-21        3.45635e-22        3.52176e-20         1.0731e-20         0.00156705               0.12        6.79094e-11         4.2002e-13        7.67232e-19            0.73276
126         0.00317747        2.51183e-05        4.27924e-06             101325           0.170363        4.27924e-06            1988.72                  0           0.989818            5.45893        1.36666e+07        4.61683e-05        4.25149e-06        0.000214262          0.0447807         0.00168157          0.0989174        1.77686e-06        6.28215e-21        3.14381e-22        3.23763e-20        9.99772e-21            0.00152           0.120074        6.28609e-11        3.95657e-13         6.9087e-19            0.73276
127         0.00320259        2.51183e-05        4.27804e-06             101325           0.170316        4.27804e-06            1989.38                  0           0.990274             5.1346        1.28228e+07        4.47796e-05        4.05734e-06        0.000207692          0.0447604         0.00165703          0.0989445        1.74443e-06         5.7347e-21        2.86223e-22        2.97955e-20        9.32649e-21         0.00147457           0.120145        5.82166e-11        3.72834e-13        6.22602e-19            0.73276
128          0.0032277        2.51183e-05        4.27689e-06             101325            0.17027        4.27689e-06            1990.02                  0           0.990714            4.83095        1.20313e+07        4.34425e-05        3.87351e-06        0.000201376          0.0447409         0.00163301          0.0989708         1.7134e-06        5.23936e-21        2.60855e-22        2.74509e-20        8.71108e-21         0.00143075           0.120214        5.39473e-11        3.51471e-13        5.61598e-19            0.73276
129         0.00325282        2.51183e-05        4.27577e-06             101325           0.170225        4.27577e-06            1990.63                  0            0.99114            4.54699        1.12897e+07        4.21566e-05        3.69964e-06        0.000195311          0.0447224         0.00160954          0.0989963        1.68375e-06        4.79132e-21           2.38e-22        2.53204e-20        8.14618e-21         0.00138854            0.12028        5.00255e-11        3.31495e-13        5.07108e-19            0.73276
130         0.00327794        2.51183e-05         4.2747e-06             101325           0.170182         4.2747e-06            1991.23                  0            0.99155            4.28177        1.05957e+07        4.09213e-05        3.53534e-06        0.000189494          0.0447047         0.00158664           0.099021        1.65546e-06        4.38619e-21        2.17413e-22        2.33844e-20        7.62723e-21         0.00134791           0.120344        4.64256e-11        3.12833e-13        4.58456e-19            0.73276
131         0.00330306        2.51183e-05        4.27367e-06             101325           0.170141        4.27367e-06             1991.8                  0           0.991945            4.03438          9.947e+06        3.97362e-05        3.38027e-06        0.000183923          0.0446878         0.00156433          0.0990448        1.62853e-06        4.02001e-21        1.98869e-22        2.16251e-20        7.15021e-21         0.00130887           0.120406        4.31238e-11        2.95417e-13        4.15032e-19            0.73276
132         0.00332818        2.51183e-05        4.27267e-06             101325           0.170102        4.27267e-06            1992.34                  0           0.992325            3.80397         9.3414e+06        3.86009e-05        3.23407e-06        0.000178593          0.0446718         0.00154263          0.0990677        1.60293e-06        3.68916e-21        1.82169e-22        2.00264e-20         6.7116e-21          0.0012714           0.120464        4.00978e-11         2.7918e-13        3.76289e-19            0.73276
133          0.0033533        2.51183e-05        4.27172e-06             101325           0.170064        4.27172e-06            1992.87                  0            0.99269            3.58973        8.77685e+06         3.7515e-05        3.09643e-06        0.000173503          0.0446567         0.00152156          0.0990898        1.57864e-06        3.39038e-21        1.67134e-22        1.85739e-20        6.30827e-21          0.0012355           0.120521         3.7327e-11        2.64061e-13        3.41735e-19            0.73276
134         0.00337841        2.51183e-05        4.27081e-06             101325           0.170028        4.27081e-06            1993.37                  0            0.99304             3.3909        8.25138e+06        3.64781e-05        2.96701e-06         0.00016865          0.0446423         0.00150115          0.0991111        1.55564e-06        3.12069e-21        1.53601e-22        1.72547e-20        5.93742e-21         0.00120116           0.120575        3.47921e-11        2.50001e-13         3.1093e-19            0.73276
135         0.00340353        2.51183e-05        4.26994e-06             101325           0.169993        4.26994e-06            1993.85                  0           0.993375            3.20677        7.76314e+06        3.54899e-05        2.84553e-06        0.000164031          0.0446287         0.00148142          0.0991314        1.53392e-06        2.87743e-21        1.41426e-22        1.60569e-20        5.59655e-21         0.00116838           0.120626        3.24756e-11        2.36942e-13         2.8348e-19            0.73276
136         0.00342865        2.51183e-05        4.26911e-06             101325            0.16996        4.26911e-06            1994.31                  0           0.993695            3.03667        7.31037e+06          3.455e-05        2.73169e-06        0.000159645          0.0446158          0.0014624          0.0991509        1.51345e-06        2.65817e-21        1.30479e-22          1.497e-20        5.28342e-21         0.00113715           0.120675        3.03611e-11        2.24833e-13        2.59033e-19            0.73276
137         0.00345377        2.51183e-05        4.26832e-06             101325           0.169929        4.26832e-06            1994.75                  0              0.994            2.87999        6.89143e+06        3.36582e-05        2.62523e-06        0.000155489          0.0446038         0.00144411          0.0991695        1.49421e-06        2.46073e-21        1.20643e-22        1.39846e-20        4.99602e-21         0.00110747           0.120722        2.84336e-11        2.13625e-13        2.37275e-19            0.73276
138         0.00347889        2.51183e-05        4.26758e-06             101325           0.169899        4.26758e-06            1995.16                  0            0.99429            2.73616        6.50476e+06        3.28144e-05         2.5259e-06        0.000151562          0.0445924         0.00142658          0.0991872        1.47618e-06        2.28315e-21        1.11815e-22        1.30921e-20        4.73256e-21         0.00107934           0.120766        2.66794e-11        2.03271e-13        2.17927e-19            0.73276
139         0.00350401        2.51183e-05        4.26687e-06             101325           0.169871        4.26687e-06            1995.56                  0           0.994565            2.60464        6.14893e+06        3.20186e-05        2.43348e-06        0.000147864          0.0445818         0.00140984          0.0992041        1.45934e-06        2.12366e-21          1.039e-22        1.22849e-20        4.49144e-21         0.00105277           0.120808         2.5086e-11         1.9373e-13        2.00741e-19            0.73276
140         0.00352912        2.51183e-05         4.2662e-06             101325           0.169844         4.2662e-06            1995.93                  0           0.994825            2.48495        5.82262e+06        3.12707e-05        2.34777e-06        0.000144393          0.0445719         0.00139392          0.0992199        1.44367e-06        1.98068e-21        9.68176e-23        1.15562e-20        4.27122e-21         0.00102777           0.120847         2.3642e-11        1.84963e-13        1.85498e-19            0.73276
141         0.00355424        2.51183e-05        4.26558e-06             101325           0.169819        4.26558e-06            1996.27                  0            0.99507            2.37662        5.52459e+06        3.05711e-05        2.26858e-06         0.00014115          0.0445627         0.00137886          0.0992349        1.42916e-06        1.85282e-21        9.04937e-23        1.09001e-20        4.07065e-21         0.00100434           0.120884        2.23374e-11        1.76936e-13        1.72006e-19            0.73276
142         0.00357936        2.51183e-05        4.26499e-06             101325           0.169796        4.26499e-06             1996.6                  0           0.995298            2.27923        5.25371e+06          2.992e-05        2.19576e-06        0.000138137          0.0445542         0.00136469          0.0992489        1.41579e-06        1.73884e-21        8.48638e-23        1.03111e-20        3.88864e-21        0.000982505           0.120918        2.11629e-11        1.69618e-13        1.60094e-19            0.73276
143         0.00360448        2.51183e-05        4.26445e-06             101325           0.169775        4.26445e-06            1996.89                  0           0.995512            2.19237        5.00895e+06         2.9318e-05         2.1292e-06        0.000135354          0.0445463         0.00135146          0.0992618        1.40354e-06        1.63764e-21        7.98719e-23        9.78478e-21        3.72425e-21        0.000962291            0.12095        2.01105e-11        1.62982e-13        1.49616e-19            0.73276
144          0.0036296        2.51183e-05        4.26396e-06             101325           0.169755        4.26396e-06            1997.17                  0           0.995709            2.11565        4.78938e+06        2.87658e-05        2.06879e-06        0.000132805          0.0445392         0.00133921          0.0992738        1.39241e-06        1.54828e-21        7.54691e-23        9.31704e-21        3.57669e-21        0.000943728           0.120979        1.91732e-11        1.57005e-13        1.40444e-19            0.73276
145         0.00365472        2.51183e-05        4.26351e-06             101325           0.169737        4.26351e-06            1997.42                  0           0.995889            2.04867        4.59412e+06        2.82645e-05        2.01449e-06        0.000130493          0.0445328           0.001328          0.0992847         1.3824e-06        1.46997e-21         7.1614e-23        8.90456e-21        3.44534e-21        0.000926853           0.121006        1.83452e-11        1.51669e-13        1.32468e-19            0.73276
146         0.00367983        2.51183e-05         4.2631e-06             101325           0.169721         4.2631e-06            1997.65                  0           0.996053            1.99103        4.42241e+06        2.78153e-05        1.96627e-06        0.000128424           0.044527         0.00131787          0.0992945         1.3735e-06        1.40202e-21         6.8272e-23        8.54464e-21         3.3297e-21        0.000911717           0.121029        1.76216e-11         1.4696e-13        1.25599e-19            0.73276
147         0.00370495        2.51183e-05        4.26274e-06             101325           0.169707        4.26274e-06            1997.84                  0           0.996199             1.9423        4.27354e+06        2.74197e-05        1.92415e-06        0.000126604           0.044522         0.00130889          0.0993032        1.36573e-06        1.34389e-21        6.54155e-23        8.23514e-21        3.22947e-21        0.000898375            0.12105        1.69986e-11        1.42872e-13        1.19762e-19            0.73276
148         0.00373007        2.51183e-05        4.26244e-06             101325           0.169694        4.26244e-06            1998.01                  0           0.996327            1.90201        4.14689e+06        2.70797e-05        1.88821e-06        0.000125041          0.0445177         0.00130112          0.0993107         1.3591e-06        1.29519e-21        6.30236e-23         7.9746e-21        3.14448e-21        0.000886898           0.121068        1.64737e-11          1.394e-13        1.14899e-19            0.73276
149         0.00375519        2.51183e-05        4.26218e-06             101325           0.169684        4.26218e-06            1998.16                  0           0.996437            1.86964         4.0419e+06        2.67975e-05        1.85857e-06        0.000123745          0.0445141         0.00129464          0.0993169        1.35363e-06        1.25564e-21        6.10822e-23        7.76215e-21        3.07475e-21        0.000877367           0.121083        1.60453e-11        1.36549e-13         1.1097e-19            0.73276
150         0.00378031        2.51183e-05        4.26198e-06             101325           0.169676        4.26198e-06            1998.27                  0           0.996526            1.84464        3.95812e+06        2.65758e-05         1.8354e-06        0.000122728          0.0445113         0.00128953          0.0993218        1.34935e-06        1.22512e-21        5.95843e-23         7.5976e-21        3.02046e-21        0.000869873           0.121095        1.57134e-11        1.34328e-13        1.07949e-19            0.73276
151         0.00380543        2.51183e-05        4.26184e-06             101325            0.16967        4.26184e-06            1998.35                  0           0.996595            1.82645        3.89522e+06        2.64175e-05        1.81892e-06        0.000122002          0.0445093         0.00128587          0.0993253        1.34631e-06        1.20362e-21        5.85296e-23        7.48141e-21        2.98198e-21        0.000864522           0.121104        1.54789e-11        1.32753e-13        1.05827e-19            0.73276
152         0.00383054        2.51183e-05        4.26175e-06             101325           0.169667        4.26175e-06            1998.39                  0           0.996641            1.81456        3.85306e+06        2.63258e-05        1.80939e-06        0.000121581          0.0445082         0.00128375          0.0993273        1.34455e-06        1.19126e-21        5.79237e-23        7.41454e-21        2.95978e-21         0.00086142           0.121108        1.53439e-11        1.31844e-13        1.04611e-19            0.73276
