# Time 8e-05
# eta = 0.002
# length = 0.000955933
#--- 	  	 LEM Line data  --- 
#(1) wafer              (2) x             (3) dx              (4) m              (5) p            (6) rho              (7) m              (8) T              (9) Z             (10) C          (11) dCdt       (12) heatRel                  (13) Y_H2                  (14) Y_H                  (15) Y_O                  (16) Y_O2                  (17) Y_OH                  (18) Y_H2O                  (19) Y_HO2                  (20) Y_CH2                  (21) Y_CH2(S)                  (22) Y_CH3                  (23) Y_CH4                  (24) Y_CO                  (25) Y_CO2                  (26) Y_HCO                  (27) Y_CH2O                  (28) Y_CH2OH                  (29) Y_N2
0        1.25565e-05        2.51129e-05        2.84191e-05             101325            1.13165        2.84191e-05                300                  0                  0                  0       6.42285e-323        1.67573e-15                  0        8.13236e-16           0.222598        5.15802e-15        5.71412e-12        1.04227e-14                  0                  0        3.97648e-14          0.0446421        5.23966e-14        6.88585e-12                  0        6.50841e-15                  0            0.73276
1        3.76694e-05        2.51129e-05        2.84191e-05             101325            1.13165        2.84191e-05                300                  0        5.78615e-11        3.87438e-10        0.000283833        7.33744e-15                  0        3.16941e-15           0.222598          2.048e-14        2.46211e-11        4.54521e-14                  0                  0        1.72184e-13          0.0446421        2.29551e-13        2.96628e-11                  0        2.90751e-14                  0            0.73276
2        6.27824e-05        2.51129e-05        2.84191e-05             101325            1.13165        2.84191e-05                300                  0        2.48374e-10        1.53225e-09         0.00112253        3.64249e-14                  0        1.39934e-14           0.222598        9.22014e-14        1.20317e-10        2.24305e-13                  0                  0        8.45521e-13          0.0446421        1.13965e-12        1.44922e-10                  0        1.46953e-13                  0            0.73276
3        8.78953e-05        2.51129e-05        2.84191e-05             101325            1.13165        2.84191e-05                300                  0        1.21413e-09        6.90153e-09         0.00505616         1.7662e-13        1.88405e-22        5.96973e-14           0.222598        4.02924e-13         5.7373e-10         1.0786e-12        5.75957e-22        3.11568e-23        4.05228e-12          0.0446421        5.52397e-12        6.90891e-10        3.57699e-22         7.2508e-13        6.42796e-26            0.73276
4        0.000113008        2.51129e-05        2.84191e-05             101325            1.13165        2.84191e-05                300                  0         5.7883e-09        3.01567e-08          0.0220944        8.29208e-13        3.58801e-21        2.42878e-13           0.222598        1.68912e-12        2.64524e-09        5.00717e-12        1.17131e-20        6.10676e-22        1.87854e-11          0.0446421        2.59111e-11        3.18462e-09         7.2836e-21        3.46299e-12        1.33008e-24            0.73276
5        0.000138121        2.51129e-05        2.84191e-05             101325            1.13165        2.84191e-05                300                  0        2.66808e-08        1.26403e-07          0.0926239         3.7598e-12        4.37263e-20        9.36948e-13           0.222598        6.74514e-12        1.17599e-08        2.23706e-11        1.44387e-19        7.47745e-21        8.40289e-11          0.0446421        1.17307e-10         1.4154e-08        9.00077e-20        1.59677e-11        1.63115e-23            0.73276
6        0.000163234        2.51129e-05         2.8419e-05             101325            1.13165         2.8419e-05            300.001                  0        1.18582e-07        5.04677e-07            0.36995        1.64222e-11        5.06428e-19        3.40448e-12           0.222598        2.55347e-11        5.02703e-08         9.5872e-11        1.69963e-18        8.77467e-20        3.61703e-10           0.044642        5.11223e-10        6.04873e-08        1.06179e-18        7.08944e-11        1.91638e-22            0.73276
7        0.000188347        2.51129e-05        2.84187e-05             101325            1.13163        2.84187e-05            300.005                  0        5.06752e-07        1.91027e-06             1.4019        6.89025e-11         5.4869e-18        1.15547e-11           0.222598         9.0999e-11        2.05984e-07        3.92658e-10        1.88616e-17        9.75032e-19        1.49387e-09           0.044642        2.13823e-09        2.47772e-07        1.18024e-17        3.02195e-10         2.1331e-21            0.73276
8         0.00021346        2.51129e-05        2.84174e-05             101325            1.13158        2.84174e-05            300.018                  0        2.07575e-06        6.80804e-06            5.01387         2.7682e-10        5.49416e-17        3.62304e-11           0.222597        3.02564e-10        8.06188e-07        1.53028e-09        1.94751e-16        1.00833e-17        5.90029e-09          0.0446417        8.55498e-09        9.69414e-07        1.22142e-16        1.23266e-09        2.21282e-20            0.73276
9        0.000238573        2.51129e-05        2.84129e-05             101325             1.1314        2.84129e-05            300.066                  0        8.12123e-06        2.26551e-05            16.8675        1.06114e-09         4.9878e-16        1.03387e-10           0.222593        9.28182e-10        3.00176e-06        5.64634e-09        1.83484e-15        9.50913e-17         2.2201e-08          0.0446407        3.26201e-08        3.60819e-06        1.15487e-15        4.79379e-09        2.09877e-19            0.73276
10        0.000263686        2.51129e-05        2.83972e-05             101325            1.13078        2.83972e-05            300.231                  0        3.02267e-05        6.97596e-05            53.6645        3.86524e-09        3.99383e-15        2.62699e-10           0.222579        2.58782e-09        1.05834e-05        1.96059e-08        1.53661e-14        7.97948e-16         7.9228e-08          0.0446373        1.18035e-07        1.27163e-05        9.72343e-15        1.76994e-08        1.78049e-18            0.73276
11        0.000288799        2.51129e-05        2.83468e-05             101325            1.12877        2.83468e-05            300.765                  0        0.000106528         0.00019712             165.98        1.33131e-08        2.73262e-14        5.74671e-10           0.222536        6.41749e-09        3.51351e-05        6.35888e-08        1.10757e-13        5.77511e-15         2.6672e-07          0.0446261        4.03283e-07         4.2197e-05        7.07052e-14        6.17288e-08        1.31737e-17            0.73276
12        0.000313912        2.51129e-05        2.81969e-05             101325             1.1228        2.81969e-05            302.364                  0        0.000353526        0.000510149            530.254        4.30817e-08        1.53184e-13         1.0246e-09           0.222405        1.37036e-08        0.000109034        1.90756e-07        6.56868e-13        3.45487e-14        8.41099e-07          0.0445926         1.2927e-06        0.000130882        4.26135e-13        2.02037e-07        8.25699e-17            0.73276
13        0.000339025        2.51129e-05        2.77935e-05             101325            1.10674        2.77935e-05            306.751                  0         0.00109692         0.00122604            1835.87        1.29753e-07         6.6535e-13        1.36049e-09           0.222044        2.39654e-08        0.000313012        5.22009e-07        2.99722e-12        1.60595e-13        2.45929e-06             0.0445        3.85188e-06        0.000375509         2.0068e-12        6.14715e-07        4.24304e-16            0.73276
14        0.000364138        2.51129e-05        2.68505e-05             101325            1.06919        2.68505e-05            317.522                  0          0.0031504         0.00279714            6456.07        3.58317e-07        2.09598e-12        1.17858e-09            0.22115        3.19097e-08        0.000818042         1.2779e-06         9.5237e-12        5.30223e-13        6.56149e-06          0.0442707        1.05171e-05        0.000980685        6.78974e-12        1.71308e-06        1.73199e-15            0.73276
15        0.000389251        2.51129e-05        2.50486e-05             101325           0.997436        2.50486e-05            340.359                  0         0.00824787         0.00582882            19797.6          8.878e-07        4.58438e-12        6.02127e-10           0.219231        2.99829e-08         0.00190263        2.73447e-06        1.87896e-11        1.12255e-12         1.5609e-05          0.0437777        2.57735e-05         0.00227898        1.50573e-11        4.27917e-06        5.62538e-15            0.73276
16        0.000414364        2.51129e-05        2.23913e-05             101325           0.891622        2.23913e-05             380.74                  0           0.019258         0.00955246            48831.7        1.93197e-06        7.68298e-12        2.08846e-10           0.215779        2.05615e-08         0.00385456        5.04776e-06        2.34424e-11        1.55829e-12         3.2365e-05          0.0428895        5.55613e-05         0.00461221         2.2882e-11        9.37275e-06        1.74263e-14            0.73276
17        0.000439476        2.51129e-05        1.93687e-05             101325           0.771263        1.93687e-05            440.136                  0          0.0392434          0.0113438             106736        3.67879e-06        1.61065e-11        7.97056e-11           0.210592        1.52406e-08          0.0067889        8.15961e-06        3.01193e-11        2.28227e-12        5.82906e-05          0.0415526        0.000105077         0.00811326        4.01464e-11        1.79076e-05        7.59148e-14            0.73276
18        0.000464589        2.51129e-05        1.65275e-05             101325           0.658127        1.65275e-05            515.762                  0          0.0695049          0.0141277             234615         6.2437e-06        5.73669e-11        1.03309e-10           0.203823        2.18346e-08          0.0106197        1.19584e-05        7.01006e-11        5.83954e-12         9.3084e-05          0.0398049        0.000177611          0.0126732        1.26007e-10        3.03729e-05        4.15729e-13            0.73276
19        0.000489702        2.51129e-05        1.41322e-05             101325           0.562744        1.41322e-05            603.126                  0           0.109063          0.0335356             518066        9.69007e-06        2.22584e-10        3.48656e-10            0.19579        4.57097e-08          0.0151682        1.64015e-05          2.062e-10        1.78054e-11         0.00013551          0.0377266        0.000275161           0.018072         4.5262e-10        4.69074e-05        2.05059e-12           0.732759
20        0.000514815        2.51129e-05        1.22134e-05             101325            0.48634        1.22134e-05            697.799                  0           0.155811           0.104883        1.12614e+06        1.40582e-05        7.58263e-10        1.31665e-09           0.186835        9.39747e-08          0.0202419        2.15124e-05        5.67177e-10        4.90296e-11        0.000184117          0.0354045        0.000399204          0.0240738        1.44264e-09        6.74143e-05        8.39971e-12           0.732759
21        0.000539928        2.51129e-05        1.07042e-05             101325           0.426241        1.07042e-05            796.078                  0           0.207523           0.291036        2.36102e+06         1.9381e-05        2.23115e-09        4.65744e-09           0.177269        1.78966e-07          0.0256648        2.73438e-05        1.43227e-09        1.21178e-10        0.000237558          0.0329182        0.000551099          0.0304629        4.02119e-09        9.16047e-05        2.93108e-11           0.732758
22        0.000565041        2.51129e-05        9.51856e-06             101325            0.37903        9.51856e-06            895.094                  0           0.262244           0.688384        4.67418e+06        2.56903e-05        5.74238e-09         1.4687e-08           0.167364         3.2764e-07          0.0312839        3.39395e-05         3.4354e-09        2.81069e-10        0.000294693          0.0303366        0.000732219          0.0370517        1.00273e-08        0.000119021        9.06429e-11           0.732758
23        0.000590154        2.51129e-05        8.58095e-06             101325           0.341695        8.58095e-06            992.717                  0           0.318352            1.45659        8.70754e+06        3.30157e-05         1.3173e-08        4.06956e-08           0.157355        5.99423e-07          0.0369671        4.12931e-05        7.99717e-09        6.31668e-10        0.000354585          0.0277195        0.000943905          0.0436782        2.27644e-08        0.000149076        2.55774e-10           0.732757
24        0.000615267        2.51129e-05        7.83206e-06             101325           0.311874        7.83206e-06            1087.42                  0             0.3745            2.90202        1.54497e+07        4.13833e-05        2.76389e-08        1.00175e-07           0.147442        1.11441e-06           0.042602        4.93052e-05         1.8138e-08         1.3902e-09        0.000416476          0.0251177         0.00118739          0.0502044        4.75973e-08         0.00018113        6.69509e-10           0.732757
25         0.00064038        2.51129e-05        7.22733e-06             101325           0.287793        7.22733e-06            1178.13                  0           0.429588            5.62707        2.65644e+07        5.08265e-05        5.44969e-08        2.24387e-07           0.137776        2.09972e-06          0.0481028        5.77567e-05        3.99438e-08         2.9922e-09         0.00047981          0.0225697         0.00146409          0.0565246        9.27047e-08        0.000214607        1.64076e-09           0.732757
26        0.000665493        2.51129e-05        6.73365e-06             101325           0.268135        6.73365e-06            1264.18                  0           0.482827            10.7656        4.49443e+07        6.13913e-05        1.03124e-07        4.68664e-07           0.128462        3.96906e-06          0.0534115        6.62948e-05        8.51345e-08        6.27307e-09        0.000544131          0.0201016         0.00177584          0.0625663        1.70453e-07        0.000249066        3.78843e-09           0.732757
27        0.000690606        2.51129e-05        6.32645e-06             101325            0.25192        6.32645e-06            1345.16                  0           0.533715             20.338        7.55476e+07        7.31234e-05        1.89653e-07        9.29774e-07           0.119568        7.45615e-06          0.0584891        7.44377e-05        1.75328e-07        1.27686e-08          0.0006088           0.017731         0.00212458          0.0682806        2.99912e-07         0.00028417        8.28149e-09           0.732758
28        0.000715719        2.51129e-05        5.98738e-06             101325           0.238418        5.98738e-06            1420.89                  0           0.581927            37.7311        1.26553e+08        8.60488e-05        3.41024e-07        1.77351e-06           0.111136        1.38294e-05          0.0633107        8.16134e-05        3.48619e-07        2.51777e-08        0.000672605          0.0154695         0.00251206          0.0736367        5.10722e-07        0.000319603        1.72053e-08           0.732758
29        0.000740832        2.51129e-05        5.70264e-06             101325            0.22708        5.70264e-06            1491.32                  0           0.627271            68.2463        2.10809e+08        0.000100142         6.0039e-07        3.27555e-06           0.103192        2.52084e-05          0.0678612        8.72203e-05        6.68391e-07        4.79811e-08        0.000733236          0.0133251         0.00293919          0.0786178        8.47537e-07         0.00035492        3.40492e-08           0.732759
30        0.000765945        2.51129e-05         5.4618e-06             101325            0.21749         5.4618e-06            1556.49                  0           0.669651            119.476         3.4715e+08        0.000115271         1.0326e-06          5.875e-06          0.0957455        4.49641e-05          0.0721306        9.07007e-05        1.23169e-06        8.80314e-08        0.000786674          0.0113054         0.00340481          0.0832181        1.37225e-06        0.000389298        6.41706e-08           0.732759
31        0.000791058        2.51129e-05        5.25695e-06             101325           0.209332        5.25695e-06            1616.48                  0           0.709029            200.902        5.60278e+08        0.000131112        1.72548e-06        1.02286e-05          0.0888024        7.80672e-05          0.0761094        9.16168e-05        2.16805e-06        1.54474e-07        0.000826716         0.00941946         0.00390361          0.0874404        2.15756e-06         0.00042118        1.14734e-07            0.73276
32        0.000816171        2.51129e-05        5.08216e-06             101325           0.202372        5.08216e-06            1671.36                  0             0.7454            321.634        8.76429e+08        0.000147038        2.77775e-06        1.72314e-05          0.0823696        0.000131038          0.0797839        8.97231e-05        3.60877e-06        2.56604e-07        0.000845157          0.0076812         0.00442266          0.0912944        3.26109e-06        0.000447888        1.93025e-07            0.73276
33        0.000841284        2.51129e-05        4.93308e-06             101325           0.196436        4.93308e-06            1721.13                  0           0.778758             485.04        1.31081e+09        0.000162014        4.26098e-06        2.79373e-05          0.0764635         0.00021091          0.0831328        8.50337e-05        5.60163e-06        3.97885e-07         0.00083343         0.00611023         0.00493738          0.0947957        4.67153e-06        0.000465463        3.01767e-07            0.73276
34        0.000866396        2.51129e-05        4.80663e-06             101325             0.1914        4.80663e-06             1765.7                  0           0.809082            680.646        1.84521e+09        0.000174592        6.15272e-06        4.33009e-05          0.0711136        0.000322751          0.0861267        7.78747e-05        7.97905e-06        5.66634e-07        0.000786089         0.00472987          0.0054088          0.0979651        6.24209e-06        0.000469179        4.31899e-07           0.732761
35        0.000891509        2.51129e-05        4.70055e-06             101325           0.187176        4.70055e-06            1804.95                  0           0.836335            878.184        2.40555e+09        0.000183136        8.27251e-06        6.37121e-05          0.0663591        0.000466276          0.0887354         6.8892e-05        1.02844e-05        7.30688e-07        0.000704862         0.00356074         0.00578685           0.100827        7.67273e-06        0.000455123        5.58554e-07           0.732761
36        0.000916622        2.51129e-05        4.61294e-06             101325           0.183688        4.61294e-06            1838.81                  0           0.860498            1032.78        2.86613e+09        0.000186308        1.02889e-05        8.84627e-05           0.062233        0.000633608          0.0909404        5.89628e-05        1.19151e-05        8.47332e-07        0.000600013          0.0026118         0.00602227           0.103409         8.6093e-06        0.000422365        6.48863e-07           0.732761
37        0.000941735        2.51129e-05        4.54178e-06             101325           0.180854        4.54178e-06            1867.46                  0           0.881614            1104.45        3.10052e+09        0.000183594        1.18348e-05         0.00011549          0.0587431        0.000810356          0.0927475        4.90015e-05        1.24546e-05        8.86696e-07        0.000486873          0.0018745          0.0060834           0.105736        8.82385e-06        0.000374193        6.79903e-07           0.732762
38        0.000966848        2.51129e-05        4.48479e-06             101325           0.178585        4.48479e-06            1891.29                  0           0.899832            1078.96        3.05118e+09        0.000175519        1.26639e-05        0.000141747          0.0558613        0.000979859           0.094189        3.97495e-05        1.18948e-05        8.47764e-07        0.000379726         0.00132392         0.00596726           0.107829        8.32757e-06        0.000317187        6.50808e-07           0.732762
39        0.000991961        2.51129e-05        4.43954e-06             101325           0.176783        4.43954e-06            1910.91                  0           0.915403            972.725        2.75651e+09        0.000163398        1.27317e-05        0.000164133          0.0535268         0.00112801          0.0953169        3.16601e-05        1.05579e-05        7.53141e-07        0.000287557         0.00092584         0.00569821           0.109705        7.32757e-06        0.000258679        5.78752e-07           0.732762
40         0.00101707        2.51129e-05        4.40366e-06             101325           0.175354        4.40366e-06               1927                  0           0.928642            819.796        2.31649e+09         0.00014884        1.21634e-05        0.000180459          0.0516603         0.00124617          0.0961905        2.49045e-05        8.85997e-06        6.32369e-07        0.000213517        0.000644702         0.00531694           0.111379        6.09424e-06        0.000204436        4.86304e-07           0.732762
41         0.00104219        2.51129e-05        4.37513e-06             101325           0.174218        4.37513e-06            1940.21                  0           0.939875            654.566        1.83671e+09        0.000133322        1.11643e-05        0.000189884           0.050179         0.00133148          0.0968659        1.94497e-05        7.13386e-06        5.09253e-07        0.000156732        0.000449103         0.00486773           0.112864        4.85184e-06        0.000157711        3.91765e-07           0.732762
42          0.0010673        2.51129e-05        4.35229e-06             101325           0.173309        4.35229e-06            1951.11                  0           0.949407            501.274        1.39223e+09        0.000117962        9.94004e-06        0.000192785          0.0490065         0.00138557          0.0973908        1.51486e-05        5.57542e-06        3.97915e-07        0.000114447        0.000314049         0.00438969           0.114172        3.73744e-06        0.000119528        3.06089e-07           0.732762
43         0.00109241        2.51129e-05        4.33386e-06             101325           0.172575        4.33386e-06            1960.13                  0           0.957501            372.111        1.02033e+09        0.000103489        8.65403e-06        0.000190309          0.0480779         0.00141272          0.0978024        1.18117e-05        4.26621e-06        3.04302e-07        8.34914e-05        0.000220959         0.00391284           0.115316        2.80964e-06        8.94648e-05         2.3396e-07           0.732762
44         0.00111753        2.51129e-05        4.31888e-06             101325           0.171978        4.31888e-06            1967.63                  0            0.96438            270.136        7.29609e+08        9.03092e-05        7.41664e-06        0.000183901          0.0473408         0.00141836          0.0981289        9.25002e-06        3.21619e-06        2.29206e-07        6.10179e-05        0.000156621         0.00345777           0.116312        2.07512e-06           6.64e-05        1.76067e-07           0.732762
45         0.00114264        2.51129e-05        4.30663e-06             101325            0.17149        4.30663e-06            1973.88                  0           0.970225            193.187        5.12735e+08        7.85922e-05        6.29139e-06        0.000174976          0.0467537         0.00140793          0.0983907        7.29623e-06        2.39956e-06         1.7082e-07        4.47399e-05        0.000111895         0.00303709           0.117172        1.51352e-06        4.90145e-05        1.31061e-07           0.732761
46         0.00116775        2.51129e-05        4.29657e-06             101325            0.17109        4.29657e-06             1979.1                  0           0.975188            136.936        3.56109e+08        6.83589e-05          5.307e-06        0.000164736          0.0462847         0.00138637          0.0986027        5.81181e-06        1.77752e-06         1.2638e-07        3.29312e-05        8.05606e-05         0.00265729           0.117911        1.09447e-06        3.60636e-05         9.6827e-08           0.732761
47         0.00119286        2.51129e-05         4.2883e-06             101325           0.170761         4.2883e-06            1983.45                  0           0.979395            96.7154        2.45507e+08        5.95409e-05        4.46933e-06        0.000154099          0.0459089         0.00135779          0.0987757        4.68639e-06        1.31038e-06         9.3041e-08        2.43319e-05         5.8415e-05         0.00232064           0.118541        7.87076e-07        2.64887e-05        7.11729e-08           0.732761
48         0.00121798        2.51129e-05        4.28149e-06             101325           0.170489        4.28149e-06            1987.08                  0           0.982952            68.3778        1.68597e+08         5.2023e-05        3.77075e-06        0.000143714          0.0456072         0.00132547          0.0989178        3.83406e-06         9.6294e-07        6.82769e-08        1.80389e-05        4.26219e-05         0.00202655           0.119077        5.64197e-07         1.9442e-05        5.21441e-08           0.732761
49         0.00124309        2.51129e-05        4.27588e-06             101325           0.170266        4.27588e-06             1990.1                  0           0.985949            48.5894        1.15655e+08        4.56696e-05         3.1968e-06        0.000133993          0.0453648         0.00129187          0.0990347        3.18887e-06        7.06211e-07        5.00047e-08          1.341e-05        3.12611e-05         0.00177271           0.119529        4.03839e-07        1.42687e-05        3.81269e-08           0.732761
50          0.0012682        2.51129e-05        4.27128e-06             101325           0.170083        4.27128e-06             1992.6                  0           0.988467            34.8229        7.94367e+07        4.03408e-05        2.73044e-06        0.000125171          0.0451698         0.00125878          0.0991311        2.70059e-06        5.17326e-07        3.65816e-08        9.98861e-06        2.30235e-05         0.00155583           0.119908        2.89009e-07        1.04746e-05        2.78479e-08           0.732761
51         0.00129332        2.51129e-05         4.2675e-06             101325           0.169932         4.2675e-06            1994.66                  0           0.990572            25.2368         5.4734e+07        3.59012e-05        2.35462e-06        0.000117348          0.0450131         0.00122738          0.0992107        2.33112e-06        3.78735e-07        2.67478e-08        7.44921e-06        1.70091e-05         0.00137215           0.120225        2.06985e-07        7.69233e-06        2.03312e-08           0.732761
52         0.00131843        2.51129e-05        4.26442e-06             101325            0.16981        4.26442e-06            1996.36                  0           0.992326            18.5255        3.78922e+07        3.22253e-05        2.05359e-06        0.000110537          0.0448872         0.00119843          0.0992761        2.05159e-06        2.77205e-07        1.95546e-08        5.55818e-06        1.25924e-05         0.00121783           0.120489         1.4844e-07        5.65114e-06        1.48427e-08            0.73276
53         0.00134354        2.51129e-05        4.26191e-06             101325            0.16971        4.26191e-06            1997.74                  0            0.99378            13.7822        2.63884e+07         2.9199e-05        1.81357e-06        0.000104693          0.0447862         0.00117234          0.0993299        1.84016e-06        2.02882e-07        1.42966e-08        4.14662e-06        9.33404e-06         0.00108908           0.120707        1.06635e-07        4.15259e-06        1.08379e-08            0.73276
54         0.00136866        2.51129e-05        4.25987e-06             101325           0.169629        4.25987e-06            1998.88                  0            0.99498            10.3862         1.8501e+07        2.67213e-05        1.62283e-06        9.97374e-05          0.0447054         0.00114925          0.0993739        1.68029e-06        1.48489e-07        1.04537e-08        3.09138e-06        6.92206e-06        0.000982383           0.120886        7.67442e-08        3.05158e-06        7.91564e-09            0.73276
55         0.00139377        2.51129e-05        4.25823e-06             101325           0.169563        4.25823e-06            1999.79                  0           0.995965             7.9172        1.30635e+07        2.47033e-05        1.47165e-06        9.55776e-05          0.0446409         0.00112913          0.0994099        1.55945e-06        1.08677e-07         7.6445e-09        2.30201e-06        5.13239e-06        0.000894506           0.121032        5.53317e-08        2.24211e-06        5.78263e-09            0.73276
56         0.00141888        2.51129e-05         4.2569e-06             101325            0.16951         4.2569e-06            2000.54                  0           0.996771             6.0923        9.28981e+06        2.30679e-05        1.35206e-06        9.21157e-05          0.0445896         0.00111184          0.0994391        1.46817e-06        7.95293e-08        5.59009e-09        1.71156e-06        3.80265e-06        0.000822551           0.121152        3.99592e-08        1.64669e-06        4.22487e-09            0.73276
57         0.00144399        2.51129e-05        4.25584e-06             101325           0.169468        4.25584e-06            2001.13                  0           0.997427            4.72148        6.65077e+06        2.17492e-05        1.25764e-06        8.92561e-05          0.0445488         0.00109714          0.0994628        1.39925e-06        5.81827e-08        4.08704e-09        1.27021e-06        2.81411e-06        0.000763962           0.121248         2.8898e-08        1.20861e-06        3.08655e-09            0.73276
58         0.00146911        2.51129e-05          4.255e-06             101325           0.169434          4.255e-06            2001.61                  0           0.997958            3.67666        4.79036e+06        2.06909e-05        1.18321e-06        8.69099e-05          0.0445165         0.00108479          0.0994818        1.34725e-06        4.25459e-08          2.987e-09        9.40715e-07        2.07936e-06         0.00071651           0.121326        2.09216e-08        8.86301e-07        2.25433e-09            0.73276
59         0.00149422        2.51129e-05        4.25432e-06             101325           0.169408        4.25432e-06            2001.99                  0           0.998386            2.87065        3.46831e+06        1.98455e-05        1.12463e-06        8.49967e-05           0.044491          0.0010745          0.0994972        1.30805e-06        3.10906e-08        2.18175e-09        6.95124e-07        1.53368e-06        0.000678277           0.121389        1.51584e-08        6.49236e-07         1.6457e-09            0.73276
60         0.00151933        2.51129e-05        4.25379e-06             101325           0.169387        4.25379e-06            2002.29                  0           0.998729            2.24319         2.5217e+06        1.91733e-05         1.0786e-06        8.34455e-05           0.044471         0.00106601          0.0995094        1.27853e-06        2.26996e-08        1.59229e-09        5.12429e-07        1.12892e-06        0.000647625           0.121439        1.09874e-08        4.74973e-07        1.20052e-09            0.73276
61         0.00154445        2.51129e-05        4.25338e-06             101325            0.16937        4.25338e-06            2002.53                  0           0.999004            1.75176        1.83931e+06         1.8641e-05        1.04251e-06        8.21944e-05          0.0444553         0.00105905          0.0995191        1.25632e-06        1.65553e-08        1.16092e-09        3.76822e-07        8.29176e-07        0.000623169           0.121479        7.96486e-09        3.46981e-07        8.74943e-10            0.73276
62         0.00156956        2.51129e-05        4.25305e-06             101325           0.169357        4.25305e-06            2002.72                  0           0.999222            1.36555        1.34454e+06        1.82215e-05        1.01426e-06        8.11907e-05           0.044443         0.00105339          0.0995268        1.23963e-06        1.20589e-08        8.45382e-10        2.76406e-07         6.0763e-07        0.000603749            0.12151        5.77255e-09        2.53076e-07        6.36935e-10            0.73276
63         0.00159467        2.51129e-05        4.25279e-06             101325           0.169347        4.25279e-06            2002.86                  0           0.999395            1.06171             984146        1.78922e-05        9.92208e-07        8.03892e-05          0.0444335         0.00104881          0.0995329         1.2271e-06        8.77121e-09        6.14758e-10        2.02234e-07         4.4423e-07        0.000588399           0.121535        4.18165e-09        1.84269e-07        4.63056e-10            0.73276
64         0.00161978        2.51129e-05        4.25259e-06             101325           0.169339        4.25259e-06            2002.98                  0           0.999531           0.822829             720727        1.76347e-05        9.75028e-07        7.97524e-05          0.0444261         0.00104514          0.0995377        1.21771e-06         6.3698e-09        4.46364e-10        1.47589e-07        3.23993e-07        0.000576319           0.121555        3.02703e-09        1.33925e-07        3.36145e-10            0.73276
65          0.0016449        2.51129e-05        4.25244e-06             101325           0.169333        4.25244e-06            2003.06                  0           0.999638           0.635413             527739        1.74343e-05        9.61681e-07        7.92487e-05          0.0444204         0.00104222          0.0995415        1.21068e-06        4.61799e-09        3.23556e-10        1.07436e-07        2.35728e-07        0.000566854            0.12157        2.18926e-09         9.7151e-08        2.43619e-10            0.73276
66         0.00167001        2.51129e-05        4.25232e-06             101325           0.169328        4.25232e-06            2003.13                  0           0.999721           0.488812             386160        1.72788e-05        9.51341e-07        7.88521e-05          0.0444159         0.00103989          0.0995444        1.20543e-06        3.34194e-09        2.34121e-10        7.80106e-08        1.71094e-07        0.000559469           0.121582        1.58173e-09        7.03363e-08        1.76255e-10            0.73276
67         0.00169512        2.51129e-05        4.25223e-06             101325           0.169324        4.25223e-06            2003.19                  0           0.999786           0.374557             282249        1.71588e-05        9.43352e-07        7.85412e-05          0.0444126         0.00103806          0.0995466        1.20151e-06        2.41394e-09        1.69092e-10        5.65034e-08        1.23882e-07        0.000553732           0.121591        1.14155e-09        5.08204e-08        1.27285e-10            0.73276
68         0.00172024        2.51129e-05        4.25216e-06             101325           0.169322        4.25216e-06            2003.23                  0           0.999837           0.285871             206002        1.70663e-05          9.372e-07        7.82985e-05            0.04441         0.00103662          0.0995484        1.19859e-06        1.74024e-09        1.21891e-10        4.08253e-08        8.94834e-08        0.000549292           0.121598        8.22968e-10        3.66444e-08        9.17452e-11            0.73276
69         0.00174535        2.51129e-05        4.25211e-06             101325           0.169319        4.25211e-06            2003.26                  0           0.999876           0.217323             150101        1.69955e-05        9.32475e-07          7.811e-05           0.044408          0.0010355          0.0995497        1.19642e-06        1.25206e-09        8.76915e-11        2.94262e-08        6.44835e-08        0.000545871           0.121604          5.927e-10        2.63681e-08        6.59993e-11            0.73276
70         0.00177046        2.51129e-05        4.25207e-06             101325           0.169318        4.25207e-06            2003.28                  0           0.999906           0.164573             109169        1.69413e-05        9.28859e-07         7.7964e-05          0.0444065         0.00103463          0.0995508        1.19481e-06        8.99004e-10        6.29609e-11        2.11596e-08        4.63597e-08        0.000543244           0.121608        4.26513e-10        1.89341e-08        4.73836e-11            0.73276
71         0.00179558        2.51129e-05        4.25204e-06             101325           0.169317        4.25204e-06             2003.3                  0           0.999929           0.124155            79244.6        1.69001e-05          9.261e-07        7.78515e-05          0.0444054         0.00103395          0.0995516        1.19362e-06        6.44185e-10         4.5113e-11        1.51799e-08        3.32531e-08        0.000541235           0.121611        3.06768e-10        1.35677e-08        3.39499e-11            0.73276
72         0.00182069        2.51129e-05        4.25201e-06             101325           0.169316        4.25201e-06            2003.31                  0           0.999946          0.0933184            57408.3        1.68688e-05        9.24002e-07        7.77652e-05          0.0444045         0.00103343          0.0995522        1.19274e-06        4.60646e-10        3.22584e-11        1.08651e-08        2.37981e-08        0.000539704           0.121614        2.20638e-10        9.70201e-09        2.42753e-11            0.73276
73          0.0018458        2.51129e-05          4.252e-06             101325           0.169315          4.252e-06            2003.32                  0            0.99996          0.0698905            41505.1        1.68452e-05        9.22411e-07        7.76991e-05          0.0444039         0.00103303          0.0995526        1.19209e-06        3.28725e-10        2.30195e-11        7.75935e-09        1.69936e-08        0.000538541           0.121615        1.58798e-10        6.92336e-09        1.73223e-11            0.73276
74         0.00187091        2.51129e-05        4.25198e-06             101325           0.169314        4.25198e-06            2003.33                  0            0.99997          0.0521634            29947.1        1.68274e-05        9.21209e-07        7.76488e-05          0.0444034         0.00103273           0.099553        1.19161e-06        2.34103e-10        1.63931e-11        5.52916e-09        1.21082e-08        0.000537662           0.121617        1.14484e-10        4.93036e-09        1.23356e-11            0.73276
75         0.00189603        2.51129e-05        4.25197e-06             101325           0.169314        4.25197e-06            2003.33                  0           0.999977          0.0388022            21564.5         1.6814e-05        9.20304e-07        7.76106e-05           0.044403         0.00103249          0.0995532        1.19126e-06        1.66379e-10        1.16505e-11        3.93148e-09         8.6088e-09        0.000536999           0.121618        8.27889e-11        3.50391e-09        8.76668e-12            0.73276
76         0.00192114        2.51129e-05        4.25197e-06             101325           0.169314        4.25197e-06            2003.34                  0           0.999983          0.0287699              15498         1.6804e-05        9.19624e-07        7.75818e-05          0.0444027         0.00103232          0.0995534        1.19101e-06        1.18008e-10        8.26326e-12        2.78953e-09        6.10787e-09        0.000536501           0.121619        6.01646e-11        2.48514e-09         6.2178e-12            0.73276
77         0.00194625        2.51129e-05        4.25196e-06             101325           0.169314        4.25196e-06            2003.34                  0           0.999988          0.0212645            11116.8        1.67965e-05        9.19115e-07          7.756e-05          0.0444025         0.00103219          0.0995536        1.19082e-06        8.35328e-11        5.84914e-12        1.97517e-09        4.32453e-09        0.000536128           0.121619         4.4047e-11        1.75906e-09        4.40122e-12            0.73276
78         0.00197137        2.51129e-05        4.25196e-06             101325           0.169313        4.25196e-06            2003.34                  0           0.999991          0.0156692            7959.19        1.67909e-05        9.18736e-07        7.75437e-05          0.0444024         0.00103209          0.0995537        1.19068e-06        5.90125e-11        4.13214e-12         1.3957e-09        3.05567e-09         0.00053585            0.12162        3.25877e-11        1.24267e-09        3.10923e-12            0.73276
79         0.00199648        2.51129e-05        4.25196e-06             101325           0.169313        4.25196e-06            2003.35                  0           0.999993           0.011512            5688.11        1.67868e-05        9.18454e-07        7.75315e-05          0.0444023         0.00103201          0.0995538        1.19058e-06        4.16087e-11        2.91348e-12        9.84262e-10         2.1548e-09        0.000535643            0.12162        2.44565e-11        8.76167e-10        2.19223e-12            0.73276
80         0.00202159        2.51129e-05        4.25195e-06             101325           0.169313        4.25195e-06            2003.35                  0           0.999995         0.00843345            4057.83        1.67838e-05        9.18244e-07        7.75224e-05          0.0444022         0.00103196          0.0995538        1.19051e-06        2.92812e-11        2.05029e-12         6.9275e-10        1.51655e-09         0.00053549            0.12162        1.86984e-11        6.16578e-10        1.54272e-12            0.73276
81          0.0020467        2.51129e-05        4.25195e-06             101325           0.169313        4.25195e-06            2003.35                  0           0.999996         0.00616085             2889.8        1.67815e-05        9.18089e-07        7.75156e-05          0.0444021         0.00103191          0.0995539        1.19045e-06        2.05669e-11         1.4401e-12        4.86637e-10         1.0653e-09        0.000535376            0.12162        1.46286e-11        4.33083e-10        1.08359e-12            0.73276
82         0.00207182        2.51129e-05        4.25195e-06             101325           0.169313        4.25195e-06            2003.35                  0           0.999997         0.00448838             2054.5        1.67799e-05        9.17975e-07        7.75106e-05          0.0444021         0.00103188          0.0995539        1.19042e-06        1.44191e-11        1.00963e-12        3.41202e-10        7.46909e-10        0.000535292           0.121621        1.17579e-11        3.03635e-10        7.59678e-13            0.73276
83         0.00209693        2.51129e-05        4.25195e-06             101325           0.169313        4.25195e-06            2003.35                  0           0.999998         0.00326121            1458.22        1.67786e-05        9.17891e-07        7.75069e-05          0.0444021         0.00103186          0.0995539        1.19039e-06        1.00904e-11        7.06526e-13        2.38786e-10        5.22704e-10        0.000535231           0.121621        9.73677e-12        2.12493e-10        5.31614e-13            0.73276
84         0.00212204        2.51129e-05        4.25195e-06             101325           0.169313        4.25195e-06            2003.35                  0           0.999999         0.00236339            1033.32        1.67778e-05         9.1783e-07        7.75042e-05           0.044402         0.00103184          0.0995539        1.19037e-06        7.04837e-12        4.93524e-13        1.66806e-10        3.65133e-10        0.000535186           0.121621        8.31655e-12        1.48446e-10        3.71344e-13            0.73276
85         0.00214716        2.51129e-05        4.25195e-06             101325           0.169313        4.25195e-06            2003.35                  0           0.999999         0.00170838            731.069        1.67771e-05        9.17785e-07        7.75022e-05           0.044402         0.00103183           0.099554        1.19035e-06        4.91464e-12        3.44121e-13        1.16314e-10        2.54604e-10        0.000535153           0.121621        7.32044e-12        1.03522e-10        2.58927e-13            0.73276
86         0.00217227        2.51129e-05        4.25195e-06             101325           0.169313        4.25195e-06            2003.35                  0           0.999999         0.00123184            516.418        1.67766e-05        9.17752e-07        7.75007e-05           0.044402         0.00103182           0.099554        1.19034e-06        3.42085e-12        2.39526e-13        8.09634e-11         1.7722e-10        0.000535129           0.121621         6.6231e-12        7.20726e-11        1.80226e-13            0.73276
87         0.00219738        2.51129e-05        4.25195e-06             101325           0.169313        4.25195e-06            2003.35                  0           0.999999        0.000886049            364.229        1.67763e-05        9.17728e-07        7.74997e-05           0.044402         0.00103182           0.099554        1.19034e-06        2.37701e-12        1.66437e-13        5.62595e-11        1.23145e-10        0.000535111           0.121621        6.13582e-12        5.00966e-11        1.25232e-13            0.73276
88          0.0022225        2.51129e-05        4.25195e-06             101325           0.169313        4.25195e-06            2003.35                  0                  1          0.0006358            256.502        1.67761e-05        9.17711e-07        7.74989e-05           0.044402         0.00103181           0.099554        1.19033e-06        1.64888e-12        1.15453e-13        3.90266e-11         8.5423e-11        0.000535099           0.121621        5.79592e-12        3.47673e-11        8.68702e-14            0.73276
89         0.00224761        2.51129e-05        4.25195e-06             101325           0.169313        4.25195e-06            2003.35                  0                  1        0.000455156            180.363        1.67759e-05        9.17699e-07        7.74983e-05           0.044402         0.00103181           0.099554        1.19033e-06        1.14186e-12        7.99519e-14        2.70265e-11        5.91562e-11         0.00053509           0.121621        5.55924e-12        2.40933e-11        6.01581e-14            0.73276
90         0.00227272        2.51129e-05        4.25195e-06             101325           0.169313        4.25195e-06            2003.35                  0                  1        0.000325085            126.633        1.67758e-05         9.1769e-07        7.74979e-05           0.044402          0.0010318           0.099554        1.19033e-06        7.89404e-13        5.52734e-14        1.86845e-11        4.08967e-11        0.000535083           0.121621        5.39471e-12        1.66733e-11        4.15893e-14            0.73276
91         0.00229783        2.51129e-05        4.25195e-06             101325           0.169313        4.25195e-06            2003.35                  0                  1        0.000231659            88.7731        1.67757e-05        9.17683e-07        7.74976e-05           0.044402          0.0010318           0.099554        1.19032e-06        5.44858e-13        3.81505e-14        1.28964e-11        2.82275e-11        0.000535078           0.121621        5.28056e-12        1.15251e-11        2.87055e-14            0.73276
92         0.00232295        2.51129e-05        4.25195e-06             101325           0.169313        4.25195e-06            2003.35                  0                  1        0.000164714            62.1411        1.67756e-05        9.17679e-07        7.74974e-05           0.044402          0.0010318           0.099554        1.19032e-06        3.75489e-13        2.62914e-14        8.88765e-12         1.9453e-11        0.000535075           0.121621        5.20149e-12        7.95954e-12        1.97824e-14            0.73276
93         0.00234806        2.51129e-05        4.25195e-06             101325           0.169313        4.25195e-06            2003.35                  0                  1         0.00011686            43.4369        1.67755e-05        9.17675e-07        7.74973e-05           0.044402          0.0010318           0.099554        1.19032e-06        2.58368e-13        1.80907e-14        6.11548e-12        1.33853e-11        0.000535073           0.121621        5.14682e-12        5.49392e-12         1.3612e-14            0.73276
94         0.00237317        2.51129e-05        4.25195e-06             101325           0.169313        4.25195e-06            2003.35                  0                  1        8.27299e-05            30.3186        1.67755e-05        9.17673e-07        7.74972e-05           0.044402          0.0010318           0.099554        1.19032e-06        1.77516e-13        1.24295e-14        4.20176e-12        9.19657e-12        0.000535071           0.121621        5.10908e-12        3.79182e-12        9.35234e-15            0.73276
95         0.00239829        2.51129e-05        4.25195e-06             101325           0.169313        4.25195e-06            2003.35                  0                  1        5.84445e-05            21.1325        1.67755e-05        9.17671e-07        7.74971e-05           0.044402          0.0010318           0.099554        1.19032e-06        1.21797e-13        8.52808e-15         2.8829e-12        6.30989e-12         0.00053507           0.121621        5.08306e-12        2.61881e-12        6.41679e-15            0.73276
96          0.0024234        2.51129e-05        4.25195e-06             101325           0.169313        4.25195e-06            2003.35                  0                  1        4.12026e-05            14.7098        1.67755e-05         9.1767e-07         7.7497e-05           0.044402          0.0010318           0.099554        1.19032e-06        8.34552e-14        5.84346e-15        1.97537e-12        4.32354e-12        0.000535069           0.121621        5.06516e-12        1.81165e-12         4.3968e-15            0.73276
97         0.00244851        2.51129e-05        4.25195e-06             101325           0.169313        4.25195e-06            2003.35                  0                  1        2.89881e-05            10.2255        1.67755e-05        9.17669e-07         7.7497e-05           0.044402          0.0010318           0.099554        1.19032e-06        5.71093e-14        3.99874e-15        1.35177e-12        2.95864e-12        0.000535068           0.121621        5.05286e-12        1.25702e-12        3.00878e-15            0.73276
98         0.00247362        2.51129e-05        4.25195e-06             101325           0.169313        4.25195e-06            2003.35                  0                  1        2.03538e-05            7.09873        1.67755e-05        9.17669e-07         7.7497e-05           0.044402          0.0010318           0.099554        1.19032e-06        3.90336e-14         2.7331e-15        9.23923e-13         2.0222e-12        0.000535068           0.121621        5.04443e-12        8.76487e-13        2.05648e-15            0.73276
99         0.00249874        2.51129e-05        4.25195e-06             101325           0.169313        4.25195e-06            2003.35                  0                  1        1.42632e-05            4.92172        1.67754e-05        9.17668e-07        7.74969e-05           0.044402          0.0010318           0.099554        1.19032e-06        2.66552e-14        1.86637e-15        6.30926e-13        1.38091e-12        0.000535067           0.121621        5.03865e-12        6.15894e-13        1.40433e-15            0.73276
100         0.00252385        2.51129e-05        4.25195e-06             101325           0.169313        4.25195e-06            2003.35                  0                  1        9.97599e-06            3.40874        1.67754e-05        9.17668e-07        7.74969e-05           0.044402          0.0010318           0.099554        1.19032e-06        1.81856e-14        1.27334e-15        4.30452e-13        9.42129e-13        0.000535067           0.121621        5.03469e-12        4.37591e-13        9.58119e-16            0.73276
101         0.00254896        2.51129e-05        4.25195e-06             101325           0.169313        4.25195e-06            2003.35                  0                  1        6.96419e-06            2.35811        1.67754e-05        9.17668e-07        7.74969e-05           0.044402          0.0010318           0.099554        1.19032e-06        1.23962e-14        8.67971e-16        2.93418e-13        6.42202e-13        0.000535067           0.121621        5.03199e-12        3.15712e-13        6.53111e-16            0.73276
102         0.00257408        2.51129e-05        4.25195e-06             101325           0.169313        4.25195e-06            2003.35                  0                  1        4.85264e-06            1.62941        1.67754e-05        9.17668e-07        7.74969e-05           0.044402          0.0010318           0.099554        1.19032e-06        8.44387e-15        5.91232e-16        1.99866e-13        4.37445e-13        0.000535067           0.121621        5.03014e-12        2.32506e-13        4.44884e-16            0.73276
103         0.00259919        2.51129e-05        4.25195e-06             101325           0.169313        4.25195e-06            2003.35                  0                  1        3.37515e-06            1.12468        1.67754e-05        9.17667e-07        7.74969e-05           0.044402          0.0010318           0.099554        1.19032e-06        5.74803e-15        4.02471e-16        1.36056e-13        2.97783e-13        0.000535067           0.121621        5.02888e-12        1.75753e-13        3.02856e-16            0.73276
104          0.0026243        2.51129e-05        4.25195e-06             101325           0.169313        4.25195e-06            2003.35                  0                  1        2.34331e-06           0.775469        1.67754e-05        9.17667e-07        7.74969e-05           0.044402          0.0010318           0.099554        1.19032e-06        3.91097e-15        2.73842e-16        9.25725e-14        2.02612e-13        0.000535067           0.121621        5.02803e-12        1.37078e-13        2.06071e-16            0.73276
105         0.00264942        2.51129e-05        4.25195e-06             101325           0.169313        4.25195e-06            2003.35                  0                  1        1.62407e-06           0.534151        1.67754e-05        9.17667e-07        7.74969e-05           0.044402          0.0010318           0.099554        1.19032e-06        2.66012e-15        1.86259e-16         6.2965e-14         1.3781e-13        0.000535067           0.121621        5.02744e-12        1.10745e-13        1.40172e-16            0.73276
106         0.00267453        2.51129e-05        4.25195e-06             101325           0.169313        4.25195e-06            2003.35                  0                  1        1.12364e-06           0.367576        1.67754e-05        9.17667e-07        7.74969e-05           0.044402          0.0010318           0.099554        1.19032e-06        1.80893e-15        1.26659e-16        4.28173e-14        9.37132e-14        0.000535067           0.121621        5.02705e-12        9.28252e-14        9.53272e-17            0.73276
107         0.00269964        2.51129e-05        4.25195e-06             101325           0.169313        4.25195e-06            2003.35                  0                  1        7.76098e-07           0.252714        1.67754e-05        9.17667e-07        7.74969e-05           0.044402          0.0010318           0.099554        1.19032e-06        1.22968e-15        8.61009e-17        2.91065e-14        6.37047e-14        0.000535067           0.121621        5.02677e-12        8.06306e-14          6.481e-17            0.73276
108         0.00272475        2.51129e-05        4.25195e-06             101325           0.169313        4.25195e-06            2003.35                  0                  1        5.35161e-07           0.173565        1.67754e-05        9.17667e-07        7.74969e-05           0.044402          0.0010318           0.099554        1.19032e-06        8.35472e-16        5.84989e-17        1.97756e-14        4.32824e-14        0.000535067           0.121621        5.02659e-12        7.23316e-14        4.40415e-17            0.73276
109         0.00274987        2.51129e-05        4.25195e-06             101325           0.169313        4.25195e-06            2003.35                  0                  1        3.68407e-07           0.119057        1.67754e-05        9.17667e-07        7.74969e-05           0.044402          0.0010318           0.099554        1.19032e-06        5.67378e-16        3.97272e-17        1.34298e-14        2.93935e-14        0.000535067           0.121621        5.02647e-12        6.66875e-14        2.99172e-17            0.73276
110         0.00277498        2.51129e-05        4.25195e-06             101325           0.169313        4.25195e-06            2003.35                  0                  1        2.53206e-07          0.0815754        1.67754e-05        9.17667e-07        7.74969e-05           0.044402          0.0010318           0.099554        1.19032e-06         3.8518e-16        2.69699e-17         9.1172e-15        1.99546e-14        0.000535067           0.121621        5.02638e-12        6.28517e-14        2.03182e-17            0.73276
111         0.00280009        2.51129e-05        4.25195e-06             101325           0.169313        4.25195e-06            2003.35                  0                  1        1.73747e-07          0.0558271        1.67754e-05        9.17667e-07        7.74969e-05           0.044402          0.0010318           0.099554        1.19032e-06        2.61448e-16        1.83063e-17        6.18848e-15        1.35445e-14        0.000535067           0.121621        5.02632e-12        6.02469e-14        1.37995e-17            0.73276
112         0.00282521        2.51129e-05        4.25195e-06             101325           0.169313        4.25195e-06            2003.35                  0                  1        1.19044e-07          0.0381689        1.67754e-05        9.17667e-07        7.74969e-05           0.044402          0.0010318           0.099554        1.19032e-06        1.77465e-16        1.24259e-17        4.20058e-15        9.19368e-15        0.000535067           0.121621        5.02628e-12        5.84788e-14         9.3749e-18            0.73276
113         0.00285032        2.51129e-05        4.25195e-06             101325           0.169313        4.25195e-06            2003.35                  0                  1        8.14348e-08          0.0260656        1.67754e-05        9.17667e-07        7.74969e-05           0.044402          0.0010318           0.099554        1.19032e-06          1.205e-16        8.43725e-18        2.85222e-15        6.24256e-15        0.000535067           0.121621        5.02626e-12        5.72795e-14        6.37374e-18            0.73276
114         0.00287543        2.51129e-05        4.25195e-06             101325           0.169313        4.25195e-06            2003.35                  0                  1        5.56308e-08          0.0177883        1.67754e-05        9.17667e-07        7.74969e-05           0.044402          0.0010318           0.099554        1.19032e-06        8.18802e-17        5.73316e-18         1.9381e-15        4.24185e-15        0.000535067           0.121621        5.02624e-12        5.64665e-14        4.33911e-18            0.73276
115         0.00290054        2.51129e-05        4.25195e-06             101325           0.169313        4.25195e-06            2003.35                  0                  1        3.79424e-08          0.0121249        1.67754e-05        9.17667e-07        7.74969e-05           0.044402          0.0010318           0.099554        1.19032e-06        5.57223e-17        3.90161e-18        1.31894e-15        2.88672e-15        0.000535067           0.121621        5.02623e-12        5.59158e-14        2.96101e-18            0.73276
116         0.00292566        2.51129e-05        4.25195e-06             101325           0.169313        4.25195e-06            2003.35                  0                  1         2.5846e-08         0.00826273        1.67754e-05        9.17667e-07        7.74969e-05           0.044402          0.0010318           0.099554        1.19032e-06        3.80278e-17        2.66266e-18        9.00112e-16        1.97004e-15        0.000535067           0.121621        5.02622e-12        5.55433e-14        2.02878e-18            0.73276
117         0.00295077        2.51129e-05        4.25195e-06             101325           0.169313        4.25195e-06            2003.35                  0                  1         1.7574e-08         0.00562303        1.67754e-05        9.17667e-07        7.74969e-05           0.044402          0.0010318           0.099554        1.19032e-06        2.61053e-17        1.82786e-18        6.17908e-16        1.35239e-15        0.000535067           0.121621        5.02621e-12        5.52923e-14        1.40066e-18            0.73276
118         0.00297588        2.51129e-05        4.25195e-06             101325           0.169313        4.25195e-06            2003.35                  0                  1        1.19469e-08         0.00384111        1.67754e-05        9.17667e-07        7.74969e-05           0.044402          0.0010318           0.099554        1.19032e-06        1.81438e-17         1.2704e-18        4.29458e-16        9.39937e-16        0.000535067           0.121621        5.02621e-12        5.51247e-14        9.81214e-19            0.73276
119           0.003001        2.51129e-05        4.25195e-06             101325           0.169313        4.25195e-06            2003.35                  0                  1        8.10926e-09         0.00263015        1.67754e-05        9.17667e-07        7.74969e-05           0.044402          0.0010318           0.099554        1.19032e-06        1.25892e-17        8.81476e-19        2.97981e-16        6.52177e-16        0.000535067           0.121621        5.02621e-12        5.50077e-14        6.88575e-19            0.73276
120         0.00302611        2.51129e-05        4.25195e-06             101325           0.169313        4.25195e-06            2003.35                  0                  1        5.49088e-09         0.00179014        1.67754e-05        9.17667e-07        7.74969e-05           0.044402          0.0010318           0.099554        1.19032e-06        8.70455e-18        6.09477e-19        2.06031e-16         4.5093e-16        0.000535067           0.121621         5.0262e-12        5.49259e-14        4.83915e-19            0.73276
121         0.00305122        2.51129e-05        4.25195e-06             101325           0.169313        4.25195e-06            2003.35                  0                  1        3.71305e-09         0.00121409        1.67754e-05        9.17667e-07        7.74969e-05           0.044402          0.0010318           0.099554        1.19032e-06        6.00193e-18        4.20242e-19         1.4206e-16        3.10919e-16        0.000535067           0.121621         5.0262e-12         5.4869e-14         3.4153e-19            0.73276
122         0.00307634        2.51129e-05        4.25195e-06             101325           0.169313        4.25195e-06            2003.35                  0                  1        2.51072e-09        0.000822991        1.67754e-05        9.17667e-07        7.74969e-05           0.044402          0.0010318           0.099554        1.19032e-06         4.1291e-18        2.89108e-19        9.77304e-17        2.13896e-16        0.000535067           0.121621         5.0262e-12        5.48296e-14        2.42861e-19            0.73276
123         0.00310145        2.51129e-05        4.25195e-06             101325           0.169313        4.25195e-06            2003.35                  0                  1        1.69008e-09        0.000550363        1.67754e-05        9.17667e-07        7.74969e-05           0.044402          0.0010318           0.099554        1.19032e-06        2.83523e-18        1.98513e-19        6.71047e-17        1.46866e-16        0.000535067           0.121621         5.0262e-12        5.48024e-14        1.74695e-19            0.73276
124         0.00312656        2.51129e-05        4.25195e-06             101325           0.169313        4.25195e-06            2003.35                  0                  1        1.13657e-09        0.000365728        1.67754e-05        9.17667e-07        7.74969e-05           0.044402          0.0010318           0.099554        1.19032e-06        1.94355e-18        1.36078e-19        4.59985e-17        1.00671e-16        0.000535067           0.121621         5.0262e-12        5.47836e-14        1.27717e-19            0.73276
125         0.00315167        2.51129e-05        4.25195e-06             101325           0.169313        4.25195e-06            2003.35                  0                  1        7.63315e-10        0.000240685        1.67754e-05        9.17667e-07        7.74969e-05           0.044402          0.0010318           0.099554        1.19032e-06        1.33029e-18        9.31387e-20        3.14828e-17        6.89014e-17        0.000535067           0.121621         5.0262e-12        5.47707e-14        9.54083e-20            0.73276
126         0.00317679        2.51129e-05        4.25195e-06             101325           0.169313        4.25195e-06            2003.35                  0                  1        5.17336e-10        0.000160376        1.67754e-05        9.17667e-07        7.74969e-05           0.044402          0.0010318           0.099554        1.19032e-06        9.09284e-19        6.36601e-20        2.15175e-17        4.70907e-17        0.000535067           0.121621         5.0262e-12        5.47618e-14        7.32278e-20            0.73276
127          0.0032019        2.51129e-05        4.25195e-06             101325           0.169313        4.25195e-06            2003.35                  0                  1        3.37368e-10        9.31983e-05        1.67754e-05        9.17667e-07        7.74969e-05           0.044402          0.0010318           0.099554        1.19032e-06         6.2072e-19        4.34552e-20        1.46872e-17        3.21414e-17        0.000535067           0.121621         5.0262e-12        5.47557e-14        5.80251e-20            0.73276
128         0.00322701        2.51129e-05        4.25195e-06             101325           0.169313        4.25195e-06            2003.35                  0                  1        2.26278e-10        5.72505e-05        1.67754e-05        9.17667e-07        7.74969e-05           0.044402          0.0010318           0.099554        1.19032e-06        4.23228e-19         2.9627e-20        1.00126e-17        2.19101e-17        0.000535067           0.121621         5.0262e-12        5.47516e-14        4.76204e-20            0.73276
129         0.00325213        2.51129e-05        4.25195e-06             101325           0.169313        4.25195e-06            2003.35                  0                  1        1.45759e-10        2.71219e-05        1.67754e-05        9.17667e-07        7.74969e-05           0.044402          0.0010318           0.099554        1.19032e-06        2.88252e-19        2.01761e-20        6.81768e-18        1.49176e-17        0.000535067           0.121621         5.0262e-12        5.47487e-14        4.05093e-20            0.73276
130         0.00327724        2.51129e-05        4.25195e-06             101325           0.169313        4.25195e-06            2003.35                  0                  1         9.8015e-11        1.25006e-05        1.67754e-05        9.17667e-07        7.74969e-05           0.044402          0.0010318           0.099554        1.19032e-06        1.96124e-19        1.37254e-20        4.63702e-18        1.01448e-17        0.000535067           0.121621         5.0262e-12        5.47468e-14        3.56556e-20            0.73276
131         0.00330235        2.51129e-05        4.25195e-06             101325           0.169313        4.25195e-06            2003.35                  0                  1         6.0932e-11        -2.0759e-06        1.67754e-05        9.17667e-07        7.74969e-05           0.044402          0.0010318           0.099554        1.19032e-06        1.33322e-19        9.32811e-21        3.15049e-18         6.8913e-18        0.000535067           0.121621         5.0262e-12        5.47455e-14        3.23469e-20            0.73276
132         0.00332746        2.51129e-05        4.25195e-06             101325           0.169313        4.25195e-06            2003.35                  0                  1        3.56816e-11       -1.24281e-05        1.67754e-05        9.17667e-07        7.74969e-05           0.044402          0.0010318           0.099554        1.19032e-06        9.05627e-20        6.33416e-21        2.13838e-18        4.67611e-18        0.000535067           0.121621         5.0262e-12        5.47446e-14        3.00942e-20            0.73276
133         0.00335258        2.51129e-05        4.25195e-06             101325           0.169313        4.25195e-06            2003.35                  0                  1        2.27613e-11       -1.55495e-05        1.67754e-05        9.17667e-07        7.74969e-05           0.044402          0.0010318           0.099554        1.19032e-06        6.14844e-20        4.29812e-21         1.4501e-18        3.16968e-18        0.000535067           0.121621         5.0262e-12         5.4744e-14        2.85622e-20            0.73276
134         0.00337769        2.51129e-05        4.25195e-06             101325           0.169313        4.25195e-06            2003.35                  0                  1        8.94222e-12       -2.24835e-05        1.67754e-05        9.17667e-07        7.74969e-05           0.044402          0.0010318           0.099554        1.19032e-06        4.17324e-20        2.91511e-21        9.82571e-19         2.1464e-18        0.000535067           0.121621         5.0262e-12        5.47436e-14        2.75216e-20            0.73276
135          0.0034028        2.51129e-05        4.25195e-06             101325           0.169313        4.25195e-06            2003.35                  0                  1        7.36444e-13       -2.59357e-05        1.67754e-05        9.17667e-07        7.74969e-05           0.044402          0.0010318           0.099554        1.19032e-06        2.83306e-20        1.97673e-21        6.65349e-19         1.4521e-18        0.000535067           0.121621         5.0262e-12        5.47433e-14        2.68155e-20            0.73276
136         0.00342792        2.51129e-05        4.25195e-06             101325           0.169313        4.25195e-06            2003.35                  0                  1        3.66226e-13       -2.41426e-05        1.67754e-05        9.17667e-07        7.74969e-05           0.044402          0.0010318           0.099554        1.19032e-06        1.92473e-20        1.34072e-21        4.50347e-19        9.81528e-19        0.000535067           0.121621         5.0262e-12        5.47431e-14         2.6337e-20            0.73276
137         0.00345303        2.51129e-05        4.25195e-06             101325           0.169313        4.25195e-06            2003.35                  0                  1        1.38342e-13       -2.24354e-05        1.67754e-05        9.17667e-07        7.74969e-05           0.044402          0.0010318           0.099554        1.19032e-06        1.30975e-20        9.10118e-22        3.04781e-19        6.62927e-19        0.000535067           0.121621         5.0262e-12         5.4743e-14         2.6013e-20            0.73276
138         0.00347814        2.51129e-05        4.25195e-06             101325           0.169313        4.25195e-06            2003.35                  0                  1       -2.58774e-12       -2.36902e-05        1.67754e-05        9.17667e-07        7.74969e-05           0.044402          0.0010318           0.099554        1.19032e-06        8.93807e-21        6.18882e-22        2.06328e-19        4.47443e-19        0.000535067           0.121621         5.0262e-12        5.47429e-14        2.57938e-20            0.73276
139         0.00350326        2.51129e-05        4.25195e-06             101325           0.169313        4.25195e-06            2003.35                  0                  1       -7.39387e-12       -2.75231e-05        1.67754e-05        9.17667e-07        7.74969e-05           0.044402          0.0010318           0.099554        1.19032e-06        6.12776e-21        4.22107e-22        1.39808e-19         3.0185e-19        0.000535067           0.121621         5.0262e-12        5.47428e-14        2.56458e-20            0.73276
140         0.00352837        2.51129e-05        4.25195e-06             101325           0.169313        4.25195e-06            2003.35                  0                  1       -9.19172e-12       -2.83915e-05        1.67754e-05        9.17667e-07        7.74969e-05           0.044402          0.0010318           0.099554        1.19032e-06        4.23084e-21        2.89287e-22        9.49077e-20        2.03577e-19        0.000535067           0.121621         5.0262e-12        5.47428e-14        2.55458e-20            0.73276
141         0.00355348        2.51129e-05        4.25195e-06             101325           0.169313        4.25195e-06            2003.35                  0                  1       -8.59356e-12       -2.75263e-05        1.67754e-05        9.17667e-07        7.74969e-05           0.044402          0.0010318           0.099554        1.19032e-06        2.95171e-21        1.99723e-22        6.46307e-20        1.37308e-19        0.000535067           0.121621         5.0262e-12        5.47427e-14        2.54785e-20            0.73276
142         0.00357859        2.51129e-05        4.25195e-06             101325           0.169313        4.25195e-06            2003.35                  0                  1       -8.79987e-12       -2.75137e-05        1.67754e-05        9.17667e-07        7.74969e-05           0.044402          0.0010318           0.099554        1.19032e-06        2.09001e-21        1.39387e-22        4.42341e-20        9.26656e-20        0.000535067           0.121621         5.0262e-12        5.47427e-14        2.54331e-20            0.73276
143         0.00360371        2.51129e-05        4.25195e-06             101325           0.169313        4.25195e-06            2003.35                  0                  1       -9.14256e-12       -2.79753e-05        1.67754e-05        9.17667e-07        7.74969e-05           0.044402          0.0010318           0.099554        1.19032e-06        1.51009e-21        9.87819e-23        3.05073e-20        6.26213e-20        0.000535067           0.121621         5.0262e-12        5.47427e-14        2.54025e-20            0.73276
144         0.00362882        2.51129e-05        4.25195e-06             101325           0.169313        4.25195e-06            2003.35                  0                  1       -9.55315e-12       -2.82482e-05        1.67754e-05        9.17667e-07        7.74969e-05           0.044402          0.0010318           0.099554        1.19032e-06        1.12023e-21        7.14842e-23        2.12793e-20        4.24235e-20        0.000535067           0.121621         5.0262e-12        5.47427e-14         2.5382e-20            0.73276
145         0.00365393        2.51129e-05        4.25195e-06             101325           0.169313        4.25195e-06            2003.35                  0                  1       -9.98928e-12       -2.85731e-05        1.67754e-05        9.17667e-07        7.74969e-05           0.044402          0.0010318           0.099554        1.19032e-06        8.58473e-22        5.31566e-23        1.50836e-20        2.88626e-20        0.000535067           0.121621         5.0262e-12        5.47427e-14        2.53682e-20            0.73276
146         0.00367905        2.51129e-05        4.25195e-06             101325           0.169313        4.25195e-06            2003.35                  0                  1       -1.02211e-11       -2.87295e-05        1.67754e-05        9.17667e-07        7.74969e-05           0.044402          0.0010318           0.099554        1.19032e-06        6.83047e-22        4.08734e-23        1.09313e-20         1.9774e-20        0.000535067           0.121621         5.0262e-12        5.47427e-14        2.53589e-20            0.73276
147         0.00370416        2.51129e-05        4.25195e-06             101325           0.169313        4.25195e-06            2003.35                  0                  1         -1.024e-11       -2.84437e-05        1.67754e-05        9.17667e-07        7.74969e-05           0.044402          0.0010318           0.099554        1.19032e-06        5.65825e-22        3.26656e-23        8.15662e-21        1.37009e-20        0.000535067           0.121621         5.0262e-12        5.47427e-14        2.53528e-20            0.73276
148         0.00372927        2.51129e-05        4.25195e-06             101325           0.169313        4.25195e-06            2003.35                  0                  1       -1.04582e-11       -2.86266e-05        1.67754e-05        9.17667e-07        7.74969e-05           0.044402          0.0010318           0.099554        1.19032e-06        4.87941e-22        2.72123e-23         6.3131e-21        9.66578e-21        0.000535067           0.121621         5.0262e-12        5.47427e-14        2.53487e-20            0.73276
149         0.00375438        2.51129e-05        4.25195e-06             101325           0.169313        4.25195e-06            2003.35                  0                  1       -8.24673e-12       -2.66083e-05        1.67754e-05        9.17667e-07        7.74969e-05           0.044402          0.0010318           0.099554        1.19032e-06        4.36818e-22        2.36326e-23          5.103e-21        7.01708e-21        0.000535067           0.121621         5.0262e-12        5.47427e-14         2.5346e-20            0.73276
150          0.0037795        2.51129e-05        4.25195e-06             101325           0.169313        4.25195e-06            2003.35                  0                  1       -8.45229e-12       -2.67857e-05        1.67754e-05        9.17667e-07        7.74969e-05           0.044402          0.0010318           0.099554        1.19032e-06        4.04176e-22        2.13471e-23        4.33037e-21        5.32593e-21        0.000535067           0.121621         5.0262e-12        5.47427e-14        2.53442e-20            0.73276
151         0.00380461        2.51129e-05        4.25195e-06             101325           0.169313        4.25195e-06            2003.35                  0                  1       -1.08667e-11       -2.87065e-05        1.67754e-05        9.17667e-07        7.74969e-05           0.044402          0.0010318           0.099554        1.19032e-06        3.84727e-22        1.99853e-23        3.87001e-21        4.31828e-21        0.000535067           0.121621         5.0262e-12        5.47427e-14        2.53432e-20            0.73276
152         0.00382972        2.51129e-05        4.25195e-06             101325           0.169313        4.25195e-06            2003.35                  0                  1        -8.4157e-12       -2.67286e-05        1.67754e-05        9.17667e-07        7.74969e-05           0.044402          0.0010318           0.099554        1.19032e-06        3.75325e-22        1.93269e-23        3.64746e-21        3.83115e-21        0.000535067           0.121621         5.0262e-12        5.47427e-14        2.53427e-20            0.73276
