# Time 0.000825
# eta = 0.002
# length = 6.97028e-05
#--- 	  	 LEM Line data  --- 
#(1) wafer              (2) x             (3) dx              (4) m              (5) p            (6) rho              (7) m              (8) T              (9) Z             (10) C          (11) dCdt       (12) heatRel                  (13) Y_H2                  (14) Y_H                  (15) Y_O                  (16) Y_O2                  (17) Y_OH                  (18) Y_H2O                  (19) Y_HO2                  (20) Y_CH2                  (21) Y_CH2(S)                  (22) Y_CH3                  (23) Y_CH4                  (24) Y_CO                  (25) Y_CO2                  (26) Y_HCO                  (27) Y_CH2O                  (28) Y_CH2OH                  (29) Y_N2
0        1.25592e-05        2.51183e-05        2.83091e-05             101325            1.12703        2.83091e-05             301.23                  0                  0                  0                  0        1.21282e-07        2.70981e-17        3.09547e-13           0.222493        3.71594e-12        6.01772e-05        4.70614e-08        1.12087e-16        5.82703e-18        5.77006e-07          0.0446142        4.49146e-06        6.70701e-05        8.39242e-17        3.71238e-07        1.29139e-20            0.73276
1        3.76775e-05        2.51183e-05         2.8265e-05             101325            1.12527         2.8265e-05            301.699                  0        0.000604683        3.24749e-07            17.1347        1.74789e-07        4.61004e-17        3.50542e-13           0.222453        5.17031e-12        8.32662e-05        6.45343e-08        2.07664e-16        1.08167e-17        8.00365e-07          0.0446035        6.53482e-06        9.23652e-05        1.56783e-16        5.26592e-07        2.41788e-20            0.73276
2        6.27959e-05        2.51183e-05        2.82038e-05             101325            1.12284        2.82038e-05            302.353                  0        0.000803775         4.5148e-07             29.767        2.59412e-07        7.97705e-17        3.36707e-13           0.222397         7.2597e-12        0.000115702        8.83633e-08         4.0758e-16        2.12923e-17        1.11654e-06          0.0445884         9.8432e-06          0.0001273        3.11828e-16        7.62036e-07        4.82354e-20            0.73276
3        8.79142e-05        2.51183e-05        2.81135e-05             101325            1.11924        2.81135e-05            303.323                  0         0.00111383        6.70943e-07            56.2334        3.97086e-07        1.44806e-16        2.85571e-13           0.222313        1.04542e-11        0.000164101        1.23218e-07         8.3466e-16        4.37766e-17        1.59058e-06          0.0445659        1.53175e-05         0.00017869        6.49508e-16        1.13338e-06         1.0113e-19            0.73276
4        0.000113033        2.51183e-05         2.7984e-05             101325            1.11409         2.7984e-05            304.725                  0         0.00157237        1.04433e-06            110.494        6.13926e-07        2.77216e-16        2.13199e-13           0.222192        1.52568e-11        0.000234467        1.73103e-07        1.73873e-15        9.17227e-17        2.28217e-06           0.044533        2.40774e-05        0.000252304        1.38097e-15        1.70153e-06        2.17888e-19            0.73276
5        0.000138151        2.51183e-05        2.78026e-05             101325            1.10687        2.78026e-05             306.71                  0         0.00223352        1.68895e-06            220.404        9.47735e-07        5.57765e-16         1.3935e-13           0.222019         2.2442e-11        0.000334688        2.43339e-07        3.63385e-15         1.9324e-16         3.2695e-06           0.044486        3.77737e-05        0.000355473        2.95731e-15        2.55158e-06        4.77297e-19            0.73276
6        0.000163269        2.51183e-05        2.75545e-05             101325            1.09699        2.75545e-05            309.467                  0         0.00316699         2.8286e-06            439.186        1.45185e-06        1.16586e-15        7.92937e-14           0.221779        3.32476e-11        0.000474882        3.40953e-07        7.57268e-15        4.07115e-16        4.65244e-06          0.0444202        5.87782e-05        0.000497249        6.34505e-15        3.79954e-06        1.06073e-18            0.73276
7        0.000188388        2.51183e-05        2.72227e-05             101325            1.08378        2.72227e-05            313.232                  0         0.00446061        4.90137e-06            865.558         2.1996e-06        2.50325e-15        3.90516e-14           0.221449        4.97411e-11        0.000667748        4.75283e-07         1.5722e-14        8.57567e-16        6.55544e-06          0.0443293        9.04113e-05        0.000688517         1.3643e-14        5.59959e-06        2.40049e-18            0.73276
8        0.000213506        2.51183e-05        2.67894e-05             101325            1.06653        2.67894e-05            318.288                  0         0.00622243        8.78832e-06            1677.43        3.28896e-06         5.4938e-15        1.66657e-14           0.221005        7.55347e-11        0.000928847        6.58872e-07        3.26055e-14        1.81223e-15        9.12956e-06           0.044206        0.000137188        0.000941997        2.95127e-14        8.15101e-06        5.57413e-18            0.73276
9        0.000238624        2.51183e-05        2.62379e-05             101325            1.04457        2.62379e-05            324.964                  0          0.0085821        1.63167e-05            3186.77        4.84656e-06        1.23396e-14        6.33597e-15           0.220415        1.17147e-10         0.00127673        9.08795e-07        6.78372e-14        3.86104e-15        1.25529e-05          0.0440413        0.000205048         0.00127208        6.45865e-14        1.17033e-05        1.34043e-17            0.73276
10        0.000263743        2.51183e-05        2.55544e-05             101325            1.01736        2.55544e-05            333.634                  0          0.0116907        3.13895e-05            5927.19        7.03022e-06        2.84732e-14        2.59776e-15           0.219645        1.86616e-10         0.00173287        1.24861e-06        1.42202e-13        8.33281e-15        1.70287e-05          0.0438247        0.000301526          0.0016945        1.43768e-13        1.65579e-05         3.3665e-17            0.73276
11        0.000288861        2.51183e-05        2.47317e-05             101325           0.984605        2.47317e-05            344.701                  0           0.015719        6.25743e-05            10791.5        1.00285e-05        6.77039e-14        2.36198e-15           0.218655        3.06448e-10         0.00232122        1.71114e-06        3.01138e-13         1.8267e-14        2.27815e-05          0.0435445        0.000435784         0.00222575        3.26666e-13        2.30643e-05        8.87673e-17            0.73276
12        0.000313979        2.51183e-05        2.37711e-05             101325           0.946365        2.37711e-05            358.586                  0           0.020853        0.000129078              19247        1.40565e-05         1.6584e-13        5.75019e-15           0.217405         5.1884e-10         0.00306753        2.34211e-06        6.44171e-13        4.06522e-14        3.00499e-05          0.0431882        0.000618466         0.00288246        7.57907e-13        3.16098e-05         2.4573e-16            0.73276
13        0.000339098        2.51183e-05        2.26846e-05             101325            0.90311        2.26846e-05              375.7                  0          0.0272878        0.000274483              33671        1.93474e-05        4.16782e-13        1.94053e-14           0.215853        9.02181e-10         0.00399832        3.20493e-06        1.38726e-12        9.14383e-14        3.90793e-05          0.0427427        0.000861317         0.00368063        1.78958e-12        4.26023e-05        7.09792e-16            0.73276
14        0.000364216        2.51183e-05        2.14942e-05             101325           0.855717        2.14942e-05            396.425                  0          0.0352193        0.000597722            57879.3        2.61403e-05        1.06654e-12        7.35663e-14           0.213957        1.59905e-09         0.00513962        4.38611e-06        2.98934e-12        2.06275e-13        5.01132e-05          0.0421951         0.00117662         0.00463495        4.27269e-12        5.64491e-05        2.11528e-15            0.73276
15        0.000389334        2.51183e-05        2.02299e-05             101325           0.805385        2.02299e-05            421.088                  0          0.0448362         0.00132071            97964.2        3.46669e-05        2.75884e-12        2.99858e-13           0.211678        2.86007e-09          0.0065159        6.00137e-06        6.39584e-12        4.62183e-13        6.33884e-05          0.0415332         0.00157653          0.0057583        1.02305e-11         7.3534e-05        6.41531e-15            0.73276
16        0.000414453        2.51183e-05        1.89262e-05             101325           0.753483        1.89262e-05            449.947                  0          0.0563117          0.0029288             163642        4.51391e-05        7.18489e-12        1.27704e-12           0.208984        5.10646e-09         0.00814908        8.20187e-06        1.34826e-11        1.01844e-12        7.91322e-05          0.0407463         0.00207239         0.00706159        2.43685e-11        9.41978e-05        1.95658e-14            0.73276
17        0.000439571        2.51183e-05        1.76175e-05             101325            0.70138        1.76175e-05            483.181                  0           0.069799         0.00644482             270454        5.77408e-05        1.88739e-11         5.5461e-12           0.205844        9.01281e-09          0.0100581          1.118e-05        2.78442e-11        2.18975e-12        9.75663e-05          0.0398249          0.0026743         0.00855382        5.74097e-11        0.000118725        5.96865e-14            0.73276
18        0.000464689        2.51183e-05        1.63344e-05             101325           0.650296        1.63344e-05            520.893                  0          0.0854293          0.0139288             443444        7.26236e-05        5.04431e-11        2.41244e-11           0.202233        1.56222e-08          0.0122587        1.51748e-05        5.62719e-11        4.57889e-12        0.000118914          0.0387609         0.00339079          0.0102424        1.33594e-10         0.00014734        1.83053e-13            0.73276
19        0.000489808        2.51183e-05        1.51013e-05             101325           0.601206        1.51013e-05            563.118                  0           0.103313           0.029351             723646         8.9909e-05        1.38638e-10        1.03719e-10           0.198131        2.65677e-08          0.0147644        2.04751e-05        1.12086e-10        9.35473e-12        0.000143412          0.0375478          0.0042289          0.0121337        3.08626e-10        0.000180203        5.73084e-13            0.73276
20        0.000514926        2.51183e-05        1.39356e-05             101325           0.554799        1.39356e-05            609.838                  0           0.123546          0.0601849        1.18099e+06        0.000109693        3.94364e-10        4.36382e-10            0.19352        4.47023e-08          0.0175863        2.74216e-05        2.24614e-10        1.89947e-11        0.000171326          0.0361797         0.00519428          0.0142335        7.16757e-10        0.000217418        1.86285e-12            0.73276
21        0.000540044        2.51183e-05        1.28479e-05             101325           0.511495        1.28479e-05            660.997                  0           0.146209           0.120975        1.94462e+06         0.00013205        1.15598e-09        1.77992e-09           0.188385         7.6164e-08          0.0207341        3.64021e-05        4.70116e-10        3.96312e-11        0.000202966          0.0346518         0.00629146          0.0165473        1.70439e-09        0.000259027        6.31479e-12            0.73276
22        0.000565163        2.51183e-05         1.1843e-05             101325           0.471487         1.1843e-05            716.514                  0           0.171378           0.243805        3.28451e+06        0.000157042        3.43936e-09        6.96863e-09            0.18271        1.37037e-07          0.0242165        4.78365e-05        1.07461e-09        8.87502e-11        0.000238713          0.0329595         0.00752412          0.0190806         4.2222e-09        0.000305018         2.1985e-11            0.73276
23        0.000590281        2.51183e-05        1.09213e-05             101325           0.434794        1.09213e-05            776.294                  0           0.199125           0.513758        5.84158e+06        0.000184723         1.0181e-08        2.59262e-08           0.176484        2.73529e-07          0.0280415        6.21367e-05        2.74109e-09        2.19452e-10        0.000279053          0.0310987         0.00889518           0.021839        1.09579e-08        0.000355313        7.65197e-11            0.73276
24        0.000615399        2.51183e-05        1.00804e-05             101325           0.401317        1.00804e-05            840.231                  0           0.229517            1.18912        1.12635e+07        0.000215135         2.9447e-08        9.08648e-08           0.169695        6.18634e-07          0.0322154        7.96222e-05        7.61838e-09        5.91616e-10        0.000324632          0.0290656          0.0104068          0.0248274        2.94379e-08         0.00040976        2.59474e-10            0.73276
25        0.000640518        2.51183e-05        9.31601e-06             101325           0.370885        9.31601e-06            908.207                  0           0.262611            3.08172        2.38664e+07        0.000248317         8.2219e-08        2.98275e-07           0.162335        1.53924e-06          0.0367425        0.000100355        2.19395e-08        1.66371e-09        0.000376326          0.0268574          0.0120599            0.02805        7.98646e-08        0.000468115        8.41749e-10            0.73276
26        0.000665636        2.51183e-05        8.62284e-06             101325           0.343289        8.62284e-06             980.08                  0           0.298451            8.65153        5.46923e+07        0.000284284        2.20325e-07         9.1516e-07           0.154404         3.9889e-06          0.0416223        0.000123856        6.25742e-08        4.66436e-09        0.000435237          0.0244729          0.0138535          0.0315084        2.13029e-07        0.000529977         2.5841e-09            0.73276
27        0.000690755        2.51183e-05        7.99549e-06             101325           0.318313        7.99549e-06            1055.66                  0           0.337041            24.8357        1.30695e+08        0.000323006        5.65583e-07        2.62709e-06           0.145914        1.02865e-05          0.0468455        0.000148659        1.71688e-07        1.26374e-08        0.000502323          0.0219151          0.0157832             0.0352        5.46524e-07        0.000594647        7.45877e-09            0.73276
28        0.000715873        2.51183e-05        7.42889e-06             101325           0.295756        7.42889e-06            1134.64                  0           0.378321            69.5106        3.13638e+08         0.00036437        1.38948e-06        7.07792e-06           0.136887        2.56917e-05          0.0523926        0.000171788        4.45718e-07         3.2491e-08        0.000577148          0.0191916            0.01784          0.0391196        1.32764e-06        0.000660829        2.01537e-08           0.732759
29        0.000740991        2.51183e-05        6.91882e-06             101325           0.275449        6.91882e-06            1216.51                  0            0.42217            184.118         7.3391e+08        0.000408048          3.257e-06        1.79542e-05            0.12736        6.12411e-05          0.0582279        0.000188512        1.08223e-06         7.8289e-08        0.000654894          0.0163199          0.0200079          0.0432615        3.01668e-06        0.000725858        5.07085e-08           0.732759
30         0.00076611        2.51183e-05        6.46255e-06             101325           0.257284        6.46255e-06            1300.35                  0           0.468376            452.489        1.63543e+09        0.000453088        7.22987e-06        4.29156e-05           0.117407        0.000137873          0.0642771          0.0001933        2.42196e-06        1.74185e-07        0.000721353          0.0133413          0.0222515          0.0476165        6.31876e-06        0.000783832        1.17506e-07           0.732758
31        0.000791228        2.51183e-05        6.05992e-06             101325           0.241255        6.05992e-06            1384.42                  0           0.516502            1011.78        3.38555e+09         0.00049702        1.49992e-05        9.63924e-05           0.107183        0.000289884          0.0703902        0.000182572        4.86652e-06        3.48738e-07        0.000749005          0.0103436          0.0244903          0.0521671        1.19218e-05        0.000822068         2.4484e-07           0.732757
32        0.000816346        2.51183e-05        5.71436e-06             101325           0.227498        5.71436e-06            1465.61                  0           0.565651             2006.6        6.30574e+09        0.000534408        2.85176e-05        0.000201923          0.0969984        0.000560937           0.076294        0.000157254        8.37246e-06        6.00061e-07        0.000704267         0.00748565          0.0265536          0.0568797         1.9516e-05        0.000817289        4.37789e-07           0.732756
33        0.000841465        2.51183e-05        5.43236e-06             101325           0.216271        5.43236e-06            1539.21                  0           0.614187            3414.38        1.01156e+10        0.000556182        4.85206e-05        0.000389051          0.0873814        0.000981543          0.0815826        0.000122947         1.1513e-05        8.30562e-07        0.000576546         0.00499049          0.0281427          0.0616927        2.63581e-05         0.00074165        6.26664e-07           0.732756
34        0.000866583        2.51183e-05        5.21861e-06             101325           0.207761        5.21861e-06            1600.28                  0           0.659685            4823.22        1.32864e+10        0.000553997         7.2614e-05        0.000674745           0.078976         0.00153038           0.085839        8.79947e-05         1.2037e-05        8.80929e-07         0.00040547         0.00306047          0.0289069          0.0665037         2.8225e-05        0.000592442        6.82536e-07           0.732756
35        0.000891701        2.51183e-05        5.06835e-06             101325           0.201779        5.06835e-06            1646.61                  0            0.69966            5591.79        1.38889e+10        0.000529835        9.60765e-05         0.00103172          0.0722311         0.00212143          0.0888669        5.94066e-05        9.82065e-06        7.32637e-07        0.000251544         0.00175213           0.028684          0.0711703        2.41672e-05        0.000414357        5.79252e-07           0.732756
36         0.00091682        2.51183e-05        4.96695e-06             101325           0.197742        4.96695e-06            1680.01                  0           0.732875            5462.11        1.18803e+10        0.000496314        0.000115338         0.00139183          0.0671761         0.00265633          0.0907897        3.96517e-05        6.74633e-06        5.13264e-07        0.000144127        0.000958368          0.0276408          0.0755477        1.74588e-05        0.000261192           4.12e-07           0.732757
37        0.000941938        2.51183e-05        4.89766e-06             101325           0.194983        4.89766e-06            1704.24                  0           0.759732            4749.39        8.88248e+09        0.000465355        0.000129373         0.00169542          0.0635188         0.00308358          0.0919082        2.74229e-05        4.20078e-06        3.25163e-07        7.92325e-05        0.000510999          0.0261148           0.079538        1.13256e-05        0.000154237        2.63922e-07           0.732758
38        0.000967056        2.51183e-05        4.84769e-06             101325           0.192994        4.84769e-06            1722.67                  0           0.781449            3889.53        6.21657e+09        0.000441909        0.000138682         0.00191954          0.0608795         0.00340107          0.0925207        2.02683e-05        2.48541e-06        1.95159e-07        4.27164e-05        0.000269027          0.0244056          0.0831046        6.90941e-06        8.78253e-05        1.59709e-07           0.732758
39        0.000992175        2.51183e-05        4.80911e-06             101325           0.191458        4.80911e-06            1737.57                  0           0.799266             3122.9        4.31021e+09        0.000425806        0.000144187         0.00206872           0.058936          0.0036289          0.0928448        1.61544e-05         1.4325e-06        1.13815e-07          2.284e-05        0.000140869          0.0227023          0.0862554        4.07501e-06         4.9051e-05         9.3728e-08           0.732759
40         0.00101729        2.51183e-05        4.77742e-06             101325           0.190196        4.77742e-06            1750.26                  0           0.814156            2514.37        3.08498e+09        0.000415027        0.000146777           0.002158          0.0574588         0.00378997          0.0930179        1.37625e-05        8.14772e-07        6.53665e-08        1.21834e-05        7.36641e-05          0.0211023          0.0890219        2.36056e-06        2.71271e-05        5.40986e-08           0.732759
41         0.00104241        2.51183e-05        4.75014e-06             101325           0.189111        4.75014e-06            1761.49                  0           0.826812             2050.5        2.33282e+09        0.000407483        0.000147181         0.00220302          0.0562965         0.00390295          0.0931194        1.23227e-05        4.60514e-07        3.72431e-08        6.50489e-06        3.85619e-05          0.0196455          0.0914443        1.35634e-06         1.4936e-05         3.0948e-08           0.732759
42         0.00106753        2.51183e-05        4.72593e-06             101325           0.188147        4.72593e-06            1771.68                  0           0.837724            1698.21        1.87291e+09        0.000401592        0.000145968         0.00221663          0.0553523         0.00398138          0.0931927        1.14058e-05        2.59669e-07        2.11391e-08        3.48291e-06        2.02375e-05           0.018341          0.0935645        7.78546e-07        8.21344e-06        1.76251e-08           0.732759
43         0.00109265        2.51183e-05        4.70401e-06             101325           0.187274        4.70401e-06            1781.07                  0           0.847239            1426.92        1.58327e+09        0.000396325        0.000143576          0.0022084          0.0545645          0.0040347          0.0932599        1.07783e-05        1.46405e-07        1.19824e-08        1.87233e-06        1.06575e-05          0.0171824          0.0954222        4.49273e-07        4.51981e-06        1.00187e-08            0.73276
44         0.00111777        2.51183e-05        4.68393e-06             101325           0.186474        4.68393e-06             1789.8                  0           0.855611            1213.73         1.3903e+09        0.000391085         0.00014034         0.00218516          0.0538928         0.00406939          0.0933316        1.03138e-05        8.26475e-08         6.7929e-09        1.01128e-06        5.63539e-06          0.0161568          0.0970534        2.62434e-07        2.49195e-06        5.69326e-09            0.73276
45         0.00114288        2.51183e-05        4.66538e-06             101325           0.185736        4.66538e-06            1797.96                  0           0.863034            1042.75        1.25215e+09        0.000385566        0.000136516         0.00215168          0.0533105         0.00408994          0.0934118        9.94413e-06        4.67491e-08        3.85482e-09        5.49031e-07         2.9932e-06          0.0152491          0.0984902        1.56454e-07        1.37754e-06        3.23734e-09            0.73276
46           0.001168        2.51183e-05        4.64818e-06             101325           0.185051        4.64818e-06            1805.61                  0           0.869659            903.164        1.14575e+09        0.000379646          0.0001323         0.00211132          0.0527991         0.00409955          0.0935014        9.63194e-06        2.65074e-08        2.19086e-09        2.99677e-07        1.59739e-06          0.0144442          0.0997604         9.6147e-08        7.63854e-07        1.84306e-09            0.73276
47         0.00119312        2.51183e-05        4.63215e-06             101325           0.184413        4.63215e-06             1812.8                  0           0.875609            787.607         1.0586e+09        0.000373312        0.000127839         0.00206643          0.0523452         0.00410053          0.0935996        9.35669e-06        1.50695e-08        1.24741e-09        1.64468e-07        8.56695e-07          0.0137284           0.100888        6.15871e-08        4.24977e-07        1.05088e-09            0.73276
48         0.00121824        2.51183e-05        4.61719e-06             101325           0.183817        4.61719e-06            1819.58                  0           0.880981            690.917        9.83899e+08        0.000366602         0.00012325         0.00201867          0.0519391         0.00409461          0.0937049        9.10674e-06        8.58991e-09        7.11617e-10         9.0756e-08        4.61771e-07          0.0130893           0.101894        4.15462e-08        2.37258e-07        6.00204e-10            0.73276
49         0.00124336        2.51183e-05        4.60318e-06             101325            0.18326        4.60318e-06            1825.97                  0           0.885858             609.37        9.17932e+08        0.000359586        0.000118616         0.00196925          0.0515731         0.00408311          0.0938158        8.87531e-06        4.90935e-09        4.06769e-10         5.0349e-08        2.50167e-07          0.0125161           0.102795        2.97131e-08        1.32921e-07        3.43408e-10            0.73276
50         0.00126848        2.51183e-05        4.59003e-06             101325           0.182736        4.59003e-06            1832.02                  0           0.890308            540.182        8.58587e+08        0.000352338        0.000114003         0.00191904          0.0512411         0.00406707          0.0939308        8.65829e-06        2.81298e-09        2.32974e-10        2.80779e-08        1.36218e-07          0.0119996           0.103607        2.25422e-08        7.47256e-08        1.96829e-10            0.73276
51         0.00129359        2.51183e-05        4.57767e-06             101325           0.182244        4.57767e-06            1837.75                  0           0.894389            481.203        8.04602e+08        0.000344931        0.000109459         0.00186866          0.0509385         0.00404732          0.0940483        8.45305e-06        1.61572e-09        1.33693e-10        1.57366e-08        7.45449e-08          0.0115317           0.104343        1.80402e-08        4.21531e-08        1.13011e-10            0.73276
52         0.00131871        2.51183e-05        4.56604e-06             101325           0.181781        4.56604e-06            1843.17                  0            0.89815            430.728        7.55166e+08        0.000337431        0.000105018         0.00181857          0.0506611         0.00402453          0.0941673        8.25782e-06        9.30174e-10        7.68637e-11        8.86208e-09        4.09967e-08          0.0111058           0.105012        1.50836e-08        2.38587e-08        6.49967e-11            0.73276
53         0.00134383        2.51183e-05        4.55506e-06             101325           0.181344        4.55506e-06            1848.32                  0            0.90163            387.378        7.09712e+08        0.000329898        0.000100705         0.00176913          0.0504058         0.00399926          0.0942867        8.07134e-06        5.36671e-10        4.42709e-11        5.01345e-09         2.2656e-08          0.0107161           0.105625        1.30368e-08        1.35491e-08        3.74431e-11            0.73276
54         0.00136895        2.51183e-05        4.54468e-06             101325           0.180931        4.54468e-06            1853.22                  0           0.904865            350.021        6.67804e+08        0.000322379        9.65352e-05         0.00172057          0.0501697         0.00397196          0.0944057        7.89268e-06        3.10273e-10         2.5543e-11        2.84845e-09        1.25795e-08          0.0103577           0.106188        1.15384e-08        7.72013e-09        2.16045e-11            0.73276
55         0.00139407        2.51183e-05        4.53486e-06             101325            0.18054        4.53486e-06            1857.88                  0           0.907885            317.719         6.2909e+08        0.000314914        9.25202e-05         0.00167307          0.0499505         0.00394302          0.0945237        7.72108e-06        1.79732e-10        1.47624e-11        1.62498e-09        7.01673e-09          0.0100265           0.106708        1.03811e-08        4.41409e-09        1.24849e-11            0.73276
56         0.00141919        2.51183e-05        4.52555e-06             101325           0.180169        4.52555e-06            1862.32                  0           0.910714            289.687        5.93267e+08        0.000307535         8.8665e-05         0.00162674          0.0497463         0.00391276          0.0946402        7.55594e-06        1.04306e-10        8.54582e-12        9.30583e-10        3.93124e-09         0.00971897           0.107191        9.44456e-09        2.53326e-09        7.22581e-12            0.73276
57          0.0014443        2.51183e-05        4.51671e-06             101325           0.179817        4.51671e-06            1866.56                  0           0.913375             265.27         5.6007e+08        0.000300267        8.49717e-05         0.00158167          0.0495553         0.00388145          0.0947549        7.39675e-06        6.06411e-11        4.95503e-12        5.34857e-10        2.21199e-09         0.00943216           0.107642        8.65797e-09        1.46005e-09         4.1883e-12            0.73276
58         0.00146942        2.51183e-05        4.50831e-06             101325           0.179483        4.50831e-06            1870.61                  0           0.915885             243.92        5.29262e+08        0.000293128        8.14396e-05          0.0015379          0.0493761         0.00384932          0.0948674        7.24307e-06        3.53158e-11        2.87756e-12        3.08468e-10        1.24977e-09         0.00916353           0.108064        7.97854e-09        8.45889e-10        2.43129e-12            0.73276
59         0.00149454        2.51183e-05         4.5003e-06             101325           0.179164         4.5003e-06            1874.48                  0           0.918261            225.172        5.00632e+08        0.000286133        7.80659e-05         0.00149546          0.0492074         0.00381654          0.0949775        7.09451e-06        2.06015e-11        1.67373e-12        1.78482e-10        7.08942e-10         0.00891091           0.108461         7.3797e-09        4.93388e-10        1.41349e-12            0.73276
60         0.00151966        2.51183e-05        4.49267e-06             101325            0.17886        4.49267e-06            1878.19                  0           0.920517            208.638        4.73985e+08        0.000279292        7.48464e-05         0.00145434          0.0490481         0.00378329          0.0950851        6.95073e-06        1.20377e-11        9.75056e-13        1.03591e-10        4.03701e-10         0.00867247           0.108836        6.84437e-09        2.90452e-10         8.2304e-13            0.73276
61         0.00154478        2.51183e-05        4.48538e-06             101325            0.17857        4.48538e-06            1881.74                  0           0.922665            193.992        4.49151e+08         0.00027261        7.17761e-05         0.00141454          0.0488973         0.00374969          0.0951902        6.81143e-06        7.04535e-12        5.68934e-13        6.03031e-11         2.3074e-10         0.00844661           0.109191        6.36101e-09        1.73238e-10        4.80006e-13            0.73276
62          0.0015699        2.51183e-05        4.47841e-06             101325           0.178292        4.47841e-06            1885.16                  0           0.924715            180.958        4.25971e+08        0.000266091         6.8849e-05         0.00137602          0.0487542         0.00371585          0.0952926        6.67632e-06        4.13022e-12          3.325e-13        3.52039e-11        1.32357e-10         0.00823197           0.109528        5.92149e-09        1.05284e-10         2.8042e-13            0.73276
63         0.00159501        2.51183e-05        4.47174e-06             101325           0.178027        4.47174e-06            1888.44                  0           0.926675            169.303        4.04304e+08        0.000259738        6.60589e-05         0.00133877           0.048618         0.00368186          0.0953924        6.54516e-06        2.42527e-12         1.9464e-13        2.06081e-11        7.61876e-11         0.00802738           0.109849        5.51979e-09        6.57098e-11        1.64121e-13            0.73276
64         0.00162013        2.51183e-05        4.46535e-06             101325           0.177772        4.46535e-06            1891.59                  0           0.928556            158.833        3.84021e+08        0.000253548        6.33994e-05         0.00130274          0.0484881          0.0036478          0.0954896        6.41771e-06        1.42651e-12         1.1413e-13        1.20961e-11        4.40041e-11         0.00783183           0.110157        5.15122e-09        4.25306e-11        9.62494e-14            0.73276
65         0.00164525        2.51183e-05        4.45921e-06             101325           0.177528        4.45921e-06            1894.63                  0           0.930362            149.382        3.65009e+08         0.00024752         6.0864e-05          0.0012679          0.0483639         0.00361372          0.0955843        6.29375e-06        8.40491e-13        6.70368e-14        7.11851e-12        2.54997e-11         0.00764443           0.110451        4.81204e-09        2.88485e-11         5.6575e-14            0.73276
66         0.00167037        2.51183e-05        4.45332e-06             101325           0.177293        4.45332e-06            1897.56                  0           0.932101            140.812        3.47161e+08        0.000241653        5.84462e-05          0.0012342           0.048245         0.00357968          0.0956765         6.1731e-06        4.96076e-13        3.94451e-14        4.19997e-12        1.48244e-11         0.00746442           0.110734        4.49912e-09        2.06845e-11        3.33439e-14            0.73276
67         0.00169549        2.51183e-05        4.44765e-06             101325           0.177068        4.44765e-06            1900.38                  0           0.933777            133.004        3.30383e+08         0.00023594        5.61397e-05         0.00120159           0.048131         0.00354572          0.0957662        6.05557e-06        2.93318e-13        2.32521e-14         2.4843e-12        8.64553e-12         0.00729113           0.111006        4.20984e-09        1.57377e-11        1.97161e-14            0.73276
68         0.00172061        2.51183e-05        4.44219e-06             101325            0.17685        4.44219e-06            1903.11                  0           0.935396            125.859        3.14589e+08         0.00023038        5.39384e-05         0.00117003          0.0480214         0.00351186          0.0958537        5.94099e-06         1.7375e-13        1.37323e-14        1.47317e-12        5.05771e-12         0.00712397           0.111269         3.9419e-09        1.26742e-11        1.17059e-14            0.73276
69         0.00174573        2.51183e-05        4.43692e-06             101325           0.176641        4.43692e-06            1905.75                  0           0.936963            119.292        2.99703e+08        0.000224966        5.18364e-05         0.00113948          0.0479158         0.00347813          0.0959388        5.82919e-06        1.03117e-13         8.1257e-15        8.75763e-13        2.96787e-12         0.00696242           0.111523        3.69334e-09         1.0719e-11        6.98714e-15            0.73276
70         0.00177084        2.51183e-05        4.43185e-06             101325           0.176439        4.43185e-06             1908.3                  0           0.938481            113.231        2.85655e+08        0.000219694        4.98281e-05         0.00110988          0.0478141         0.00344454          0.0960217        5.72003e-06        6.13164e-14        4.81769e-15        5.21919e-13        1.74681e-12         0.00680602           0.111769        3.46239e-09        9.42034e-12        4.20032e-15            0.73276
71         0.00179596        2.51183e-05        4.42694e-06             101325           0.176243        4.42694e-06            1910.77                  0           0.939953            107.616        2.72379e+08        0.000214559        4.79083e-05         0.00108121          0.0477158         0.00341111          0.0961026        5.61337e-06        3.65331e-14        2.86222e-15        3.11821e-13        1.03121e-12         0.00665438           0.112007        3.24752e-09        8.51429e-12        2.54955e-15            0.73276
72         0.00182108        2.51183e-05         4.4222e-06             101325           0.176055         4.4222e-06            1913.17                  0           0.941383            102.394         2.5982e+08        0.000209556        4.60717e-05          0.0010534          0.0476209         0.00337784          0.0961815        5.50907e-06        2.18115e-14        1.70403e-15        1.86765e-13        6.10568e-13         0.00650713           0.112238        3.04735e-09        7.84603e-12        1.56816e-15            0.73276
73          0.0018462        2.51183e-05        4.41761e-06             101325           0.175872        4.41761e-06             1915.5                  0           0.942773            97.5204        2.47924e+08        0.000204678        4.43137e-05         0.00102642          0.0475289         0.00334474          0.0962584        5.40703e-06        1.30495e-14        1.01669e-15        1.12145e-13        3.62579e-13         0.00636394           0.112463        2.86063e-09         7.3244e-12        9.82038e-16            0.73276
74         0.00187132        2.51183e-05        4.41317e-06             101325           0.175695        4.41317e-06            1917.76                  0           0.944127            92.9577        2.36643e+08        0.000199922        4.26298e-05         0.00100024          0.0474398         0.00331181          0.0963335        5.30711e-06        7.82423e-15        6.07934e-16          6.751e-14        2.15946e-13         0.00622454           0.112682        2.68628e-09        6.89543e-12        6.29897e-16            0.73276
75         0.00189644        2.51183e-05        4.40886e-06             101325           0.175524        4.40886e-06            1919.95                  0           0.945446            88.6727        2.25935e+08        0.000195282        4.10159e-05         0.00097481          0.0473534         0.00327905          0.0964068        5.20922e-06        4.70165e-15        3.64345e-16        4.07445e-14        1.28991e-13         0.00608866           0.112896         2.5233e-09        6.52699e-12        4.16651e-16            0.73276
76         0.00192155        2.51183e-05        4.40468e-06             101325           0.175357        4.40468e-06            1922.09                  0           0.946733            84.6373         2.1576e+08        0.000190754        3.94679e-05        0.000950098          0.0472694         0.00324646          0.0964785        5.11325e-06        2.83169e-15        2.18867e-16        2.46545e-14        7.72756e-14         0.00595607           0.113104        2.37078e-09        6.19976e-12        2.86125e-16            0.73276
77         0.00194667        2.51183e-05        4.40062e-06             101325           0.175196        4.40062e-06            1924.16                  0            0.94799            80.8271        2.06082e+08        0.000186332        3.79823e-05        0.000926068          0.0471878         0.00321402          0.0965486        5.01912e-06        1.70946e-15        1.31791e-16        1.49576e-14        4.64296e-14         0.00582657           0.113308        2.22793e-09        5.90196e-12        2.05065e-16            0.73276
78         0.00197179        2.51183e-05        4.39668e-06             101325           0.175039        4.39668e-06            1926.19                  0           0.949218            77.2211        1.96868e+08        0.000182012        3.65556e-05         0.00090269          0.0471084         0.00318175          0.0966171        4.92672e-06        1.03447e-15        7.95537e-17         9.0988e-15        2.79781e-14         0.00569997           0.113507        2.09401e-09        5.62635e-12        1.53734e-16            0.73276
79         0.00199691        2.51183e-05        4.39284e-06             101325           0.174886        4.39284e-06            1928.16                  0           0.950419            73.8009        1.88089e+08         0.00017779        3.51845e-05        0.000879932          0.0470311         0.00314962          0.0966843        4.83598e-06        6.27563e-16        4.81433e-17        5.54985e-15        1.69089e-14         0.00557609           0.113701        1.96837e-09        5.36831e-12        1.20386e-16            0.73276
80         0.00202203        2.51183e-05        4.38911e-06             101325           0.174737        4.38911e-06            1930.08                  0           0.951594            70.5506        1.79716e+08        0.000173661        3.38662e-05        0.000857765          0.0469558         0.00311763            0.09675        4.74683e-06        3.81696e-16        2.92112e-17        3.39451e-15        1.02492e-14         0.00545478           0.113892         1.8504e-09        5.12487e-12        9.80116e-17            0.73276
81         0.00204715        2.51183e-05        4.38547e-06             101325           0.174593        4.38547e-06            1931.96                  0           0.952746            67.4564        1.71724e+08        0.000169622         3.2598e-05        0.000836162          0.0468823         0.00308578          0.0968144        4.65919e-06        2.32783e-16        1.77724e-17        2.08209e-15        6.23083e-15         0.00533591           0.114079        1.73956e-09        4.89401e-12        8.24112e-17            0.73276
82         0.00207226        2.51183e-05        4.38193e-06             101325           0.174451        4.38193e-06             1933.8                  0           0.953874            64.5061        1.64091e+08        0.000165669        3.13771e-05        0.000815098          0.0468106         0.00305406          0.0968775          4.573e-06        1.42371e-16        1.08439e-17        1.28081e-15        3.79919e-15         0.00521934           0.114262        1.63535e-09        4.67432e-12        7.10576e-17            0.73276
83         0.00209738        2.51183e-05        4.37848e-06             101325           0.174314        4.37848e-06            1935.59                  0           0.954981             61.689        1.56796e+08        0.000161798        3.02013e-05         0.00079455          0.0467406         0.00302245          0.0969394         4.4882e-06        8.73397e-17        6.63659e-18        7.90285e-16        2.32346e-15         0.00510497           0.114441        1.53731e-09        4.46475e-12        6.24216e-17            0.73276
84          0.0021225        2.51183e-05        4.37511e-06             101325            0.17418        4.37511e-06            1937.34                  0           0.956067            58.9957        1.49819e+08        0.000158007        2.90682e-05        0.000774494          0.0466722         0.00299096          0.0970002        4.40472e-06        5.37577e-17        4.07494e-18        4.89166e-16        1.42523e-15         0.00499268           0.114618        1.44504e-09        4.26449e-12        5.55715e-17            0.73276
85         0.00214762        2.51183e-05        4.37182e-06             101325           0.174049        4.37182e-06            1939.06                  0           0.957134             56.418        1.43142e+08        0.000154292         2.7976e-05        0.000754911          0.0466054         0.00295957          0.0970599        4.32253e-06        3.32098e-17        2.51104e-18        3.03801e-16        8.76909e-16         0.00488239           0.114791        1.35815e-09        4.07292e-12        4.99342e-17            0.73276
86         0.00217274        2.51183e-05         4.3686e-06             101325           0.173921         4.3686e-06            1940.74                  0           0.958181            53.9485         1.3675e+08        0.000150651        2.69226e-05        0.000735781          0.0465401         0.00292828          0.0971185        4.24158e-06        2.06021e-17        1.55357e-18        1.89365e-16        5.41201e-16         0.00477402           0.114961         1.2763e-09        3.88948e-12        4.51527e-17            0.73276
87         0.00219786        2.51183e-05        4.36546e-06             101325           0.173796        4.36546e-06            1942.38                  0            0.95921            51.5806        1.30627e+08         0.00014708        2.59064e-05        0.000717087          0.0464761         0.00289707          0.0971761        4.16181e-06        1.28436e-17        9.65634e-19        1.18507e-16        3.35054e-16         0.00466748           0.115129        1.19918e-09        3.71372e-12        4.10014e-17            0.73276
88         0.00222297        2.51183e-05        4.36239e-06             101325           0.173673        4.36239e-06            1943.99                  0           0.960222            49.3086        1.24759e+08        0.000143578        2.49255e-05        0.000698811          0.0464136         0.00286595          0.0972328        4.08321e-06        8.05412e-18        6.03479e-19        7.44988e-17        2.08089e-16         0.00456271           0.115293        1.12647e-09        3.54523e-12        3.73341e-17            0.73276
89         0.00224809        2.51183e-05        4.35939e-06             101325           0.173554        4.35939e-06            1945.56                  0           0.961217            47.1273        1.19134e+08        0.000140142        2.39787e-05        0.000680939          0.0463524         0.00283491          0.0972885        4.00573e-06        5.08744e-18        3.79641e-19        4.70777e-17        1.29656e-16         0.00445965           0.115455        1.05793e-09        3.38365e-12         3.4054e-17            0.73276
90         0.00227321        2.51183e-05        4.35645e-06             101325           0.173437        4.35645e-06            1947.11                  0           0.962196             45.032         1.1374e+08         0.00013677        2.30643e-05        0.000663457          0.0462925         0.00280394          0.0973433        3.92934e-06        3.24286e-18        2.40776e-19        2.99337e-17        8.10566e-17         0.00435824           0.115615        9.93295e-10        3.22865e-12        3.10946e-17            0.73276
91         0.00229833        2.51183e-05        4.35357e-06             101325           0.173322        4.35357e-06            1948.63                  0           0.963159            43.0186        1.08566e+08         0.00013346        2.21811e-05        0.000646351          0.0462338         0.00277304          0.0973972        3.85402e-06        2.09103e-18        1.54264e-19        1.91754e-17        5.08501e-17         0.00425844           0.115772        9.32338e-10        3.07994e-12        2.84086e-17            0.73276
92         0.00232345        2.51183e-05        4.35076e-06             101325            0.17321        4.35076e-06            1950.11                  0           0.964107            41.0832        1.03601e+08        0.000130211         2.1328e-05         0.00062961          0.0461764         0.00274221          0.0974503        3.77974e-06        1.36817e-18        1.00108e-19        1.23968e-17        3.20171e-17          0.0041602           0.115926        8.74848e-10        2.93724e-12        2.59608e-17            0.73276
93         0.00234857        2.51183e-05          4.348e-06             101325             0.1731          4.348e-06            1951.57                  0           0.965041            39.2225        9.88374e+07         0.00012702        2.05037e-05        0.000613223          0.0461201         0.00271143          0.0975025         3.7065e-06        9.11782e-19        6.60125e-20        8.10635e-18         2.0238e-17         0.00406348           0.116078        8.20626e-10         2.8003e-12        2.37241e-17            0.73276
94         0.00237368        2.51183e-05         4.3453e-06             101325           0.172993         4.3453e-06               1953                  0           0.965959            37.4333        9.42655e+07        0.000123888        1.97072e-05         0.00059718           0.046065         0.00268072           0.097554        3.63427e-06        6.21509e-19        4.43982e-20        5.37636e-18        1.28467e-17         0.00396827           0.116227         7.6949e-10        2.66889e-12        2.16768e-17            0.73276
95          0.0023988        2.51183e-05        4.34265e-06             101325           0.172888        4.34265e-06            1954.41                  0           0.966864            35.7127        8.98774e+07        0.000120812        1.89375e-05        0.000581472          0.0460111         0.00265006          0.0976047        3.56304e-06        4.35185e-19        3.05796e-20        3.62851e-18        8.19336e-18         0.00387452           0.116375        7.21268e-10        2.54279e-12        1.98008e-17            0.73276
96         0.00242392        2.51183e-05        4.34006e-06             101325           0.172784        4.34006e-06            1955.79                  0           0.967755            34.0583        8.56658e+07         0.00011779        1.81937e-05        0.000566091          0.0459582         0.00261947          0.0976546         3.4928e-06        3.14195e-19        2.16512e-20         2.5011e-18        5.25358e-18         0.00378221            0.11652        6.75801e-10        2.42179e-12        1.80807e-17            0.73276
97         0.00244904        2.51183e-05        4.33751e-06             101325           0.172683        4.33751e-06            1957.14                  0           0.968632            32.4675        8.16234e+07        0.000114824         1.7475e-05        0.000551029          0.0459065         0.00258893          0.0977038        3.42355e-06        2.34477e-19         1.5806e-20        1.76725e-18        3.38963e-18         0.00369133           0.116663         6.3294e-10        2.30572e-12        1.65031e-17            0.73276
98         0.00247416        2.51183e-05        4.33502e-06             101325           0.172584        4.33502e-06            1958.47                  0           0.969495            30.9382        7.77439e+07         0.00011191        1.67805e-05        0.000536279          0.0458558         0.00255845          0.0977522        3.35529e-06        1.80987e-19        1.19162e-20        1.28417e-18        2.20325e-18         0.00360185           0.116803        5.92544e-10        2.19438e-12         1.5056e-17            0.73276
99         0.00249928        2.51183e-05        4.33258e-06             101325           0.172487        4.33258e-06            1959.77                  0           0.970346            29.4683        7.40209e+07        0.000109049        1.61096e-05        0.000521836          0.0458063         0.00252803             0.0978        3.28802e-06        1.44291e-19         9.2752e-21        9.61752e-19        1.44501e-18         0.00351378           0.116942        5.54484e-10         2.0876e-12        1.37289e-17            0.73276
100         0.00252439        2.51183e-05        4.33018e-06             101325           0.172391        4.33018e-06            1961.05                  0           0.971183            28.0558        7.04489e+07        0.000106241        1.54614e-05        0.000507693          0.0457577         0.00249767           0.097847        3.22173e-06        1.18445e-19          7.439e-21         7.4288e-19         9.5819e-19         0.00342709           0.117078        5.18636e-10        1.98524e-12        1.25122e-17            0.73276
101         0.00254951        2.51183e-05        4.32784e-06             101325           0.172298        4.32784e-06            1962.31                  0           0.972008             26.699        6.70222e+07        0.000103483        1.48353e-05        0.000493846          0.0457102         0.00246739          0.0978934        3.15643e-06        9.96906e-20        6.12702e-21        5.91249e-19        6.44026e-19         0.00334178           0.117212        4.84884e-10        1.88714e-12        1.13969e-17            0.73276
102         0.00257463        2.51183e-05        4.32554e-06             101325           0.172206        4.32554e-06            1963.54                  0           0.972819            25.3961        6.37358e+07        0.000100777        1.42308e-05        0.000480291          0.0456638         0.00243718           0.097939        3.09213e-06        8.56371e-20        5.16113e-21        4.83675e-19         4.4009e-19         0.00325784           0.117344        4.53117e-10        1.79316e-12        1.03752e-17            0.73276
103         0.00259975        2.51183e-05        4.32328e-06             101325           0.172116        4.32328e-06            1964.75                  0           0.973618            24.1456        6.05848e+07        9.81208e-05        1.36471e-05        0.000467023          0.0456184         0.00240704           0.097984        3.02884e-06        7.47562e-20        4.42755e-21        4.05287e-19        3.06794e-19         0.00317529           0.117473        4.23234e-10        1.70315e-12        9.43958e-18            0.73276
104         0.00262487        2.51183e-05        4.32107e-06             101325           0.172028        4.32107e-06            1965.94                  0           0.974403            22.9458        5.75646e+07         9.5515e-05        1.30838e-05        0.000454038           0.045574         0.00237699          0.0980283        2.96656e-06        6.60632e-20        3.85308e-21        3.46497e-19         2.1895e-19          0.0030941           0.117601        3.95135e-10        1.61699e-12        8.58333e-18            0.73276
105         0.00264999        2.51183e-05        4.31891e-06             101325           0.171942        4.31891e-06            1967.11                  0           0.975176            21.7953        5.46707e+07        9.29592e-05        1.25403e-05        0.000441334          0.0455306         0.00234703          0.0980719        2.90532e-06        5.89179e-20        3.39018e-21        3.01084e-19        1.60482e-19         0.00301429           0.117726        3.68728e-10        1.53456e-12        7.80018e-18            0.73276
106          0.0026751        2.51183e-05        4.31678e-06             101325           0.171858        4.31678e-06            1968.25                  0           0.975936            20.6926        5.18989e+07        9.04532e-05        1.20161e-05        0.000428908          0.0454883         0.00231717          0.0981148        2.84511e-06        5.28995e-20        3.00766e-21        2.64982e-19        1.21093e-19         0.00293586            0.11785        3.43924e-10        1.45572e-12        7.08434e-18            0.73276
107         0.00270022        2.51183e-05        4.31471e-06             101325           0.171775        4.31471e-06            1969.37                  0           0.976683            19.6364        4.92453e+07        8.79968e-05        1.15106e-05        0.000416757          0.0454469         0.00228742          0.0981571        2.78597e-06        4.77276e-20        2.68474e-21        2.35511e-19        9.41652e-20         0.00285882           0.117971        3.20639e-10        1.38037e-12        6.43048e-18            0.73276
108         0.00272534        2.51183e-05        4.31267e-06             101325           0.171694        4.31267e-06            1970.47                  0           0.977417            18.6254        4.67058e+07        8.55898e-05        1.10235e-05        0.000404879          0.0454066         0.00225779          0.0981987        2.72789e-06         4.3212e-20        2.40739e-21        2.10885e-19        7.54294e-20         0.00278317           0.118089        2.98794e-10        1.30839e-12        5.83365e-18            0.73276
109         0.00275046        2.51183e-05        4.31068e-06             101325           0.171615        4.31068e-06            1971.55                  0           0.978139            17.6581        4.42769e+07        8.32322e-05        1.05542e-05        0.000393271          0.0453672         0.00222828          0.0982397         2.6709e-06        3.92212e-20        2.16591e-21        1.89898e-19        6.21198e-20         0.00270891           0.118206        2.78312e-10        1.23966e-12        5.28927e-18            0.73276
110         0.00277558        2.51183e-05        4.30873e-06             101325           0.171537        4.30873e-06            1972.61                  0           0.978847            16.7333        4.19548e+07         8.0924e-05        1.01023e-05        0.000381932          0.0453289         0.00219892          0.0982799        2.61502e-06        3.56619e-20        1.95345e-21        1.71724e-19        5.24373e-20         0.00263606           0.118321        2.59121e-10        1.17409e-12        4.79312e-18            0.73276
111          0.0028007        2.51183e-05        4.30682e-06             101325           0.171461        4.30682e-06            1973.64                  0           0.979543            15.8499        3.97361e+07        7.86651e-05        9.66737e-06         0.00037086          0.0452915          0.0021697          0.0983195        2.56026e-06         3.2466e-20        1.76504e-21        1.55784e-19        4.52063e-20         0.00256462           0.118433        2.41151e-10        1.11157e-12        4.34126e-18            0.73276
112         0.00282581        2.51183e-05        4.30495e-06             101325           0.171387        4.30495e-06            1974.65                  0           0.980225            15.0064        3.76175e+07        7.64556e-05          9.249e-06        0.000360053          0.0452552         0.00214065          0.0983584        2.50663e-06        2.95825e-20        1.59699e-21        1.41666e-19        3.96541e-20          0.0024946           0.118543        2.24336e-10          1.052e-12        3.93007e-18            0.73276
113         0.00285093        2.51183e-05        4.30313e-06             101325           0.171314        4.30313e-06            1975.65                  0           0.980894            14.2018        3.55956e+07        7.42954e-05        8.84677e-06        0.000349511          0.0452198         0.00211177          0.0983967        2.45417e-06        2.69718e-20        1.44643e-21        1.29068e-19        3.52699e-20         0.00242601           0.118651        2.08614e-10        9.95264e-13        3.55618e-18            0.73276
114         0.00287605        2.51183e-05        4.30134e-06             101325           0.171243        4.30134e-06            1976.62                  0            0.98155            13.4348        3.36672e+07        7.21846e-05        8.46026e-06        0.000339231          0.0451854         0.00208309          0.0984342        2.40287e-06        2.46023e-20        1.31113e-21        1.17762e-19        3.17137e-20         0.00235886           0.118756        1.93923e-10         9.4128e-13        3.21648e-18            0.73276
115         0.00290117        2.51183e-05         4.2996e-06             101325           0.171174         4.2996e-06            1977.56                  0           0.982192            12.7042        3.18292e+07        7.01232e-05        8.08907e-06        0.000329212           0.045152         0.00205461          0.0984711        2.35276e-06        2.24481e-20        1.18926e-21        1.07573e-19        2.87572e-20         0.00229315           0.118859        1.80206e-10        8.89948e-13         2.9081e-18            0.73276
116         0.00292629        2.51183e-05         4.2979e-06             101325           0.171106         4.2979e-06            1978.49                  0           0.982821            12.0089        3.00786e+07        6.81112e-05        7.73283e-06        0.000319453          0.0451196         0.00202635          0.0985072        2.30386e-06        2.04874e-20        1.07931e-21        9.83619e-20        2.62455e-20          0.0022289            0.11896        1.67409e-10        8.41173e-13        2.62837e-18            0.73276
117         0.00295141        2.51183e-05        4.29624e-06             101325            0.17104        4.29624e-06             1979.4                  0           0.983436            11.3477        2.84124e+07        6.61486e-05        7.39113e-06        0.000309953          0.0450882         0.00199833          0.0985427        2.25619e-06        1.87016e-20        9.79989e-22        9.00154e-20        2.40724e-20         0.00216612           0.119059        1.55478e-10        7.94863e-13        2.37483e-18            0.73276
118         0.00297652        2.51183e-05        4.29462e-06             101325           0.170975        4.29462e-06            1980.28                  0           0.984038            10.7195        2.68278e+07        6.42356e-05        7.06361e-06        0.000300711          0.0450577         0.00197056          0.0985775        2.20974e-06        1.70744e-20        8.90197e-22        8.24392e-20         2.2164e-20          0.0021048           0.119155        1.44363e-10        7.50927e-13        2.14523e-18            0.73276
119         0.00300164        2.51183e-05        4.29304e-06             101325           0.170912        4.29304e-06            1981.15                  0           0.984627            10.1231        2.53218e+07         6.2372e-05        6.74988e-06        0.000291724          0.0450282         0.00194305          0.0986115        2.16455e-06        1.55913e-20        8.08971e-22        7.55534e-20        2.04679e-20         0.00204496           0.119249        1.34016e-10        7.09277e-13        1.93745e-18            0.73276
120         0.00302676        2.51183e-05         4.2915e-06             101325           0.170851         4.2915e-06            1981.99                  0           0.985201             9.5574        2.38917e+07        6.05578e-05        6.44956e-06        0.000282993          0.0449997         0.00191584          0.0986448        2.12062e-06        1.42395e-20        7.35465e-22         6.9289e-20        1.89463e-20         0.00198661           0.119341        1.24392e-10        6.69825e-13        1.74957e-18            0.73276
121         0.00305188        2.51183e-05           4.29e-06             101325           0.170791           4.29e-06            1982.81                  0           0.985762            9.02136        2.25347e+07        5.87932e-05        6.16231e-06        0.000274515          0.0449721         0.00188893          0.0986775        2.07796e-06        1.30075e-20        6.68926e-22        6.35858e-20        1.75714e-20         0.00192974            0.11943        1.15448e-10        6.32485e-13        1.57982e-18            0.73276
122           0.003077        2.51183e-05        4.28854e-06             101325           0.170733        4.28854e-06            1983.61                  0           0.986309            8.51389        2.12483e+07         5.7078e-05        5.88774e-06        0.000266289          0.0449454         0.00186234          0.0987093        2.03659e-06        1.18848e-20        6.08686e-22        5.83908e-20        1.63223e-20         0.00187438           0.119517        1.07141e-10        5.97174e-13        1.42657e-18            0.73276
123         0.00310212        2.51183e-05        4.28712e-06             101325           0.170677        4.28712e-06            1984.39                  0           0.986842            8.03392        2.00298e+07        5.54121e-05         5.6255e-06        0.000258315          0.0449197         0.00183609          0.0987405        1.99651e-06        1.08619e-20        5.54143e-22        5.36567e-20        1.51826e-20         0.00182051           0.119602        9.94322e-11         5.6381e-13         1.2883e-18            0.73276
124         0.00312723        2.51183e-05        4.28574e-06             101325           0.170622        4.28574e-06            1985.14                  0           0.987361            7.58043        1.88767e+07        5.37957e-05        5.37524e-06         0.00025059          0.0448949         0.00181021          0.0987709        1.95773e-06        9.93028e-21        5.04757e-22        4.93413e-20        1.41394e-20         0.00176815           0.119684        9.22844e-11        5.32312e-13        1.16365e-18            0.73276
125         0.00315235        2.51183e-05        4.28441e-06             101325           0.170569        4.28441e-06            1985.88                  0           0.987865             7.1524        1.77865e+07        5.22285e-05        5.13661e-06        0.000243113          0.0448711         0.00178471          0.0988006        1.92026e-06          9.082e-21        4.60041e-22        4.54067e-20        1.31824e-20          0.0017173           0.119764         8.5662e-11        5.02603e-13        1.05135e-18            0.73276
126         0.00317747        2.51183e-05        4.28311e-06             101325           0.170517        4.28311e-06            1986.59                  0           0.988356            6.74886        1.67568e+07        5.07105e-05        4.90927e-06        0.000235884          0.0448481         0.00175961          0.0988295        1.88409e-06        8.30989e-21        4.19558e-22        4.18188e-20        1.23028e-20         0.00166796           0.119841        7.95312e-11        4.74606e-13        9.50245e-19            0.73276
127         0.00320259        2.51183e-05        4.28185e-06             101325           0.170467        4.28185e-06            1987.28                  0           0.988833            6.36886        1.57853e+07        4.92417e-05        4.69287e-06          0.0002289           0.044826         0.00173493          0.0988576        1.84924e-06        7.60737e-21        3.82911e-22        3.85466e-20        1.14933e-20         0.00162014           0.119917        7.38602e-11        4.48246e-13         8.5928e-19            0.73276
128         0.00322771        2.51183e-05        4.28063e-06             101325           0.170418        4.28063e-06            1987.95                  0           0.989295            6.01145        1.48697e+07         4.7822e-05         4.4871e-06         0.00022216          0.0448049          0.0017107           0.098885        1.81571e-06        6.96844e-21         3.4974e-22        3.55624e-20        1.07476e-20         0.00157383           0.119989        6.86189e-11        4.23453e-13         7.7749e-19            0.73276
129         0.00325283        2.51183e-05        4.27945e-06             101325           0.170372        4.27945e-06             1988.6                  0           0.989743            5.67577        1.40078e+07        4.64512e-05        4.29162e-06        0.000215664          0.0447846         0.00168694          0.0989116        1.78348e-06        6.38761e-21        3.19722e-22        3.28407e-20        1.00601e-20         0.00152905            0.12006        6.37787e-11        4.00156e-13        7.03996e-19            0.73276
130         0.00327794        2.51183e-05        4.27831e-06             101325           0.170326        4.27831e-06            1989.23                  0           0.990177            5.36093        1.31975e+07        4.51293e-05        4.10612e-06        0.000209409          0.0447651         0.00166367          0.0989374        1.75257e-06        5.85984e-21        2.92564e-22        3.03587e-20        9.42619e-21          0.0014858           0.120128         5.9313e-11        3.78287e-13        6.37997e-19            0.73276
131         0.00330306        2.51183e-05        4.27721e-06             101325           0.170282        4.27721e-06            1989.84                  0           0.990596            5.06613        1.24366e+07        4.38563e-05        3.93029e-06        0.000203394          0.0447465         0.00164092          0.0989624        1.72297e-06        5.38055e-21        2.67999e-22        2.80955e-20        8.84139e-21         0.00144407           0.120193        5.51965e-11        3.57783e-13        5.78766e-19            0.73276
132         0.00332818        2.51183e-05        4.27615e-06             101325            0.17024        4.27615e-06            1990.42                  0           0.991001            4.79057        1.17233e+07        4.26321e-05        3.76385e-06        0.000197619          0.0447288         0.00161871          0.0989866        1.69468e-06        4.94553e-21        2.45789e-22        2.60324e-20        8.30191e-21         0.00140388           0.120256        5.14056e-11         3.3858e-13        5.25642e-19            0.73276
133          0.0033533        2.51183e-05        4.27513e-06             101325             0.1702        4.27513e-06            1990.98                  0           0.991391             4.5335        1.10556e+07        4.14566e-05         3.6065e-06        0.000192083          0.0447119         0.00159707            0.09901        1.66768e-06        4.55095e-21        2.25714e-22        2.41522e-20        7.80431e-21         0.00136522           0.120317        4.79181e-11         3.2062e-13        4.78026e-19            0.73276
134         0.00337842        2.51183e-05        4.27415e-06             101325           0.170161        4.27415e-06            1991.53                  0           0.991766            4.29421        1.04317e+07        4.03299e-05        3.45797e-06        0.000186784          0.0446958         0.00157603          0.0990325        1.64198e-06        4.19331e-21         2.0758e-22        2.24395e-20        7.34547e-21         0.00132811           0.120375        4.47134e-11        3.03844e-13        4.35378e-19            0.73276
135         0.00340354        2.51183e-05        4.27322e-06             101325           0.170123        4.27322e-06            1992.04                  0           0.992127            4.07203        9.84992e+06        3.92522e-05          3.318e-06        0.000181723          0.0446805         0.00155562          0.0990542        1.61757e-06        3.86943e-21        1.91208e-22        2.08801e-20        6.92259e-21         0.00129255           0.120431        4.17721e-11        2.88199e-13        3.97206e-19            0.73276
136         0.00342865        2.51183e-05        4.27232e-06             101325           0.170088        4.27232e-06            1992.54                  0           0.992473            3.86632        9.30854e+06        3.82234e-05        3.18635e-06          0.0001769           0.044666         0.00153586          0.0990751        1.59443e-06        3.57641e-21        1.76439e-22        1.94615e-20        6.53315e-21         0.00125855           0.120485        3.90764e-11        2.73633e-13        3.63072e-19            0.73276
137         0.00345377        2.51183e-05        4.27146e-06             101325           0.170053        4.27146e-06            1993.01                  0           0.992804            3.67648        8.80601e+06        3.72438e-05        3.06278e-06        0.000172313          0.0446524          0.0015168          0.0990951        1.57257e-06        3.31161e-21        1.63128e-22        1.81721e-20        6.17487e-21         0.00122613           0.120535        3.66097e-11        2.60099e-13        3.32576e-19            0.73276
138         0.00347889        2.51183e-05        4.27065e-06             101325           0.170021        4.27065e-06            1993.47                  0           0.993119            3.50195        8.34088e+06        3.63137e-05         2.9471e-06        0.000167965          0.0446394         0.00149847          0.0991141        1.55198e-06        3.07264e-21        1.51147e-22        1.70016e-20        5.84569e-21          0.0011953           0.120584        3.43566e-11        2.47551e-13        3.05365e-19            0.73276
139         0.00350401        2.51183e-05        4.26987e-06             101325            0.16999        4.26987e-06            1993.89                  0           0.993419             3.3422        7.91175e+06        3.54335e-05         2.8391e-06        0.000163856          0.0446273          0.0014809          0.0991323        1.53264e-06        2.85737e-21        1.40377e-22        1.59408e-20        5.54379e-21         0.00116608            0.12063        3.23031e-11        2.35948e-13        2.81118e-19            0.73276
140         0.00352913        2.51183e-05        4.26914e-06             101325           0.169961        4.26914e-06             1994.3                  0           0.993704            3.19673        7.51732e+06        3.46037e-05        2.73863e-06        0.000159988          0.0446159         0.00146414          0.0991495        1.51456e-06        2.66384e-21        1.30716e-22        1.49812e-20        5.26752e-21         0.00113849           0.120673        3.04363e-11        2.25252e-13        2.59551e-19            0.73276
141         0.00355425        2.51183e-05        4.26845e-06             101325           0.169934        4.26845e-06            1994.68                  0           0.993972            3.06507        7.15638e+06         3.3825e-05        2.64552e-06        0.000156363          0.0446054         0.00144823          0.0991657        1.49774e-06        2.49033e-21        1.22071e-22        1.41157e-20        5.01545e-21         0.00111257           0.120714        2.87447e-11        2.15428e-13        2.40413e-19            0.73276
142         0.00357936        2.51183e-05        4.26781e-06             101325           0.169908        4.26781e-06            1995.03                  0           0.994225            2.94675        6.82778e+06        3.30981e-05        2.55967e-06        0.000152984          0.0445955         0.00143322          0.0991809        1.48216e-06        2.33528e-21        1.14359e-22        1.33375e-20        4.78631e-21         0.00108834           0.120752        2.72178e-11        2.06445e-13        2.23479e-19            0.73276
143         0.00360448        2.51183e-05        4.26721e-06             101325           0.169884        4.26721e-06            1995.37                  0            0.99446            2.84132        6.53047e+06        3.24243e-05        2.48099e-06        0.000149856          0.0445865         0.00141916          0.0991951        1.46783e-06        2.19733e-21        1.07509e-22         1.2641e-20        4.57902e-21         0.00106584           0.120787        2.58464e-11        1.98279e-13        2.08553e-19            0.73276
144          0.0036296        2.51183e-05        4.26666e-06             101325           0.169862        4.26666e-06            1995.67                  0           0.994678            2.74832        6.26348e+06        3.18046e-05        2.40942e-06        0.000146983          0.0445782          0.0014061          0.0992082        1.45475e-06        2.07531e-21        1.01458e-22        1.20212e-20        4.39269e-21         0.00104513            0.12082        2.46224e-11        1.90906e-13        1.95465e-19            0.73276
145         0.00365472        2.51183e-05        4.26616e-06             101325           0.169842        4.26616e-06            1995.95                  0           0.994879            2.66729        6.02589e+06        3.12406e-05        2.34493e-06        0.000144371          0.0445707         0.00139412          0.0992201        1.44294e-06        1.96818e-21        9.61524e-23        1.14741e-20         4.2266e-21         0.00102626           0.120849        2.35389e-11        1.84309e-13         1.8407e-19            0.73276
146         0.00367984        2.51183e-05        4.26571e-06             101325           0.169824        4.26571e-06             1996.2                  0           0.995061            2.59773        5.81686e+06        3.07341e-05        2.28755e-06        0.000142029           0.044564         0.00138327          0.0992309        1.43242e-06        1.87509e-21        9.15476e-23        1.09962e-20        4.08021e-21          0.0010093           0.120876        2.25904e-11        1.78478e-13        1.74243e-19            0.73276
147         0.00370496        2.51183e-05        4.26531e-06             101325           0.169809        4.26531e-06            1996.42                  0           0.995224            2.53909        5.63559e+06        3.02873e-05        2.23736e-06        0.000139964          0.0445581         0.00137363          0.0992405        1.42319e-06        1.79538e-21        8.76078e-23        1.05849e-20        3.95319e-21        0.000994317             0.1209        2.17727e-11        1.73405e-13        1.65884e-19            0.73276
148         0.00373007        2.51183e-05        4.26497e-06             101325           0.169795        4.26497e-06            1996.61                  0           0.995367            2.49077        5.48137e+06        2.99025e-05        2.19445e-06        0.000138189           0.044553         0.00136528          0.0992487        1.41529e-06        1.72851e-21         8.4306e-23        1.02384e-20        3.84538e-21        0.000981407            0.12092        2.10827e-11        1.69091e-13        1.58915e-19            0.73276
149         0.00375519        2.51183e-05        4.26468e-06             101325           0.169784        4.26468e-06            1996.77                  0            0.99549            2.45209        5.35355e+06        2.95827e-05        2.15902e-06        0.000136714          0.0445489         0.00135831          0.0992556        1.40876e-06        1.67417e-21        8.16242e-23        9.95566e-21        3.75686e-21         0.00097067           0.120937        2.05191e-11        1.65544e-13         1.5328e-19            0.73276
150         0.00378031        2.51183e-05        4.26446e-06             101325           0.169775        4.26446e-06            1996.89                  0            0.99559            2.42235        5.25157e+06        2.93312e-05        2.13129e-06        0.000135555          0.0445456         0.00135279           0.099261        1.40365e-06         1.6322e-21        7.95538e-23        9.73657e-21         3.6879e-21        0.000962219            0.12095         2.0082e-11        1.62777e-13        1.48946e-19            0.73276
151         0.00380543        2.51183e-05         4.2643e-06             101325           0.169768         4.2643e-06            1996.98                  0           0.995667            2.40078        5.17502e+06        2.91514e-05        2.11155e-06        0.000134727          0.0445432         0.00134884          0.0992649            1.4e-06        1.60261e-21        7.80952e-23        9.58178e-21        3.63899e-21        0.000956176            0.12096         1.9773e-11        1.60813e-13        1.45901e-19            0.73276
152         0.00383055        2.51183e-05         4.2642e-06             101325           0.169764         4.2642e-06            1997.04                  0           0.995719            2.38673        5.12374e+06        2.90471e-05        2.10013e-06        0.000134247          0.0445419         0.00134654          0.0992671         1.3979e-06         1.5856e-21        7.72568e-23        9.49264e-21        3.61074e-21         0.00095267           0.120965         1.9595e-11        1.59679e-13        1.44154e-19            0.73276
