# Time 0.000855
# eta = 0.002
# length = 2.82715e-05
#--- 	  	 LEM Line data  --- 
#(1) wafer              (2) x             (3) dx              (4) m              (5) p            (6) rho              (7) m              (8) T              (9) Z             (10) C          (11) dCdt       (12) heatRel                  (13) Y_H2                  (14) Y_H                  (15) Y_O                  (16) Y_O2                  (17) Y_OH                  (18) Y_H2O                  (19) Y_HO2                  (20) Y_CH2                  (21) Y_CH2(S)                  (22) Y_CH3                  (23) Y_CH4                  (24) Y_CO                  (25) Y_CO2                  (26) Y_HCO                  (27) Y_CH2O                  (28) Y_CH2OH                  (29) Y_N2
0        1.25592e-05        2.51184e-05        2.83004e-05             101325            1.12668        2.83004e-05            301.322                  0                  0                  0       5.11713e-310        1.39158e-07        2.71391e-17        2.25715e-13           0.222485        4.01375e-12        6.48653e-05        4.99869e-08        1.30848e-16        6.80504e-18        6.24106e-07           0.044612        5.23077e-06        7.17614e-05        9.88225e-17        4.15544e-07        1.51087e-20            0.73276
1        3.76775e-05        2.51184e-05        2.82538e-05             101325            1.12483        2.82538e-05            301.819                  0        0.000649338         3.5399e-07            19.6085        1.99473e-07        4.67307e-17        2.54749e-13           0.222442        5.56225e-12        8.94325e-05         6.8334e-08        2.40323e-16         1.2524e-17        8.62303e-07          0.0446006        7.56592e-06         9.8455e-05        1.83034e-16        5.86666e-07        2.80582e-20            0.73276
2        6.27959e-05        2.51184e-05        2.81898e-05             101325            1.12228        2.81898e-05            302.503                  0        0.000859767        4.90988e-07             33.842        2.93443e-07         8.2423e-17        2.43206e-13           0.222383        7.75591e-12        0.000123493        9.30478e-08        4.65057e-16        2.43065e-17        1.19475e-06          0.0445847        1.12888e-05        0.000134798        3.58984e-16         8.4228e-07         5.5219e-20            0.73276
3        8.79143e-05        2.51184e-05        2.80962e-05             101325            1.11855        2.80962e-05            303.509                  0         0.00118368        7.26097e-07            63.1891        4.44752e-07        1.52605e-16        2.04591e-13           0.222296        1.10791e-11        0.000173874        1.28898e-07        9.36876e-16        4.91728e-17        1.68848e-06          0.0445612         1.7383e-05        0.000187747        7.35731e-16         1.2415e-06        1.13989e-19            0.73276
4        0.000113033        2.51184e-05         2.7963e-05             101325            1.11325         2.7963e-05            304.953                  0         0.00165837        1.12343e-06            122.435        6.80857e-07        2.96341e-16        1.51296e-13           0.222171        1.60392e-11        0.000246599        1.79868e-07        1.92019e-15        1.01382e-16        2.40311e-06          0.0445272        2.70394e-05        0.000262998        1.53948e-15        1.84711e-06        2.41844e-19            0.73276
5        0.000138151        2.51184e-05        2.77778e-05             101325            1.10588        2.77778e-05            306.983                  0         0.00233772        1.80558e-06            240.722        1.04112e-06        5.99342e-16        9.78827e-14           0.221995        2.34165e-11        0.000349552        2.51241e-07        3.95232e-15        2.10388e-16        3.41638e-06          0.0444788         4.1995e-05        0.000367757        3.24771e-15        2.74611e-06        5.22235e-19            0.73276
6        0.000163269        2.51184e-05        2.75257e-05             101325            1.09584        2.75257e-05            309.789                  0         0.00329085        3.00502e-06            473.066        1.58056e-06         1.2493e-15        5.51285e-14           0.221749        3.44587e-11        0.000492806        3.49992e-07        8.12283e-15        4.37193e-16          4.827e-06          0.0444115        6.47204e-05        0.000510882        6.87365e-15         4.0562e-06        1.14566e-18            0.73276
7        0.000188388        2.51184e-05        2.71904e-05             101325            1.08249        2.71904e-05            313.603                  0         0.00460449        5.17436e-06            920.453        2.37414e-06        2.66286e-15        2.68997e-14           0.221415          5.125e-11        0.000688968        4.85392e-07        1.66565e-14        9.09687e-16        6.75755e-06          0.0443189        9.86399e-05        0.000703003        1.45998e-14        5.93269e-06        2.56284e-18            0.73276
8        0.000213506        2.51184e-05        2.67544e-05             101325            1.06513        2.67544e-05            318.703                  0          0.0063851        9.21918e-06            1763.28        3.52116e-06        5.79234e-15        1.14118e-14           0.220966        7.74288e-11        0.000953456        6.69914e-07        3.41673e-14        1.90157e-15        9.35637e-06          0.0441939        0.000148367        0.000956526        3.12396e-14          8.575e-06        5.88985e-18            0.73276
9        0.000238624        2.51184e-05        2.62013e-05             101325            1.04311        2.62013e-05            325.415                  0         0.00876021        1.70081e-05             3315.7        5.14901e-06        1.28953e-14        4.38245e-15           0.220372         1.1955e-10         0.00130463        9.20567e-07        7.04057e-14        4.01261e-15        1.27981e-05          0.0440273        0.000219919          0.0012855        6.77037e-14        1.22314e-05        1.40317e-17            0.73276
10        0.000263743        2.51184e-05         2.5518e-05             101325            1.01591         2.5518e-05            334.106                  0          0.0118785        3.25141e-05            6112.11        7.41529e-06        2.95104e-14        1.97169e-15           0.219598        1.89687e-10         0.00176372        1.26086e-06        1.46341e-13         8.5863e-15         1.7282e-05          0.0438091        0.000320868          0.0017053        1.49396e-13        1.72004e-05        3.49378e-17            0.73276
11        0.000288861        2.51184e-05        2.46973e-05             101325           0.983237        2.46973e-05            345.176                  0           0.015908        6.44168e-05            11043.5        1.05072e-05        6.96412e-14        2.19203e-15           0.218607         3.1035e-10         0.00235445        1.72355e-06        3.07596e-13        1.86795e-14        2.30285e-05          0.0435275        0.000460357         0.00223216        3.36777e-13        2.38266e-05        9.13779e-17            0.73276
12         0.00031398        2.51184e-05        2.37407e-05             101325           0.945151        2.37407e-05             359.04                  0          0.0210323        0.000132087            19570.4         1.4637e-05        1.69415e-13        5.71084e-15           0.217357        5.23617e-10         0.00310231        2.35434e-06        6.53641e-13         4.1286e-14        3.02726e-05            0.04317        0.000648935         0.00288254        7.75741e-13        3.24906e-05        2.51008e-16            0.73276
13        0.000339098        2.51184e-05        2.26596e-05             101325           0.902111        2.26596e-05            376.107                  0          0.0274447        0.000279276            34056.9        2.00339e-05        4.23138e-13        1.93495e-14           0.215806        9.07452e-10         0.00403363        3.21651e-06        1.39944e-12        9.22956e-14        3.92567e-05          0.0427238        0.000898186          0.0036724        1.81969e-12         4.3593e-05        7.19761e-16            0.73276
14        0.000364216        2.51184e-05        2.14755e-05             101325           0.854972        2.14755e-05            396.759                  0          0.0353401        0.000604894            58294.5        2.69322e-05        1.07703e-12        7.32018e-14           0.213914        1.60334e-09         0.00517432        4.39639e-06        3.00028e-12        2.07088e-13        5.02234e-05          0.0421761         0.00122017         0.00461659        4.31904e-12         5.7533e-05        2.13061e-15            0.73276
15        0.000389335        2.51184e-05        2.02179e-05             101325           0.804904        2.02179e-05            421.326                  0          0.0449073         0.00132998            98334.1        3.55582e-05        2.77321e-12        2.97691e-13           0.211642        2.85954e-09         0.00654879         6.0094e-06        6.39153e-12        4.61865e-13        6.34094e-05          0.0415148         0.00162677         0.00572832        1.02882e-11         7.4687e-05        6.42336e-15            0.73276
16        0.000414453        2.51184e-05        1.89205e-05             101325           0.753253        1.89205e-05            450.068                  0          0.0563207         0.00293649             163822        4.61189e-05        7.19593e-12        1.26589e-12           0.208955        5.09294e-09           0.008179        8.20624e-06        1.34259e-11        1.01389e-12         7.9044e-05          0.0407289         0.00212907         0.00701888        2.43991e-11          9.539e-05        1.94915e-14            0.73276
17        0.000439571        2.51184e-05        1.76172e-05             101325           0.701369        1.76172e-05             483.17                  0          0.0697357         0.00643782             270181        5.87935e-05        1.88501e-11        5.49197e-12           0.205825        8.97105e-09           0.010084        1.11787e-05        2.76499e-11        2.17353e-12        9.73515e-05          0.0398091         0.00273689         0.00849778        5.72762e-11        0.000119923        5.92166e-14            0.73276
18         0.00046469        2.51184e-05        1.63385e-05             101325            0.65046        1.63385e-05             520.74                  0          0.0852862          0.0138721             442250        7.37304e-05        5.02634e-11        2.38651e-11           0.202225        1.55265e-08          0.0122797         1.5165e-05        5.57623e-11        4.53501e-12        0.000118559          0.0387472         0.00345856          0.0101729        1.32902e-10        0.000148507        1.81032e-13            0.73276
19        0.000489808        2.51184e-05        1.51087e-05             101325           0.601499        1.51087e-05            562.819                  0           0.103086          0.0291649             720708        9.10486e-05        1.37866e-10        1.02511e-10           0.198136        2.63772e-08          0.0147797        2.04531e-05        1.10899e-10        9.25072e-12        0.000142906          0.0375366         0.00430092          0.0120511        3.06335e-10        0.000181303        5.65406e-13            0.73276
20        0.000514926        2.51184e-05        1.39452e-05             101325           0.555178        1.39452e-05            609.393                  0           0.123231          0.0597057        1.17484e+06        0.000110842        3.91439e-10         4.3095e-10           0.193538          4.435e-08          0.0175952        2.73828e-05        2.21975e-10        1.87629e-11        0.000170661          0.0361715         0.00526949          0.0141384        7.10162e-10        0.000218416        1.83485e-12            0.73276
21        0.000540045        2.51184e-05        1.28587e-05             101325           0.511925        1.28587e-05            660.412                  0           0.145808           0.119877        1.93254e+06        0.000133186        1.14564e-09        1.75676e-09           0.188415        7.55202e-08          0.0207363        3.63409e-05        4.64122e-10        3.91146e-11        0.000202139          0.0346468         0.00636875          0.0164407        1.68632e-09        0.000259892        6.21392e-12            0.73276
22        0.000565163        2.51184e-05        1.18543e-05             101325           0.471938        1.18543e-05            715.796                  0           0.170894            0.24139        3.26087e+06        0.000158142        3.40501e-09        6.87615e-09           0.182754         1.3579e-07          0.0242116        4.77464e-05        1.05997e-09        8.75313e-11         0.00023772           0.032958         0.00760231          0.0189638        4.17308e-09         0.00030572        2.16265e-11            0.73276
23        0.000590282        2.51184e-05        1.09327e-05             101325           0.435246        1.09327e-05            775.452                  0           0.198562           0.508266        5.79344e+06        0.000185764        1.00742e-08        2.55841e-08           0.176541        2.70823e-07          0.0280292        6.20112e-05         2.7021e-09        2.16333e-10        0.000277892          0.0311009         0.00897309          0.0217132         1.0824e-08        0.000355828        7.52823e-11            0.73276
24          0.0006154        2.51184e-05        1.00915e-05             101325           0.401756        1.00915e-05            839.276                  0           0.228879            1.17542        1.11589e+07        0.000216096        2.91369e-08        8.97007e-08           0.169765        6.12079e-07          0.0321956        7.94558e-05        7.50904e-09        5.83149e-10        0.000323299          0.0290716          0.0104832          0.0246941        2.90747e-08         0.00041007        2.55398e-10            0.73276
25        0.000640518        2.51184e-05        9.32648e-06             101325           0.371301        9.32648e-06             907.15                  0           0.261905            3.04422        2.36249e+07        0.000249177        8.13743e-08        2.94632e-07           0.162418        1.52243e-06          0.0367152        0.000100146        2.16315e-08         1.6404e-09        0.000374816          0.0268674          0.0121338          0.0279107        7.89037e-08        0.000468205        8.29083e-10            0.73276
26        0.000665637        2.51184e-05         8.6326e-06             101325           0.343677         8.6326e-06            978.934                  0           0.297683            8.54447        5.41167e+07        0.000285027        2.18154e-07        9.04642e-07           0.154499        3.94569e-06          0.0415876        0.000123609        6.17338e-08        4.60173e-09        0.000433544          0.0244869          0.0139239          0.0313646        2.10595e-07        0.000529842        2.54724e-09            0.73276
27        0.000690755        2.51184e-05        8.00447e-06             101325            0.31867        8.00447e-06            1054.44                  0            0.33622             24.535        1.29325e+08        0.000323615        5.60282e-07        2.59889e-06            0.14602        1.01789e-05          0.0468038        0.000148393        1.69515e-07        1.24773e-08        0.000500448           0.021933          0.0158492          0.0350533        5.40714e-07         0.00059429        7.35871e-09            0.73276
28        0.000715873        2.51184e-05        7.43707e-06             101325           0.296081        7.43707e-06            1133.35                  0           0.377456            68.7107        3.10467e+08        0.000364834        1.37718e-06        7.00722e-06           0.137003        2.54367e-05          0.0523444        0.000171543        4.40459e-07        3.21068e-08        0.000575122          0.0192132          0.0179008          0.0389716        1.31471e-06        0.000660274        1.99015e-08           0.732759
29        0.000740992        2.51184e-05        6.92619e-06             101325           0.275742        6.92619e-06            1215.18                  0            0.42127            182.151        7.26927e+08        0.000408362        3.22999e-06        1.77878e-05           0.127485        6.06712e-05          0.0581739        0.000188348        1.07048e-06        7.74356e-08         0.00065283          0.0163449           0.020063          0.0431137        2.99023e-06        0.000725161         5.0123e-08           0.732759
30         0.00076611        2.51184e-05        6.46912e-06             101325           0.257546        6.46912e-06               1299                  0           0.467453            448.109        1.62116e+09         0.00045326         7.1747e-06        4.25488e-05           0.117539        0.000136687          0.0642188        0.000193281         2.3983e-06        1.72474e-07        0.000719512          0.0133689          0.0223008          0.0474702        6.27031e-06        0.000783113         1.1628e-07           0.732758
31        0.000791228        2.51184e-05        6.06569e-06             101325           0.241484        6.06569e-06            1383.08                  0            0.51557            1003.24        3.35955e+09        0.000497087        1.48972e-05        9.56419e-05           0.107318        0.000287627          0.0703301        0.000182726         4.8259e-06        3.45799e-07        0.000747813          0.0103722          0.0245345          0.0520238        1.18466e-05         0.00082156         2.4264e-07           0.732757
32        0.000816347        2.51184e-05        5.71929e-06             101325           0.227693        5.71929e-06            1464.33                  0           0.564729            1992.78        6.26621e+09        0.000534457         2.8354e-05        0.000200524          0.0971318        0.000557119          0.0762362        0.000157555        8.31949e-06        5.96191e-07        0.000704129         0.00751288          0.0265947          0.0567409         1.9428e-05        0.000817352        4.34756e-07           0.732756
33        0.000841465        2.51184e-05         5.4364e-06             101325           0.216431         5.4364e-06            1538.05                  0           0.613305            3397.51        1.00717e+10        0.000556343        4.83072e-05        0.000386758          0.0875053        0.000976002          0.0815324        0.000123315         1.1472e-05        8.27446e-07         0.00057742         0.00501348          0.0281847            0.06156        2.63008e-05        0.000742575        6.24088e-07           0.732756
34        0.000866584        2.51184e-05        5.22178e-06             101325           0.207887        5.22178e-06            1599.28                  0           0.658874            4810.27        1.32609e+10        0.000554353        7.24008e-05        0.000671634           0.079083          0.0015237          0.0858003        8.83363e-05        1.20298e-05        8.80189e-07         0.00040674         0.00307726          0.0289533          0.0663786        2.82359e-05        0.000594043        6.81794e-07           0.732756
35        0.000891702        2.51184e-05        5.07081e-06             101325           0.201876        5.07081e-06            1645.78                  0           0.698946            5589.17        1.38966e+10        0.000530329        9.59205e-05         0.00102844          0.0723179         0.00211474          0.0888405        5.96649e-05        9.83756e-06        7.33718e-07         0.00025262         0.00176283          0.0287354          0.0710545        2.42289e-05        0.000416012        5.80012e-07           0.732756
36         0.00091682        2.51184e-05         4.9689e-06             101325           0.197819         4.9689e-06            1679.32                  0           0.732261            5469.23        1.19098e+10        0.000496822        0.000115267         0.00138919          0.0672443         0.00265054           0.090773        3.98225e-05        6.76751e-06        5.14769e-07        0.000144833        0.000964552          0.0276947          0.0754421        1.75289e-05         0.00026246        4.13166e-07           0.732757
37        0.000941939        2.51184e-05        4.89928e-06             101325           0.195048        4.89928e-06            1703.63                  0           0.759205            4761.02        8.91524e+09        0.000465803        0.000129387         0.00169387          0.0635723         0.00307901          0.0918978        2.75291e-05        4.21699e-06        3.26367e-07        7.96419e-05        0.000514369           0.026168          0.0794427        1.13805e-05        0.000155056        2.64884e-07           0.732758
38        0.000967057        2.51184e-05        4.84911e-06             101325           0.193051        4.84911e-06            1722.12                  0           0.780993            3901.52        6.24309e+09        0.000442292        0.000138769         0.00191912          0.0609224         0.00339764          0.0925136        2.03343e-05        2.49581e-06        1.95954e-07        4.29406e-05        0.000270806          0.0244559          0.0830191        6.94581e-06        8.83086e-05        1.60355e-07           0.732758
39        0.000992175        2.51184e-05        4.81041e-06             101325            0.19151        4.81041e-06            1737.05                  0           0.798867             3133.5        4.32913e+09        0.000426147        0.000144334         0.00206927          0.0589715          0.0036264          0.0928394        1.61973e-05        1.43866e-06        1.14296e-07        2.29594e-05        0.000141793          0.0227489          0.0861789        4.09722e-06        4.93229e-05         9.4123e-08           0.732759
40         0.00101729        2.51184e-05        4.77863e-06             101325           0.190244        4.77863e-06            1749.77                  0             0.8138            2523.26        3.09807e+09        0.000415353        0.000146971         0.00215929          0.0574889          0.0037882           0.093013        1.37926e-05        8.18269e-07        6.56448e-08        1.22461e-05          7.414e-05          0.0211448          0.0889533        2.37353e-06         2.7276e-05        5.43286e-08           0.732759
41         0.00104241        2.51184e-05        4.75129e-06             101325           0.189156        4.75129e-06            1761.02                  0           0.826492            2057.91        2.34212e+09        0.000407815        0.000147411         0.00220488          0.0563228         0.00390176          0.0931144        1.23457e-05        4.62456e-07        3.73999e-08        6.53756e-06        3.88061e-05          0.0196842          0.0913826        1.36375e-06        1.50163e-05        3.10784e-08           0.732759
42         0.00106753        2.51184e-05        4.72703e-06             101325            0.18819        4.72703e-06            1771.23                  0           0.837433            1704.43        1.87994e+09        0.000401943        0.000146226         0.00221892          0.0553758         0.00398067          0.0931873        1.14249e-05        2.60733e-07         2.1226e-08        3.49987e-06        2.03626e-05          0.0183762          0.0935088        7.82724e-07        8.25642e-06        1.76977e-08           0.732759
43         0.00109265        2.51184e-05        4.70507e-06             101325           0.187316        4.70507e-06            1780.63                  0           0.846971            1432.22        1.58898e+09        0.000396702        0.000143857         0.00221101          0.0545858         0.00403438          0.0932541        1.07952e-05        1.46982e-07        1.20301e-08        1.88112e-06        1.07216e-05          0.0172145          0.0953715        4.51627e-07        4.54266e-06        1.00587e-08            0.73276
44         0.00111777        2.51184e-05        4.68496e-06             101325           0.186515        4.68496e-06            1789.36                  0           0.855362            1218.31        1.39523e+09        0.000391491        0.000140638         0.00218802          0.0539125         0.00406941          0.0933253        1.03294e-05        8.29587e-08        6.81889e-09        1.01584e-06        5.66821e-06          0.0161863          0.0970069         2.6377e-07        2.50406e-06        5.71513e-09            0.73276
45         0.00114289        2.51184e-05        4.66639e-06             101325           0.185776        4.66639e-06            1797.52                  0           0.862801            1046.76        1.25661e+09        0.000386002        0.000136827         0.00215475          0.0533289         0.00409026           0.093405        9.95896e-06         4.6916e-08        3.86889e-09        5.51387e-07        3.01003e-06          0.0152764          0.0984472        1.57227e-07        1.38394e-06        3.24921e-09            0.73276
46           0.001168        2.51184e-05        4.64917e-06             101325            0.18509        4.64917e-06            1805.18                  0           0.869439            906.711        1.14992e+09        0.000380113        0.000132621         0.00211455          0.0528164         0.00410014          0.0934941        9.64633e-06        2.65964e-08        2.19843e-09        3.00895e-07        1.60603e-06          0.0144698          0.0997202        9.66089e-08        7.67225e-07        1.84947e-09            0.73276
47         0.00119312        2.51184e-05        4.63313e-06             101325           0.184452        4.63313e-06            1812.37                  0           0.875398            790.773        1.06255e+09        0.000373807        0.000128169         0.00206981          0.0523618         0.00410138          0.0935918        9.37083e-06        1.51167e-08        1.25146e-09        1.65096e-07        8.61129e-07          0.0137525            0.10085         6.1877e-08        4.26749e-07        1.05432e-09            0.73276
48         0.00121824        2.51184e-05        4.61815e-06             101325           0.183855        4.61815e-06            1819.15                  0           0.880777            693.768        9.87704e+08        0.000367125        0.000123586         0.00202218           0.051955          0.0040957          0.0936967        9.12077e-06        8.61476e-09         7.1377e-10        9.10786e-08        4.64047e-07          0.0131123           0.101858        4.17405e-08        2.38187e-07        6.02039e-10            0.73276
49         0.00124336        2.51184e-05        4.60413e-06             101325           0.183297        4.60413e-06            1825.55                  0            0.88566            611.957        9.21619e+08        0.000360136        0.000118958         0.00197289          0.0515885         0.00408444          0.0938072        8.88934e-06        4.92232e-09        4.07904e-10         5.0514e-08        2.51334e-07          0.0125382           0.102761        2.98537e-08        1.33405e-07        3.44379e-10            0.73276
50         0.00126848        2.51184e-05        4.59098e-06             101325           0.182774        4.59098e-06             1831.6                  0           0.890114            542.549        8.62178e+08        0.000352915        0.000114351         0.00192279          0.0512563         0.00406863          0.0939217        8.67239e-06        2.81966e-09        2.33567e-10        2.81616e-08        1.36815e-07          0.0120211           0.103574        2.26523e-08        7.49768e-08        1.97338e-10            0.73276
51          0.0012936        2.51184e-05        4.57862e-06             101325           0.182282        4.57862e-06            1837.32                  0           0.894197            483.386        8.08116e+08        0.000345534        0.000109811         0.00187253          0.0509534         0.00404911          0.0940388         8.4673e-06         1.6191e-09        1.33998e-10        1.57786e-08        7.48501e-08          0.0115529            0.10431        1.81324e-08        4.22824e-08        1.13275e-10            0.73276
52         0.00131871        2.51184e-05        4.56698e-06             101325           0.181818        4.56698e-06            1842.74                  0           0.897958            432.758        7.58617e+08        0.000338061        0.000105375         0.00182257           0.050676         0.00402656          0.0941573        8.27228e-06        9.31851e-10        7.70175e-11        8.88278e-09        4.11518e-08          0.0111267           0.104979        1.51648e-08        2.39246e-08        6.51306e-11            0.73276
53         0.00134383        2.51184e-05        4.55601e-06             101325           0.181382        4.55601e-06            1847.89                  0           0.901437            389.282        7.13112e+08        0.000330555        0.000101066         0.00177325          0.0504207         0.00400152          0.0942763        8.08609e-06        5.37472e-10        4.43465e-11         5.0234e-09        2.27342e-08           0.010737           0.105592        1.31112e-08        1.35821e-08        3.75096e-11            0.73276
54         0.00136895        2.51184e-05        4.54564e-06             101325           0.180969        4.54564e-06            1852.78                  0            0.90467            351.823        6.71166e+08        0.000323064        9.69017e-05         0.00172482          0.0501847         0.00397447          0.0943949        7.90776e-06        3.10635e-10        2.55787e-11        2.85304e-09        1.26185e-08          0.0103788           0.106155        1.16083e-08        7.73638e-09        2.16363e-11            0.73276
55         0.00139407        2.51184e-05        4.53583e-06             101325           0.180578        4.53583e-06            1857.43                  0           0.907686            319.437        6.32423e+08        0.000315627         9.2892e-05         0.00167745          0.0499657         0.00394579          0.0945125        7.73656e-06        1.79879e-10        1.47782e-11        1.62696e-09        7.03588e-09          0.0100478           0.106675        1.04478e-08        4.42184e-09        1.24993e-11            0.73276
56         0.00141919        2.51184e-05        4.52653e-06             101325           0.180208        4.52653e-06            1861.87                  0           0.910511            291.339        5.96582e+08        0.000308278        8.90427e-05         0.00163127          0.0497618         0.00391579          0.0946286        7.57187e-06        1.04354e-10        8.55195e-12        9.31329e-10        3.94042e-09         0.00974077           0.107157        9.50898e-09        2.53679e-09        7.23169e-12            0.73276
57         0.00144431        2.51184e-05         4.5177e-06             101325           0.179857         4.5177e-06             1866.1                  0           0.913166            266.871        5.63375e+08        0.000301042        8.53556e-05         0.00158635          0.0495711         0.00388476          0.0947427        7.41319e-06         6.0645e-11        4.95674e-12        5.35049e-10        2.21623e-09         0.00945452           0.107607        8.72066e-09        1.46154e-09        4.19019e-12            0.73276
58         0.00146942        2.51184e-05        4.50931e-06             101325           0.179523        4.50931e-06            1870.13                  0           0.915669            245.482        5.32566e+08        0.000293936        8.18303e-05         0.00154274          0.0493923         0.00385292          0.0948547        7.26007e-06        3.53035e-11        2.87742e-12        3.08433e-10        1.25162e-09         0.00918658           0.108028        8.03987e-09        8.46436e-10        2.43146e-12            0.73276
59         0.00149454        2.51184e-05        4.50133e-06             101325           0.179205        4.50133e-06               1874                  0           0.918038            226.706        5.03942e+08        0.000286976        7.84639e-05         0.00150047          0.0492241         0.00382045          0.0949642        7.11214e-06        2.05853e-11        1.67294e-12        1.78372e-10        7.09654e-10         0.00893475           0.108424        7.43999e-09        4.93527e-10        1.41301e-12            0.73276
60         0.00151966        2.51184e-05        4.49371e-06             101325           0.178901        4.49371e-06            1877.69                  0           0.920286            210.155        4.77309e+08        0.000280171        7.52523e-05         0.00145953          0.0490654         0.00378752          0.0950713        6.96904e-06        1.20226e-11        9.74157e-13        1.03472e-10        4.03904e-10         0.00869721           0.108797        6.90382e-09        2.90439e-10        8.22402e-13            0.73276
61         0.00154478        2.51184e-05        4.48645e-06             101325           0.178612        4.48645e-06            1881.23                  0           0.922424            195.498        4.52494e+08        0.000273528        7.21903e-05         0.00141992          0.0489152         0.00375427          0.0951757        6.83047e-06        7.03297e-12        5.68135e-13        6.01995e-11        2.30733e-10         0.00847234            0.10915         6.4198e-09        1.73187e-10        4.79411e-13            0.73276
62          0.0015699        2.51184e-05         4.4795e-06             101325           0.178336         4.4795e-06            1884.63                  0           0.924464            182.459        4.29339e+08         0.00026705        6.92721e-05         0.00138161          0.0487727         0.00372079          0.0952775        6.69616e-06        4.12075e-12        3.31862e-13        3.51221e-11        1.32278e-10          0.0082588           0.109486        5.97978e-09        1.05241e-10        2.79935e-13            0.73276
63         0.00159502        2.51184e-05        4.47286e-06             101325           0.178071        4.47286e-06             1887.9                  0           0.926414            170.807        4.07703e+08        0.000260739        6.64915e-05         0.00134457          0.0486372         0.00368719          0.0953767        6.56585e-06        2.41833e-12         1.9416e-13        2.05469e-11        7.60961e-11          0.0080554           0.109805        5.57768e-09        6.56918e-11        1.63752e-13            0.73276
64         0.00162013        2.51184e-05        4.46649e-06             101325           0.177818        4.46649e-06            1891.03                  0           0.928282            160.343        3.87456e+08        0.000254593        6.38419e-05         0.00130877           0.048508         0.00365354          0.0954732        6.43931e-06        1.42157e-12        1.13781e-13        1.20518e-11        4.39229e-11         0.00786113           0.110111        5.20881e-09        4.25388e-11        9.59805e-14            0.73276
65         0.00164525        2.51184e-05        4.46038e-06             101325           0.177575        4.46038e-06            1894.06                  0           0.930076            150.904        3.68482e+08        0.000248613        6.13169e-05         0.00127416          0.0483847         0.00361989          0.0955671        6.31633e-06         8.3703e-13        6.67901e-14        7.08721e-12        2.54351e-11         0.00767509           0.110403        4.86941e-09        2.88796e-11        5.63848e-14            0.73276
66         0.00167037        2.51184e-05        4.45452e-06             101325           0.177341        4.45452e-06            1896.96                  0           0.931801            142.348        3.50676e+08        0.000242793        5.89099e-05          0.0012407          0.0482667         0.00358631          0.0956585         6.1967e-06        4.93689e-13        3.92736e-14        4.17821e-12         1.4776e-11         0.00749653           0.110684        4.55633e-09         2.0734e-11        3.32124e-14            0.73276
67         0.00169549        2.51184e-05        4.44888e-06             101325           0.177117        4.44888e-06            1899.77                  0           0.933464            134.557        3.33944e+08        0.000237132        5.66146e-05         0.00120835          0.0481535         0.00355282          0.0957475        6.08025e-06         2.9169e-13        2.31344e-14        2.46935e-12        8.61056e-12         0.00732476           0.110953        4.26694e-09        1.58014e-11        1.96269e-14            0.73276
68         0.00172061        2.51184e-05        4.44346e-06             101325           0.176901        4.44346e-06            1902.48                  0           0.935068            127.431        3.18199e+08        0.000231624        5.44249e-05         0.00117706          0.0480448         0.00351947           0.095834        5.96681e-06        1.72649e-13        1.36523e-14        1.46299e-12        5.03305e-12          0.0071592           0.111214        3.99894e-09        1.27486e-11        1.16465e-14            0.73276
69         0.00174573        2.51184e-05        4.43823e-06             101325           0.176693        4.43823e-06             1905.1                  0           0.936619            120.886        3.03363e+08        0.000226265        5.23347e-05         0.00114678          0.0479402         0.00348626          0.0959183         5.8562e-06        1.02377e-13        8.07174e-15        8.68878e-13        2.95077e-12         0.00699932           0.111465        3.75034e-09        1.08014e-11        6.94834e-15            0.73276
70         0.00177084        2.51184e-05         4.4332e-06             101325           0.176492         4.4332e-06            1907.63                  0           0.938121            114.849        2.89366e+08         0.00022105        5.03386e-05         0.00111746          0.0478395         0.00345323          0.0960003        5.74829e-06        6.08216e-14        4.78152e-15        5.17288e-13         1.7351e-12         0.00684468           0.111708        3.51938e-09        9.50889e-12        4.17559e-15            0.73276
71         0.00179596        2.51184e-05        4.42833e-06             101325           0.176299        4.42833e-06            1910.08                  0           0.939576            109.258        2.76144e+08        0.000215973         4.8431e-05         0.00108908          0.0477423         0.00342038          0.0960802        5.64293e-06        3.62036e-14        2.83809e-15        3.08718e-13        1.02326e-12         0.00669485           0.111943         3.3045e-09         8.6076e-12        2.53433e-15            0.73276
72         0.00182108        2.51184e-05        4.42363e-06             101325           0.176111        4.42363e-06            1912.45                  0           0.940989            104.062        2.63639e+08         0.00021103         4.6607e-05         0.00106157          0.0476484         0.00338772          0.0961581           5.54e-06        2.15927e-14        1.68799e-15        1.84693e-13        6.05213e-13         0.00654947           0.112172        3.10432e-09        7.94314e-12        1.55929e-15            0.73276
73          0.0018462        2.51184e-05        4.41909e-06             101325           0.175931        4.41909e-06            1914.75                  0           0.942361            99.2142        2.51797e+08        0.000206214        4.48617e-05          0.0010349          0.0475575         0.00335526           0.096234        5.43936e-06        1.29046e-14        1.00605e-15        1.10764e-13        3.58987e-13         0.00640823           0.112394        2.91759e-09        7.42465e-12         9.7739e-16            0.73276
74         0.00187132        2.51184e-05        4.41469e-06             101325           0.175755        4.41469e-06            1916.99                  0           0.943696            94.6778        2.40572e+08        0.000201522        4.31905e-05         0.00100903          0.0474696         0.00332299          0.0963081         5.3409e-06        7.72844e-15        6.00902e-16        6.65917e-14        2.13547e-13         0.00627083           0.112609        2.74322e-09        6.99837e-12        6.28028e-16            0.73276
75         0.00189644        2.51184e-05        4.41042e-06             101325           0.175586        4.41042e-06            1919.16                  0           0.944997            90.4193        2.29918e+08        0.000196947        4.15893e-05        0.000983916          0.0473843         0.00329092          0.0963804        5.24452e-06        4.63841e-15        3.59702e-16        4.01346e-14        1.27393e-13         0.00613701            0.11282        2.58019e-09        6.63231e-12        4.16592e-16            0.73276
76         0.00192155        2.51184e-05        4.40629e-06             101325           0.175421        4.40629e-06            1921.26                  0           0.946264            86.4102        2.19797e+08        0.000192484         4.0054e-05        0.000959528          0.0473015         0.00325904           0.096451         5.1501e-06           2.79e-15        2.15805e-16        2.42497e-14        7.62138e-14         0.00600653           0.113025        2.42761e-09        6.30721e-12        2.87232e-16            0.73276
77         0.00194667        2.51184e-05        4.40228e-06             101325           0.175261        4.40228e-06            1923.32                  0             0.9475             82.626        2.10172e+08         0.00018813         3.8581e-05        0.000935827          0.0472211         0.00322736          0.0965199        5.05755e-06        1.68199e-15        1.29774e-16        1.46892e-14         4.5725e-14         0.00587918           0.113225        2.28467e-09        6.01139e-12        2.06909e-16            0.73276
78         0.00197179        2.51184e-05        4.39839e-06             101325           0.175106        4.39839e-06            1925.31                  0           0.948708            79.0453        2.01009e+08        0.000183878        3.71668e-05        0.000912782          0.0471429         0.00319585          0.0965874        4.96679e-06        1.01638e-15         7.8226e-17         8.9208e-15        2.75111e-14         0.00575477            0.11342        2.15064e-09        5.73761e-12        1.56032e-16            0.73276
79         0.00199691        2.51184e-05         4.3946e-06             101325           0.174956         4.3946e-06            1927.26                  0           0.949888            75.6498        1.92279e+08        0.000179726        3.58081e-05         0.00089036          0.0470668         0.00316452          0.0966533        4.87773e-06        6.15651e-16        4.72695e-17        5.43183e-15        1.65995e-14         0.00563313           0.113612        2.02483e-09         5.4813e-12        1.22951e-16            0.73276
80         0.00202203        2.51184e-05        4.39092e-06             101325           0.174809        4.39092e-06            1929.15                  0           0.951042            72.4232        1.83954e+08        0.000175667        3.45019e-05        0.000868532          0.0469927         0.00313336          0.0967179        4.79028e-06        3.73855e-16        2.86363e-17        3.31625e-15        1.00443e-14         0.00551409           0.113799        1.90667e-09        5.23948e-12        1.00721e-16            0.73276
81         0.00204715        2.51184e-05        4.38733e-06             101325           0.174666        4.38733e-06               1931                  0           0.952172            69.3517        1.76008e+08        0.000171699        3.32455e-05         0.00084727          0.0469204         0.00310235          0.0967811        4.70438e-06        2.27622e-16        1.73943e-17        2.03018e-15        6.09512e-15         0.00539751           0.113982        1.79558e-09        5.01014e-12        8.51834e-17            0.73276
82         0.00207226        2.51184e-05        4.38384e-06             101325           0.174527        4.38384e-06            1932.81                  0           0.953279            66.4228        1.68418e+08        0.000167818        3.20361e-05        0.000826547            0.04685          0.0030715           0.096843        4.61995e-06        1.38975e-16        1.05953e-17        1.24637e-15        3.70929e-15         0.00528327           0.114161        1.69108e-09        4.79186e-12        7.38397e-17            0.73276
83         0.00209738        2.51184e-05        4.38044e-06             101325           0.174392        4.38044e-06            1934.57                  0           0.954364            63.6257        1.61163e+08        0.000164019        3.08714e-05         0.00080634          0.0467812         0.00304079          0.0969037        4.53693e-06        8.51054e-17        6.47311e-18        7.67428e-16        2.26387e-15         0.00517123           0.114337        1.59271e-09         4.5836e-12        6.51789e-17            0.73276
84          0.0021225        2.51184e-05        4.37712e-06             101325            0.17426        4.37712e-06             1936.3                  0           0.955428            60.9509        1.54223e+08          0.0001603        2.97491e-05        0.000786624           0.046714         0.00301022          0.0969633        4.45527e-06        5.22886e-17        3.96752e-18        4.73991e-16        1.38571e-15          0.0050613            0.11451        1.50006e-09        4.38455e-12        5.82812e-17            0.73276
85         0.00214762        2.51184e-05        4.37388e-06             101325           0.174131        4.37388e-06            1937.98                  0           0.956472              58.39         1.4758e+08        0.000156657        2.86671e-05        0.000767379          0.0466484         0.00297977          0.0970217         4.3749e-06        3.22449e-17        2.44053e-18        2.93725e-16        8.50679e-16         0.00495337            0.11468        1.41274e-09        4.19407e-12        5.25816e-17            0.73276
86         0.00217274        2.51184e-05        4.37072e-06             101325           0.174005        4.37072e-06            1939.63                  0           0.957497            55.9356        1.41218e+08        0.000153087        2.76234e-05        0.000748584          0.0465843         0.00294944          0.0970791        4.29578e-06        1.99695e-17        1.50737e-18        1.82674e-16        5.23775e-16         0.00484735           0.114846        1.33041e-09        4.01161e-12        4.77283e-17            0.73276
87         0.00219786        2.51184e-05        4.36763e-06             101325           0.173882        4.36763e-06            1941.24                  0           0.958504            53.5809        1.35121e+08        0.000149588        2.66163e-05        0.000730221          0.0465216         0.00291921          0.0971355        4.21785e-06        1.24301e-17        9.35452e-19        1.14068e-16        3.23465e-16         0.00474317            0.11501        1.25274e-09        3.83669e-12        4.34991e-17            0.73276
88         0.00222298        2.51184e-05        4.36461e-06             101325           0.173762        4.36461e-06            1942.82                  0           0.959494            51.3201        1.29275e+08        0.000146156        2.56441e-05        0.000712273          0.0464602         0.00288909          0.0971909        4.14109e-06        7.78515e-18         5.8385e-19        7.15568e-17        2.00374e-16         0.00464074           0.115171        1.17945e-09        3.66892e-12        3.97502e-17            0.73276
89         0.00224809        2.51184e-05        4.36165e-06             101325           0.173644        4.36165e-06            1944.37                  0           0.960466            49.1479        1.23668e+08         0.00014279        2.47051e-05        0.000694722          0.0464001         0.00285907          0.0972453        4.06544e-06        4.91384e-18        3.66968e-19        4.51325e-17        1.24514e-16         0.00454001           0.115329        1.11027e-09        3.50793e-12        3.63863e-17            0.73276
90         0.00227321        2.51184e-05        4.35877e-06             101325           0.173529        4.35877e-06            1945.89                  0           0.961423            47.0596        1.18287e+08        0.000139487         2.3798e-05        0.000677554          0.0463413         0.00282913          0.0972989        3.99088e-06         3.1322e-18        2.32686e-19        2.86524e-17        7.76251e-17          0.0044409           0.115485        1.04494e-09        3.35338e-12        3.33419e-17            0.73276
91         0.00229833        2.51184e-05        4.35594e-06             101325           0.173416        4.35594e-06            1947.38                  0           0.962365            45.0508        1.13122e+08        0.000136245        2.29215e-05        0.000660756          0.0462838         0.00279928          0.0973516        3.91737e-06        2.02187e-18        1.49193e-19        1.83367e-17        4.85579e-17         0.00434338           0.115638        9.83241e-10        3.20497e-12        3.05704e-17            0.73276
92         0.00232345        2.51184e-05        4.35317e-06             101325           0.173306        4.35317e-06            1948.83                  0           0.963291            43.1179        1.08162e+08        0.000133062        2.20741e-05        0.000644314          0.0462274          0.0027695          0.0974035        3.84489e-06        1.32634e-18        9.70209e-20        1.18533e-17        3.04845e-17         0.00424737           0.115789        9.24959e-10        3.06243e-12        2.80372e-17            0.73276
93         0.00234857        2.51184e-05        4.35046e-06             101325           0.173198        4.35046e-06            1950.26                  0           0.964203            41.2572        1.03398e+08        0.000129937        2.12549e-05        0.000628217          0.0461721         0.00273979          0.0974546        3.77341e-06        8.87917e-19        6.42266e-20        7.75958e-18        1.92124e-17         0.00415286           0.115937        8.69899e-10         2.9255e-12        2.57156e-17            0.73276
94         0.00237369        2.51184e-05         4.3478e-06             101325           0.173093         4.3478e-06            1951.67                  0           0.965101            39.4657        9.88211e+07        0.000126867        2.04627e-05        0.000612454           0.046118         0.00271016          0.0975048        3.70291e-06          6.094e-19        4.34618e-20        5.16065e-18        1.21602e-17         0.00405979           0.116084        8.17879e-10        2.79395e-12        2.35842e-17            0.73276
95          0.0023988        2.51184e-05         4.3452e-06             101325           0.172989         4.3452e-06            1953.05                  0           0.965985            37.7405        9.44232e+07        0.000123852        1.96965e-05        0.000597015           0.046065         0.00268059          0.0975544        3.63337e-06        4.30721e-19        3.01939e-20        3.49995e-18        7.73387e-18         0.00396813           0.116228         7.6873e-10        2.66755e-12         2.1625e-17            0.73276
96         0.00242392        2.51184e-05        4.34265e-06             101325           0.172888        4.34265e-06             1954.4                  0           0.966856            36.0789        9.01967e+07         0.00012089        1.89554e-05        0.000581891           0.046013         0.00265108          0.0976032        3.56479e-06        3.14647e-19        2.16184e-20         2.4303e-18        4.94629e-18         0.00387785            0.11637        7.22294e-10        2.54611e-12        1.98229e-17            0.73276
97         0.00244904        2.51184e-05        4.34015e-06             101325           0.172788        4.34015e-06            1955.73                  0           0.967714            34.4786        8.61347e+07         0.00011798        1.82385e-05        0.000567074          0.0459621         0.00262163          0.0976513        3.49715e-06        2.38036e-19        1.59952e-20        1.73452e-18        3.18454e-18         0.00378893           0.116509        6.78426e-10        2.42943e-12        1.81647e-17            0.73276
98         0.00247416        2.51184e-05         4.3377e-06             101325            0.17269         4.3377e-06            1957.03                  0           0.968559            32.9374        8.22306e+07        0.000115121        1.75451e-05        0.000552556          0.0459122         0.00259224          0.0976986        3.43044e-06        1.86456e-19        1.22407e-20        1.27632e-18        2.06687e-18         0.00370135           0.116647        6.36988e-10        2.31734e-12        1.66385e-17            0.73276
99         0.00249928        2.51184e-05         4.3353e-06             101325           0.172595         4.3353e-06            1958.31                  0           0.969391            31.4531        7.84782e+07        0.000112312        1.68742e-05        0.000538331          0.0458633         0.00256291          0.0977453        3.36465e-06        1.50874e-19        9.67816e-21        9.69921e-19        1.35486e-18         0.00361509           0.116782        5.97853e-10        2.20967e-12        1.52339e-17            0.73276
100          0.0025244        2.51184e-05        4.33294e-06             101325           0.172501        4.33294e-06            1959.57                  0           0.970211             30.024         7.4872e+07        0.000109552        1.62253e-05        0.000524391          0.0458154         0.00253364          0.0977914        3.29978e-06        1.25618e-19        7.88283e-21        7.61136e-19        8.99181e-19         0.00353012           0.116916          5.609e-10        2.10626e-12        1.39414e-17            0.73276
101         0.00254951        2.51184e-05        4.33063e-06             101325           0.172409        4.33063e-06            1960.81                  0           0.971019            28.6482        7.14064e+07        0.000106841        1.55977e-05        0.000510732          0.0457685         0.00250444          0.0978368        3.23583e-06        1.07109e-19        6.58722e-21        6.15614e-19        6.05998e-19         0.00344645           0.117047        5.26017e-10        2.00697e-12        1.27523e-17            0.73276
102         0.00257463        2.51184e-05        4.32836e-06             101325           0.172318        4.32836e-06            1962.02                  0           0.971815            27.3241        6.80764e+07        0.000104177        1.49906e-05        0.000497349          0.0457226          0.0024753          0.0978815        3.17281e-06        9.30755e-20        5.62188e-21        5.11491e-19        4.16194e-19         0.00336406           0.117177        4.93097e-10        1.91166e-12        1.16587e-17            0.73276
103         0.00259975        2.51184e-05        4.32613e-06             101325            0.17223        4.32613e-06            1963.22                  0           0.972598            26.0502        6.48774e+07        0.000101561        1.44037e-05        0.000484236          0.0456776         0.00244622          0.0979256         3.1107e-06        8.20697e-20        4.87879e-21        4.34783e-19        2.92403e-19         0.00328294           0.117304         4.6204e-10        1.82019e-12        1.06533e-17            0.73276
104         0.00262487        2.51184e-05        4.32395e-06             101325           0.172143        4.32395e-06            1964.39                  0            0.97337            24.8248        6.18047e+07        9.89912e-05        1.38362e-05        0.000471391          0.0456336         0.00241721           0.097969        3.04953e-06        7.31601e-20        4.28859e-21        3.76502e-19        2.10937e-19          0.0032031            0.11743        4.32753e-10        1.73243e-12        9.72931e-18            0.73276
105         0.00264999        2.51184e-05        4.32181e-06             101325           0.172058        4.32181e-06            1965.54                  0            0.97413            23.6468        5.88541e+07        9.64682e-05        1.32878e-05        0.000458809          0.0455906         0.00238829          0.0980119         2.9893e-06        6.57423e-20        3.80631e-21        3.30833e-19        1.56727e-19         0.00312452           0.117553        4.05145e-10        1.64827e-12        8.88067e-18            0.73276
106         0.00267511        2.51184e-05        4.31971e-06             101325           0.171974        4.31971e-06            1966.67                  0           0.974878            22.5147        5.60217e+07        9.39915e-05        1.27577e-05        0.000446486          0.0455484         0.00235944          0.0980541        2.93001e-06        5.94195e-20        3.40242e-21        2.93983e-19         1.2016e-19         0.00304721           0.117675        3.79132e-10         1.5676e-12        8.10162e-18            0.73276
107         0.00270022        2.51184e-05        4.31765e-06             101325           0.171892        4.31765e-06            1967.78                  0           0.975614            21.4272        5.33035e+07        9.15606e-05        1.22457e-05        0.000434421          0.0455072         0.00233067          0.0980956        2.87168e-06        5.39271e-20        3.05731e-21        2.63458e-19        9.50795e-20         0.00297117           0.117794        3.54633e-10         1.4903e-12        7.38685e-18            0.73276
108         0.00272534        2.51184e-05        4.31564e-06             101325           0.171812        4.31564e-06            1968.86                  0           0.976339            20.3832        5.06959e+07        8.91756e-05        1.17513e-05        0.000422611           0.045467         0.00230201          0.0981366        2.81431e-06        4.90858e-20        2.75765e-21        2.37597e-19        7.75285e-20          0.0028964           0.117912        3.31572e-10        1.41626e-12        6.73147e-18            0.73276
109         0.00275046        2.51184e-05        4.31366e-06             101325           0.171733        4.31366e-06            1969.93                  0           0.977051            19.3814        4.81953e+07        8.68361e-05        1.12739e-05        0.000411053          0.0454277         0.00227344           0.098177        2.75792e-06        4.47709e-20        2.49423e-21         2.1528e-19        6.49546e-20         0.00282291           0.118027        3.09876e-10        1.34538e-12        6.13092e-18            0.73276
110         0.00277558        2.51184e-05        4.31172e-06             101325           0.171656        4.31172e-06            1970.98                  0           0.977752            18.4206        4.57985e+07        8.45422e-05        1.08132e-05        0.000399745          0.0453893         0.00224499          0.0982167        2.70253e-06        4.08938e-20        2.26049e-21        1.95735e-19        5.57035e-20          0.0027507            0.11814        2.89476e-10        1.27757e-12        5.58099e-18            0.73276
111          0.0028007        2.51184e-05        4.30982e-06             101325           0.171581        4.30982e-06            1972.01                  0           0.978441            17.4999        4.35021e+07        8.22937e-05        1.03689e-05        0.000388686          0.0453518         0.00221665          0.0982558        2.64814e-06        3.73894e-20        2.05166e-21        1.78424e-19        4.86984e-20         0.00267978           0.118252        2.70305e-10        1.21273e-12        5.07775e-18            0.73276
112         0.00282582        2.51184e-05        4.30796e-06             101325           0.171506        4.30796e-06            1973.02                  0           0.979117            16.6179         4.1303e+07        8.00907e-05        9.94038e-06        0.000377874          0.0453152         0.00218845          0.0982943        2.59478e-06        3.42084e-20        1.86414e-21        1.62959e-19        4.32341e-20         0.00261016           0.118361        2.52301e-10        1.15076e-12        4.61757e-18            0.73276
113         0.00285093        2.51184e-05        4.30614e-06             101325           0.171434        4.30614e-06               1974                  0           0.979782            15.7738        3.91982e+07        7.79332e-05        9.52743e-06        0.000367307          0.0452796         0.00216038          0.0983322        2.54246e-06        3.13126e-20        1.69514e-21        1.49053e-19        3.88461e-20         0.00254184           0.118469        2.35404e-10        1.09157e-12        4.19708e-18            0.73276
114         0.00287605        2.51184e-05        4.30436e-06             101325           0.171363        4.30436e-06            1974.97                  0           0.980435            14.9664        3.71848e+07        7.58211e-05        9.12964e-06        0.000356985          0.0452449         0.00213247          0.0983695        2.49119e-06        2.86707e-20        1.54242e-21         1.3649e-19        3.52258e-20         0.00247483           0.118574        2.19556e-10        1.03507e-12        3.81314e-18            0.73276
115         0.00290117        2.51184e-05        4.30261e-06             101325           0.171294        4.30261e-06            1975.92                  0           0.981075            14.1947          3.526e+07        7.37545e-05        8.74665e-06        0.000346906          0.0452111         0.00210473          0.0984061        2.44099e-06        2.62573e-20        1.40415e-21        1.25101e-19        3.21667e-20         0.00240914           0.118677        2.04701e-10        9.81183e-13        3.46283e-18            0.73276
116         0.00292629        2.51184e-05        4.30091e-06             101325           0.171226        4.30091e-06            1976.85                  0           0.981703            13.4577         3.3421e+07        7.17336e-05         8.3781e-06         0.00033707          0.0451782         0.00207716          0.0984421        2.39188e-06        2.40505e-20         1.2788e-21        1.14749e-19        2.95287e-20         0.00234478           0.118778        1.90788e-10        9.29813e-13        3.14346e-18            0.73276
117         0.00295141        2.51184e-05        4.29924e-06             101325           0.171159        4.29924e-06            1977.76                  0           0.982319            12.7543         3.1665e+07        6.97584e-05        8.02367e-06        0.000327474          0.0451462         0.00204978          0.0984774        2.34387e-06        2.20314e-20        1.16506e-21        1.05322e-19        2.72158e-20         0.00228176           0.118877        1.77765e-10         8.8088e-13        2.85252e-18            0.73276
118         0.00297653        2.51184e-05        4.29761e-06             101325           0.171094        4.29761e-06            1978.65                  0           0.982923            12.0836        2.99896e+07        6.78289e-05        7.68301e-06        0.000318119          0.0451151         0.00202261          0.0985121        2.29698e-06        2.01836e-20        1.06178e-21        9.67269e-20        2.51608e-20          0.0022201           0.118974        1.65585e-10        8.34301e-13        2.58769e-18            0.73276
119         0.00300164        2.51184e-05        4.29602e-06             101325           0.171031        4.29602e-06            1979.52                  0           0.983514            11.4446         2.8392e+07        6.59453e-05        7.35578e-06        0.000309004          0.0450849         0.00199566          0.0985462        2.25122e-06        1.84923e-20        9.67952e-22        8.88814e-20        2.33163e-20         0.00215979           0.119069        1.54201e-10        7.89997e-13        2.34681e-18            0.73276
120         0.00302676        2.51184e-05        4.29446e-06             101325           0.170969        4.29446e-06            1980.37                  0           0.984092            10.8363          2.687e+07        6.41076e-05        7.04167e-06        0.000300129          0.0450557         0.00196895          0.0985796        2.20662e-06        1.69443e-20        8.82698e-22        8.17155e-20        2.16475e-20         0.00210085           0.119161         1.4357e-10        7.47888e-13        2.12789e-18            0.73276
121         0.00305188        2.51184e-05        4.29294e-06             101325           0.170909        4.29294e-06             1981.2                  0           0.984657            10.2578        2.54209e+07        6.23161e-05        6.74036e-06        0.000291491          0.0450273         0.00194249          0.0986124        2.16318e-06        1.55276e-20        8.05217e-22        7.51669e-20        2.01287e-20         0.00204328           0.119252        1.33649e-10        7.07897e-13        1.92908e-18            0.73276
122           0.003077        2.51184e-05        4.29146e-06             101325            0.17085        4.29146e-06            1982.01                  0            0.98521            9.70816        2.40425e+07        6.05707e-05        6.45152e-06        0.000283091          0.0449998          0.0019163          0.0986444        2.12092e-06        1.42313e-20        7.34796e-22        6.91802e-20        1.87402e-20         0.00198711            0.11934        1.24397e-10        6.69948e-13        1.74868e-18            0.73276
123         0.00310212        2.51184e-05        4.29002e-06             101325           0.170792        4.29002e-06            1982.79                  0            0.98575             9.1864        2.27324e+07        5.88716e-05        6.17485e-06        0.000274929          0.0449732         0.00189041          0.0986758        2.07984e-06        1.30456e-20        6.70791e-22        6.37059e-20        1.74667e-20         0.00193233           0.119426        1.15778e-10        6.33966e-13         1.5851e-18            0.73276
124         0.00312724        2.51184e-05        4.28862e-06             101325           0.170736        4.28862e-06            1983.56                  0           0.986277            8.69165        2.14883e+07        5.72189e-05        5.91004e-06        0.000267003          0.0449475         0.00186482          0.0987065        2.03997e-06        1.19612e-20        6.12621e-22        5.86992e-20        1.62957e-20         0.00187896            0.11951        1.07753e-10        5.99879e-13        1.43689e-18            0.73276
125         0.00315235        2.51184e-05        4.28725e-06             101325           0.170682        4.28725e-06            1984.31                  0           0.986791            8.22303        2.03081e+07        5.56127e-05         5.6568e-06        0.000259314          0.0449227         0.00183956          0.0987366        2.00132e-06          1.097e-20         5.5976e-22        5.41196e-20         1.5217e-20           0.001827           0.119592        1.00288e-10        5.67615e-13        1.30271e-18            0.73276
126         0.00317747        2.51184e-05        4.28592e-06             101325           0.170629        4.28592e-06            1985.04                  0           0.987291            7.77966        1.91896e+07        5.40532e-05        5.41481e-06         0.00025186          0.0448987         0.00181465          0.0987659        1.96389e-06        1.00643e-20         5.1173e-22        4.99307e-20         1.4222e-20         0.00177647           0.119671        9.33495e-11        5.37105e-13        1.18131e-18            0.73276
127         0.00320259        2.51184e-05        4.28463e-06             101325           0.170578        4.28463e-06            1985.75                  0           0.987778            7.36072        1.81307e+07        5.25404e-05         5.1838e-06        0.000244642          0.0448756          0.0017901          0.0987945         1.9277e-06          9.237e-21        4.68097e-22        4.60991e-20        1.33032e-20         0.00172737           0.119748        8.69061e-11         5.0828e-13        1.07158e-18            0.73276
128         0.00322771        2.51184e-05        4.28338e-06             101325           0.170528        4.28338e-06            1986.44                  0           0.988252            6.96537        1.71293e+07        5.10744e-05        4.96347e-06        0.000237659          0.0448534         0.00176596          0.0988224        1.89274e-06        8.48178e-21        4.28467e-22        4.25945e-20        1.24544e-20         0.00167971           0.119823        8.09277e-11        4.81075e-13        9.72447e-19            0.73276
129         0.00325283        2.51184e-05        4.28217e-06             101325            0.17048        4.28217e-06            1987.11                  0           0.988712            6.59282        1.61835e+07        4.96555e-05        4.75355e-06        0.000230911           0.044832         0.00174223          0.0988495        1.85904e-06        7.79267e-21        3.92484e-22        3.93893e-20        1.16698e-20         0.00163351           0.119896        7.53857e-11        4.55424e-13        8.82965e-19            0.73276
130         0.00327795        2.51184e-05        4.28099e-06             101325           0.170433        4.28099e-06            1987.75                  0           0.989158            6.24231        1.52914e+07        4.82838e-05        4.55376e-06        0.000224397          0.0448115         0.00171894          0.0988759        1.82659e-06        7.16425e-21        3.59821e-22        3.64586e-20        1.09444e-20         0.00158877           0.119966        7.02531e-11        4.31265e-13        8.02253e-19            0.73276
131         0.00330306        2.51184e-05        4.27986e-06             101325           0.170388        4.27986e-06            1988.38                  0           0.989591             5.9131        1.44511e+07        4.69594e-05        4.36384e-06        0.000218118          0.0447918         0.00169611          0.0989015        1.79541e-06        6.59152e-21        3.30183e-22        3.37794e-20        1.02737e-20         0.00154551           0.120034        6.55045e-11        4.08538e-13        7.29506e-19            0.73276
132         0.00332818        2.51184e-05        4.27876e-06             101325           0.170344        4.27876e-06            1988.98                  0            0.99001            5.60447        1.36607e+07        4.56826e-05        4.18355e-06        0.000212075           0.044773         0.00167379          0.0989264        1.76548e-06         6.0699e-21        3.03302e-22         3.1331e-20        9.65352e-21         0.00150373           0.120099        6.11157e-11        3.87184e-13        6.63989e-19            0.73276
133          0.0033533        2.51184e-05         4.2777e-06             101325           0.170302         4.2777e-06            1989.57                  0           0.990414            5.31576        1.29187e+07        4.44536e-05        4.01262e-06        0.000206266          0.0447549         0.00165198          0.0989505        1.73683e-06        5.59518e-21        2.78934e-22        2.90942e-20        9.08033e-21         0.00146346           0.120163         5.7064e-11        3.67148e-13        6.05031e-19            0.73276
134         0.00337842        2.51184e-05        4.27668e-06             101325           0.170261        4.27668e-06            1990.13                  0           0.990804             5.0463        1.22233e+07        4.32728e-05        3.85083e-06        0.000200694          0.0447377         0.00163074          0.0989737        1.70946e-06        5.16351e-21        2.56858e-22        2.70521e-20        8.55075e-21          0.0014247           0.120224        5.33283e-11        3.48375e-13        5.52021e-19            0.73276
135         0.00340354        2.51184e-05         4.2757e-06             101325           0.170222         4.2757e-06            1990.67                  0            0.99118            4.79549         1.1573e+07        4.21404e-05        3.69796e-06        0.000195359          0.0447214         0.00161008          0.0989962        1.68336e-06        4.77137e-21        2.36871e-22        2.51887e-20        8.06176e-21         0.00138747           0.120282        4.98885e-11        3.30814e-13        5.04403e-19            0.73276
136         0.00342866        2.51184e-05        4.27476e-06             101325           0.170185        4.27476e-06            1991.19                  0           0.991541            4.56275        1.09662e+07        4.10569e-05        3.55379e-06        0.000190261          0.0447058         0.00159004          0.0990178        1.65853e-06        4.41552e-21        2.18794e-22          2.349e-20        7.61064e-21          0.0013518           0.120338        4.67259e-11        3.14418e-13        4.61673e-19            0.73276
137         0.00345377        2.51184e-05        4.27386e-06             101325           0.170149        4.27386e-06            1991.69                  0           0.991887            4.34751        1.04015e+07        4.00229e-05        3.41814e-06        0.000185403           0.044691         0.00157066          0.0990385        1.63499e-06        4.09303e-21         2.0246e-22         2.1943e-20        7.19492e-21         0.00131771           0.120392        4.38233e-11        2.99139e-13        4.23374e-19            0.73276
138         0.00347889        2.51184e-05        4.27301e-06             101325           0.170115        4.27301e-06            1992.16                  0           0.992218            4.14925        9.87757e+06        3.90388e-05        3.29083e-06        0.000180787          0.0446771         0.00155198          0.0990583        1.61274e-06        3.80121e-21        1.87722e-22        2.05361e-20        6.81236e-21         0.00128521           0.120443        4.11644e-11        2.84936e-13        3.89095e-19            0.73276
139         0.00350401        2.51184e-05        4.27219e-06             101325           0.170082        4.27219e-06            1992.61                  0           0.992534            3.96748        9.39309e+06        3.81055e-05         3.1717e-06        0.000176416          0.0446639         0.00153405          0.0990772        1.59177e-06        3.53765e-21        1.74446e-22        1.92587e-20        6.46098e-21         0.00125435           0.120491        3.87346e-11        2.71769e-13        3.58463e-19            0.73276
140         0.00352913        2.51184e-05        4.27142e-06             101325           0.170052        4.27142e-06            1993.03                  0           0.992833            3.80171        8.94684e+06        3.72238e-05        3.06062e-06        0.000172292          0.0446516          0.0015169          0.0990952         1.5721e-06        3.30015e-21         1.6251e-22        1.81014e-20        6.13897e-21         0.00122514           0.120537        3.65201e-11          2.596e-13        3.31145e-19            0.73276
141         0.00355425        2.51184e-05         4.2707e-06             101325           0.170023         4.2707e-06            1993.44                  0           0.993117            3.65147        8.53767e+06        3.63947e-05        2.95747e-06        0.000168419          0.0446401          0.0015006          0.0991122        1.55373e-06        3.08673e-21        1.51809e-22        1.70559e-20        5.84478e-21         0.00119765            0.12058        3.45087e-11        2.48399e-13        3.06844e-19            0.73276
142         0.00357937        2.51184e-05        4.27002e-06             101325           0.169996        4.27002e-06            1993.81                  0           0.993383            3.51631        8.16451e+06        3.56193e-05        2.86216e-06        0.000164803          0.0446293         0.00148518          0.0991281        1.53667e-06        2.89563e-21        1.42246e-22        1.61146e-20        5.57703e-21          0.0011719           0.120621         3.2689e-11        2.38135e-13        2.85294e-19            0.73276
143         0.00360449        2.51184e-05        4.26938e-06             101325           0.169971        4.26938e-06            1994.16                  0           0.993633            3.39576        7.82635e+06        3.48991e-05        2.77465e-06        0.000161449          0.0446194         0.00147072           0.099143        1.52094e-06        2.72528e-21        1.33738e-22        1.52711e-20        5.33453e-21         0.00114796           0.120658        3.10514e-11        2.28784e-13        2.66262e-19            0.73276
144          0.0036296        2.51184e-05         4.2688e-06             101325           0.169947         4.2688e-06            1994.49                  0           0.993864            3.28936        7.52222e+06        3.42357e-05        2.69491e-06        0.000158364          0.0446103         0.00145727          0.0991568        1.50654e-06        2.57434e-21        1.26211e-22        1.45196e-20        5.11633e-21         0.00112588           0.120693         2.9587e-11        2.20326e-13        2.49544e-19            0.73276
145         0.00365472        2.51184e-05        4.26827e-06             101325           0.169926        4.26827e-06            1994.78                  0           0.994077             3.1966        7.25123e+06        3.36311e-05        2.62295e-06        0.000155555          0.0446021          0.0014449          0.0991694         1.4935e-06        2.44161e-21        1.19602e-22        1.38555e-20        4.92164e-21         0.00110573           0.120725        2.82886e-11        2.12747e-13        2.34963e-19            0.73276
146         0.00367984        2.51184e-05        4.26779e-06             101325           0.169907        4.26779e-06            1995.05                  0           0.994271            3.11692        7.01254e+06        3.30872e-05        2.55884e-06        0.000153031          0.0445947         0.00143369          0.0991807        1.48185e-06        2.32613e-21        1.13859e-22        1.32749e-20         4.7499e-21         0.00108759           0.120753        2.71503e-11        2.06036e-13        2.22373e-19            0.73276
147         0.00370496        2.51184e-05        4.26736e-06             101325            0.16989        4.26736e-06            1995.28                  0           0.994445            3.04974        6.80535e+06        3.26068e-05        2.50267e-06        0.000150805          0.0445883         0.00142371          0.0991908        1.47162e-06        2.22711e-21        1.08941e-22        1.27748e-20        4.60077e-21         0.00107155           0.120778        2.61676e-11         2.0019e-13        2.11651e-19            0.73276
148         0.00373008        2.51184e-05          4.267e-06             101325           0.169876          4.267e-06            1995.49                  0           0.994598            2.99435        6.62891e+06        3.21927e-05        2.45461e-06        0.000148888          0.0445827         0.00141506          0.0991995        1.46284e-06        2.14397e-21        1.04815e-22        1.23532e-20        4.47411e-21         0.00105771             0.1208        2.53375e-11        1.95214e-13        2.02702e-19            0.73276
149          0.0037552        2.51184e-05        4.26669e-06             101325           0.169863        4.26669e-06            1995.66                  0           0.994728            2.95002        6.48257e+06        3.18482e-05        2.41488e-06        0.000147294          0.0445781         0.00140783          0.0992068        1.45557e-06        2.07634e-21        1.01462e-22         1.2009e-20        4.37005e-21         0.00104619           0.120818        2.46588e-11        1.91117e-13         1.9546e-19            0.73276
150         0.00378031        2.51184e-05        4.26645e-06             101325           0.169854        4.26645e-06            1995.79                  0           0.994835            2.91591        6.36573e+06        3.15769e-05        2.38377e-06         0.00014604          0.0445744          0.0014021          0.0992125        1.44987e-06        2.02406e-21        9.88709e-23        1.17421e-20        4.28895e-21         0.00103712           0.120832        2.41319e-11         1.8792e-13        1.89886e-19            0.73276
151         0.00380543        2.51184e-05        4.26628e-06             101325           0.169847        4.26628e-06            1995.88                  0           0.994918            2.89117        6.27799e+06        3.13829e-05         2.3616e-06        0.000145144          0.0445718           0.001398          0.0992166         1.4458e-06         1.9872e-21        9.70448e-23        1.15535e-20        4.23139e-21         0.00103062           0.120843        2.37592e-11        1.85648e-13        1.85967e-19            0.73276
152         0.00383055        2.51184e-05        4.26618e-06             101325           0.169843        4.26618e-06            1995.94                  0           0.994974            2.87505        6.21919e+06        3.12703e-05        2.34877e-06        0.000144625          0.0445703         0.00139561           0.099219        1.44345e-06        1.96599e-21        9.59947e-23        1.14448e-20        4.19814e-21         0.00102685           0.120849        2.35444e-11        1.84335e-13        1.83718e-19            0.73276
