# Time 0.00086
# eta = 0.002
# length = 2.13577e-05
#--- 	  	 LEM Line data  --- 
#(1) wafer              (2) x             (3) dx              (4) m              (5) p            (6) rho              (7) m              (8) T              (9) Z             (10) C          (11) dCdt       (12) heatRel                  (13) Y_H2                  (14) Y_H                  (15) Y_O                  (16) Y_O2                  (17) Y_OH                  (18) Y_H2O                  (19) Y_HO2                  (20) Y_CH2                  (21) Y_CH2(S)                  (22) Y_CH3                  (23) Y_CH4                  (24) Y_CO                  (25) Y_CO2                  (26) Y_HCO                  (27) Y_CH2O                  (28) Y_CH2OH                  (29) Y_N2
0        1.25592e-05        2.51184e-05         2.8299e-05             101325            1.12663         2.8299e-05            301.337                  0                  0                  0         5.0262e-12        1.42257e-07        2.72013e-17        2.13851e-13           0.222484        4.06312e-12        6.56432e-05        5.04656e-08        1.34099e-16        6.97456e-18         6.3192e-07          0.0446117        5.36012e-06        7.25306e-05        1.01423e-16        4.23101e-07        1.54897e-20            0.73276
1        3.76775e-05        2.51184e-05        2.82519e-05             101325            1.12475        2.82519e-05            301.839                  0        0.000656704        3.58885e-07            20.0324         2.0374e-07        4.69259e-17        2.41229e-13           0.222441        5.62712e-12        9.04545e-05         6.8955e-08        2.45958e-16        1.28187e-17        8.72562e-07          0.0446001        7.74573e-06        9.94519e-05        1.87597e-16        5.96889e-07        2.87291e-20            0.73276
2        6.27959e-05        2.51184e-05        2.81875e-05             101325            1.12219        2.81875e-05            302.528                  0         0.00086899        4.97602e-07            34.5378        2.99297e-07        8.30009e-17        2.30073e-13           0.222381        7.83778e-12        0.000124782        9.38113e-08        4.74894e-16        2.48231e-17        1.20767e-06          0.0445841        1.15394e-05        0.000136022        3.67115e-16        8.55878e-07        5.64186e-20            0.73276
3        8.79143e-05        2.51184e-05        2.80934e-05             101325            1.11844        2.80934e-05             303.54                  0         0.00119516        7.35315e-07            64.3691          4.529e-07        1.54097e-16        1.93292e-13           0.222294        1.11818e-11        0.000175485         1.2982e-07         9.5423e-16        5.00896e-17        1.70457e-06          0.0445604        1.77388e-05        0.000189219        7.50483e-16        1.25973e-06         1.1618e-19            0.73276
4        0.000113033        2.51184e-05        2.79596e-05             101325            1.11311        2.79596e-05             304.99                  0         0.00167245        1.13662e-06            124.445        6.92226e-07        2.99762e-16        1.42726e-13           0.222168        1.61672e-11        0.000248593        1.80961e-07        1.95071e-15        1.03009e-16         2.4229e-06          0.0445262        2.75461e-05        0.000264728        1.56636e-15        1.87151e-06        2.45891e-19            0.73276
5        0.000138151        2.51184e-05        2.77737e-05             101325            1.10571        2.77737e-05            307.028                  0         0.00235471        1.82495e-06            244.111        1.05689e-06        6.06501e-16        9.21898e-14           0.221991        2.35752e-11        0.000351987        2.52512e-07        4.00541e-15        2.13248e-16        3.44029e-06          0.0444777        4.27123e-05        0.000369732        3.29653e-15        2.77855e-06        5.29764e-19            0.73276
6        0.000163269        2.51184e-05        2.75211e-05             101325            1.09566        2.75211e-05            309.842                  0         0.00331096         3.0342e-06            478.666        1.60215e-06        1.26333e-15         5.1839e-14           0.221745        3.46552e-11        0.000495732        3.51438e-07        8.21376e-15        4.42169e-16        4.85528e-06            0.04441        6.57233e-05        0.000513062         6.9618e-15        4.09876e-06        1.15978e-18            0.73276
7        0.000188388        2.51184e-05        2.71852e-05             101325            1.08228        2.71852e-05            313.663                  0         0.00462776        5.21931e-06            929.446        2.40324e-06        2.68934e-15        2.52588e-14            0.22141         5.1494e-11        0.000692423           4.87e-07        1.68098e-14        9.18244e-16        6.79013e-06          0.0443172         0.00010002        0.000705304        1.47581e-14        5.98764e-06        2.58964e-18            0.73276
8        0.000213506        2.51184e-05        2.67487e-05             101325            1.06491        2.67487e-05             318.77                  0         0.00641131        9.28979e-06            1777.23        3.55965e-06        5.84138e-15        1.07075e-14            0.22096        7.77343e-11        0.000957452        6.71659e-07        3.44216e-14        1.91614e-15        9.39275e-06          0.0441919        0.000150231        0.000958817        3.15235e-14         8.6446e-06        5.94164e-18            0.73276
9        0.000238624        2.51184e-05        2.61954e-05             101325            1.04288        2.61954e-05            325.487                  0         0.00878881        1.71209e-05            3336.46        5.19888e-06         1.2986e-14        4.12219e-15           0.220365        1.19937e-10         0.00130915        9.22416e-07        7.08213e-14        4.03716e-15        1.28372e-05          0.0440251        0.000222385         0.00128759        6.82133e-14        1.23177e-05         1.4134e-17            0.73276
10        0.000263743        2.51184e-05        2.55121e-05             101325            1.01568        2.55121e-05            334.182                  0          0.0119085        3.26967e-05            6141.65        7.47846e-06        2.96788e-14        1.88878e-15            0.21959         1.9018e-10         0.00176871        1.26277e-06        1.47007e-13        8.62712e-15        1.73223e-05          0.0438065        0.000324058         0.00170696        1.50311e-13        1.73049e-05        3.51442e-17            0.73276
11        0.000288861        2.51184e-05        2.46918e-05             101325           0.983017        2.46918e-05            345.252                  0          0.0159382        6.47147e-05            11083.4        1.05853e-05        6.99554e-14        2.16989e-15           0.218599        3.10975e-10         0.00235982        1.72547e-06        3.08629e-13        1.87456e-14        2.30676e-05          0.0435247        0.000464387         0.00223311        3.38412e-13        2.39501e-05        9.17992e-17            0.73276
12         0.00031398        2.51184e-05        2.37358e-05             101325           0.944957        2.37358e-05            359.112                  0          0.0210609        0.000132571            19621.2        1.47313e-05        1.70002e-13        5.70615e-15           0.217349        5.24381e-10         0.00310793        2.35621e-06        6.55148e-13         4.1387e-14        3.03076e-05          0.0431671        0.000653909         0.00288247        7.78613e-13        3.26328e-05        2.51856e-16            0.73276
13        0.000339098        2.51184e-05        2.26555e-05             101325           0.901951        2.26555e-05            376.173                  0          0.0274696        0.000280045            34116.9         2.0145e-05         4.2416e-13        1.93406e-14           0.215798        9.08293e-10         0.00403933        3.21825e-06        1.40136e-12        9.24311e-14        3.92844e-05          0.0427208        0.000904179         0.00367101        1.82451e-12        4.37523e-05        7.21354e-16            0.73276
14        0.000364216        2.51184e-05        2.14725e-05             101325           0.854852        2.14725e-05            396.813                  0          0.0353593         0.00060604              58358        2.70598e-05         1.0787e-12        7.31398e-14           0.213907        1.60402e-09         0.00517992         4.3979e-06        3.00197e-12        2.07214e-13        5.02402e-05          0.0421731         0.00122722          0.0046136        4.32643e-12        5.77067e-05        2.13305e-15            0.73276
15        0.000389335        2.51184e-05        2.02159e-05             101325           0.804827        2.02159e-05            421.365                  0          0.0449186         0.00133145            98388.8        3.57013e-05        2.77555e-12        2.97347e-13           0.211636        2.85946e-09          0.0065541        6.01052e-06        6.39075e-12        4.61808e-13        6.34119e-05          0.0415118         0.00163487         0.00572348        1.02974e-11        7.48712e-05        6.42462e-15            0.73276
16        0.000414453        2.51184e-05        1.89195e-05             101325           0.753216        1.89195e-05            450.088                  0          0.0563222         0.00293771             163845        4.62757e-05          7.198e-12        1.26414e-12           0.208951        5.09079e-09         0.00818383        8.20673e-06        1.34167e-11        1.01316e-12        7.90291e-05          0.0407261         0.00213818         0.00701204        2.44038e-11        9.55798e-05        1.94796e-14            0.73276
17        0.000439571        2.51184e-05        1.76172e-05             101325           0.701366        1.76172e-05            483.169                  0          0.0697257         0.00643668             270129        5.89614e-05        1.88481e-11         5.4834e-12           0.205822        8.96441e-09          0.0100881        1.11783e-05        2.76188e-11        2.17094e-12        9.73164e-05          0.0398065         0.00274691         0.00848883        5.72545e-11        0.000120113         5.9142e-14            0.73276
18         0.00046469        2.51184e-05        1.63391e-05             101325           0.650486        1.63391e-05            520.716                  0          0.0852635          0.0138631             442048        7.39064e-05        5.02346e-11        2.38228e-11           0.202224        1.55113e-08          0.0122831        1.51631e-05         5.5681e-11        4.52802e-12        0.000118501           0.038745         0.00346938          0.0101618        1.32791e-10        0.000148691        1.80709e-13            0.73276
19        0.000489808        2.51184e-05        1.51098e-05             101325           0.601545        1.51098e-05            562.771                  0            0.10305          0.0291352             720223        9.12293e-05        1.37739e-10        1.02313e-10           0.198137        2.63469e-08          0.0147821        2.04492e-05         1.1071e-10        9.23415e-12        0.000142824          0.0375348         0.00431238          0.0120379        3.05967e-10        0.000181477        5.64179e-13            0.73276
20        0.000514927        2.51184e-05        1.39467e-05             101325           0.555239        1.39467e-05            609.323                  0           0.123182          0.0596293        1.17384e+06        0.000111024        3.90964e-10        4.30065e-10           0.193541        4.42937e-08          0.0175967        2.73761e-05        2.21554e-10         1.8726e-11        0.000170555          0.0361702         0.00528144          0.0141233        7.09104e-10        0.000218572        1.83037e-12            0.73276
21        0.000540045        2.51184e-05        1.28604e-05             101325           0.511993        1.28604e-05            660.318                  0           0.145745           0.119701        1.93058e+06        0.000133365        1.14395e-09        1.75298e-09            0.18842        7.54171e-08          0.0207366        3.63304e-05        4.63163e-10         3.9032e-11        0.000202006           0.034646         0.00638099          0.0164238        1.68341e-09        0.000260026        6.19772e-12            0.73276
22        0.000565163        2.51184e-05        1.18561e-05             101325           0.472011        1.18561e-05            715.681                  0           0.170817           0.241003        3.25704e+06        0.000158315        3.39941e-09        6.86106e-09           0.182762         1.3559e-07          0.0242108        4.77311e-05        1.05762e-09        8.73359e-11        0.000237561          0.0329578         0.00761466          0.0189452        4.16517e-09        0.000305829        2.15687e-11            0.73276
23        0.000590282        2.51184e-05        1.09345e-05             101325           0.435319        1.09345e-05            775.317                  0           0.198472           0.507383        5.78565e+06        0.000185927        1.00568e-08        2.55283e-08           0.176551        2.70385e-07          0.0280271        6.19901e-05        2.69581e-09        2.15831e-10        0.000277706          0.0311013         0.00898536          0.0216932        1.08023e-08        0.000355907        7.50825e-11            0.73276
24          0.0006154        2.51184e-05        1.00932e-05             101325           0.401827        1.00932e-05            839.122                  0           0.228777            1.17321        1.11419e+07        0.000216246        2.90861e-08        8.95103e-08           0.169777        6.11013e-07          0.0321923         7.9428e-05        7.49136e-09        5.81781e-10        0.000323085          0.0290727          0.0104953           0.024673        2.90158e-08        0.000410115        2.54738e-10            0.73276
25        0.000640518        2.51184e-05        9.32817e-06             101325           0.371368        9.32817e-06             906.98                  0           0.261792            3.03813        2.35856e+07        0.000249311        8.12357e-08        2.94035e-07           0.162432        1.51969e-06          0.0367106        0.000100111        2.15816e-08        1.63662e-09        0.000374574          0.0268691          0.0121454          0.0278885        7.87474e-08        0.000468215         8.2703e-10            0.73276
26        0.000665637        2.51184e-05        8.63418e-06             101325            0.34374        8.63418e-06            978.749                  0            0.29756            8.52702        5.40228e+07        0.000285141        2.17796e-07        9.02915e-07           0.154515        3.93862e-06          0.0415819        0.000123568        6.15972e-08        4.59157e-09        0.000433273          0.0244893          0.0139349          0.0313417        2.10198e-07        0.000529816        2.54125e-09            0.73276
27        0.000690755        2.51184e-05        8.00593e-06             101325           0.318728        8.00593e-06            1054.24                  0           0.336088            24.4858        1.29101e+08        0.000323708        5.59408e-07        2.59425e-06           0.146037        1.01613e-05          0.0467969        0.000148349        1.69161e-07        1.24512e-08        0.000500147           0.021936          0.0158594          0.0350299        5.39764e-07        0.000594229        7.34245e-09            0.73276
28        0.000715873        2.51184e-05         7.4384e-06             101325           0.296134         7.4384e-06            1133.15                  0           0.377317            68.5798        3.09947e+08        0.000364903        1.37514e-06        6.99556e-06           0.137022        2.53948e-05          0.0523364        0.000171502        4.39602e-07        3.20442e-08        0.000574798          0.0192168          0.0179103           0.038948        1.31259e-06        0.000660181        1.98604e-08           0.732759
29        0.000740992        2.51184e-05        6.92739e-06             101325            0.27579        6.92739e-06            1214.97                  0           0.421125            181.828        7.25779e+08        0.000408407        3.22552e-06        1.77603e-05           0.127506        6.05774e-05           0.058165        0.000188321        1.06856e-06        7.72964e-08        0.000652499          0.0163491          0.0200715          0.0430901        2.98588e-06        0.000725046        5.00276e-08           0.732759
30         0.00076611        2.51184e-05        6.47019e-06             101325           0.257588        6.47019e-06            1298.78                  0           0.467305            447.389        1.61881e+09        0.000453283        7.16556e-06        4.24881e-05            0.11756        0.000136491          0.0642092        0.000193278        2.39444e-06        1.72194e-07        0.000719217          0.0133734          0.0223083          0.0474469        6.26232e-06        0.000782994         1.1608e-07           0.732758
31        0.000791229        2.51184e-05        6.06663e-06             101325           0.241522        6.06663e-06            1382.87                  0           0.515419            1001.83        3.35526e+09        0.000497093        1.48802e-05        9.55175e-05            0.10734        0.000287255          0.0703202        0.000182752        4.81926e-06        3.45319e-07        0.000747625          0.0103769          0.0245412          0.0520009        1.18342e-05        0.000821478        2.42281e-07           0.732757
32        0.000816347        2.51184e-05        5.72009e-06             101325           0.227725        5.72009e-06            1464.12                  0            0.56458            1990.49        6.25967e+09        0.000534461        2.83268e-05        0.000200292          0.0971536        0.000556489          0.0762266        0.000157605        8.31083e-06        5.95559e-07        0.000704114         0.00751739           0.026601          0.0567187        1.94135e-05        0.000817364         4.3426e-07           0.732756
33        0.000841465        2.51184e-05        5.43706e-06             101325           0.216458        5.43706e-06            1537.86                  0           0.613162            3394.71        1.00644e+10        0.000556367        4.82714e-05        0.000386375          0.0875256        0.000975086           0.081524        0.000123376        1.14653e-05        8.26939e-07         0.00057757         0.00501729          0.0281912          0.0615387        2.62913e-05         0.00074273        6.23668e-07           0.732756
34        0.000866584        2.51184e-05         5.2223e-06             101325           0.207907         5.2223e-06            1599.12                  0           0.658743             4808.1        1.32566e+10        0.000554409        7.23648e-05        0.000671113          0.0791005         0.00152259          0.0857939        8.83931e-05        1.20288e-05        8.80075e-07        0.000406955         0.00308005          0.0289606          0.0663585        2.82376e-05        0.000594309        6.81678e-07           0.732756
35        0.000891702        2.51184e-05        5.07121e-06             101325           0.201892        5.07121e-06            1645.64                  0           0.698831            5588.71        1.38979e+10        0.000530408        9.58935e-05         0.00102788          0.0723321         0.00211363          0.0888361        5.97078e-05        9.84048e-06        7.33905e-07        0.000252801         0.00176461          0.0287435          0.0710358        2.42391e-05        0.000416288        5.80144e-07           0.732756
36         0.00091682        2.51184e-05        4.96921e-06             101325           0.197832        4.96921e-06             1679.2                  0           0.732162            5470.37        1.19147e+10        0.000496904        0.000115253         0.00138874          0.0672554         0.00264957          0.0907702        3.98509e-05        6.77112e-06        5.15025e-07        0.000144952        0.000965583          0.0277032          0.0754251        1.75406e-05        0.000262672        4.13365e-07           0.732757
37        0.000941939        2.51184e-05        4.89954e-06             101325           0.195058        4.89954e-06            1703.54                  0            0.75912            4762.92        8.92065e+09        0.000465875        0.000129388          0.0016936           0.063581         0.00307825          0.0918961        2.75467e-05        4.21975e-06        3.26572e-07        7.97111e-05        0.000514931          0.0261765          0.0794274        1.13897e-05        0.000155193        2.65048e-07           0.732758
38        0.000967057        2.51184e-05        4.84934e-06             101325            0.19306        4.84934e-06            1722.03                  0            0.78092            3903.47        6.24747e+09        0.000442353        0.000138781         0.00191903          0.0609294         0.00339706          0.0925125        2.03452e-05        2.49758e-06         1.9609e-07        4.29785e-05        0.000271103           0.024464          0.0830054        6.95188e-06        8.83897e-05        1.60465e-07           0.732758
39        0.000992175        2.51184e-05        4.81061e-06             101325           0.191518        4.81061e-06            1736.97                  0           0.798802            3135.23        4.33225e+09        0.000426201        0.000144356         0.00206933          0.0589772         0.00362598          0.0928385        1.62043e-05        1.43971e-06        1.14378e-07        2.29796e-05        0.000141947          0.0227563          0.0861666        4.10094e-06        4.93686e-05        9.41902e-08           0.732759
40         0.00101729        2.51184e-05        4.77882e-06             101325           0.190252        4.77882e-06            1749.69                  0           0.813743            2524.71        3.10022e+09        0.000415404        0.000147001         0.00215948          0.0574938         0.00378791          0.0930122        1.37975e-05        8.18867e-07        6.56923e-08        1.22567e-05        7.42197e-05          0.0211516          0.0889423         2.3757e-06        2.73011e-05        5.43679e-08           0.732759
41         0.00104241        2.51184e-05        4.75147e-06             101325           0.189163        4.75147e-06            1760.94                  0           0.826441            2059.11        2.34363e+09        0.000407866        0.000147447         0.00220516          0.0563271         0.00390156          0.0931136        1.23494e-05        4.62789e-07        3.74267e-08        6.54311e-06         3.8847e-05          0.0196904          0.0913727        1.36499e-06        1.50299e-05        3.11007e-08           0.732759
42         0.00106753        2.51184e-05         4.7272e-06             101325           0.188197         4.7272e-06            1771.15                  0           0.837387            1705.43        1.88107e+09        0.000401997        0.000146267         0.00221927          0.0553796         0.00398055          0.0931865        1.14279e-05        2.60916e-07         2.1241e-08        3.50276e-06        2.03836e-05          0.0183818          0.0934998        7.83426e-07        8.26369e-06        1.77102e-08           0.732759
43         0.00109265        2.51184e-05        4.70524e-06             101325           0.187323        4.70524e-06            1780.56                  0           0.846928            1433.07        1.58989e+09        0.000396761          0.0001439         0.00221142          0.0545892         0.00403432          0.0932532        1.07979e-05        1.47082e-07        1.20383e-08        1.88263e-06        1.07324e-05          0.0172197          0.0953634        4.52023e-07        4.54654e-06        1.00656e-08            0.73276
44         0.00111777        2.51184e-05        4.68512e-06             101325           0.186522        4.68512e-06            1789.29                  0           0.855323            1219.05        1.39602e+09        0.000391554        0.000140684         0.00218846          0.0539156          0.0040694          0.0933243        1.03319e-05        8.30127e-08        6.82339e-09        1.01662e-06        5.67375e-06           0.016191          0.0969995        2.63995e-07        2.50612e-06        5.71891e-09            0.73276
45         0.00114289        2.51184e-05        4.66655e-06             101325           0.185782        4.66655e-06            1797.45                  0           0.862764             1047.4        1.25732e+09         0.00038607        0.000136876         0.00215522          0.0533318          0.0040903          0.0934039         9.9613e-06        4.69451e-08        3.87134e-09        5.51793e-07        3.01287e-06          0.0152807          0.0984403        1.57357e-07        1.38503e-06        3.25128e-09            0.73276
46           0.001168        2.51184e-05        4.64932e-06             101325           0.185097        4.64932e-06            1805.11                  0           0.869404            907.278        1.15057e+09        0.000380185        0.000132671         0.00211506          0.0528192         0.00410023          0.0934929        9.64859e-06        2.66121e-08        2.19976e-09        3.01106e-07        1.60749e-06          0.0144738          0.0997138        9.66862e-08        7.67804e-07        1.85059e-09            0.73276
47         0.00119312        2.51184e-05        4.63328e-06             101325           0.184458        4.63328e-06            1812.31                  0           0.875364            791.278        1.06318e+09        0.000373883         0.00012822         0.00207033          0.0523644          0.0041015          0.0935906        9.37305e-06        1.51251e-08        1.25217e-09        1.65206e-07        8.61883e-07          0.0137563           0.100844        6.19252e-08        4.27055e-07        1.05492e-09            0.73276
48         0.00121824        2.51184e-05         4.6183e-06             101325           0.183861         4.6183e-06            1819.09                  0           0.880745            694.221          9.883e+08        0.000367206        0.000123638         0.00202273          0.0519575         0.00409586          0.0936954        9.12297e-06        8.61922e-09        7.14154e-10        9.11353e-08        4.64436e-07          0.0131159           0.101852        4.17725e-08        2.38348e-07        6.02366e-10            0.73276
49         0.00124336        2.51184e-05        4.60428e-06             101325           0.183303        4.60428e-06            1825.49                  0           0.885629            612.367        9.22195e+08        0.000360221        0.000119011         0.00197345           0.051591         0.00408464          0.0938058        8.89153e-06        4.92467e-09        4.08109e-10        5.05433e-08        2.51535e-07          0.0125417           0.102755        2.98767e-08         1.3349e-07        3.44554e-10            0.73276
50         0.00126848        2.51184e-05        4.59113e-06             101325            0.18278        4.59113e-06            1831.53                  0           0.890083            542.923        8.62738e+08        0.000353003        0.000114404         0.00192337          0.0512586         0.00406887          0.0939203        8.67459e-06         2.8209e-09        2.33675e-10        2.81766e-08        1.36919e-07          0.0120245           0.103568          2.267e-08        7.50214e-08        1.97431e-10            0.73276
51          0.0012936        2.51184e-05        4.57877e-06             101325           0.182288        4.57877e-06            1837.25                  0           0.894167             483.73        8.08662e+08        0.000345627        0.000109866         0.00187312          0.0509558         0.00404938          0.0940373        8.46952e-06        1.61974e-09        1.34054e-10        1.57863e-08        7.49032e-08          0.0115561           0.104304         1.8147e-08        4.23056e-08        1.13324e-10            0.73276
52         0.00131871        2.51184e-05        4.56713e-06             101325           0.181824        4.56713e-06            1842.68                  0           0.897928            433.077        7.59153e+08        0.000338158         0.00010543         0.00182318          0.0506783         0.00402686          0.0941558        8.27453e-06        9.32178e-10        7.70469e-11        8.88666e-09         4.1179e-08            0.01113           0.104974        1.51777e-08        2.39366e-08        6.51561e-11            0.73276
53         0.00134383        2.51184e-05        4.55616e-06             101325           0.181387        4.55616e-06            1847.82                  0           0.901407            389.581        7.13639e+08        0.000330656        0.000101122         0.00177388           0.050423         0.00400186          0.0942747        8.08837e-06        5.37636e-10        4.43615e-11        5.02532e-09        2.27481e-08          0.0107403           0.105587        1.31228e-08        1.35883e-08        3.75226e-11            0.73276
54         0.00136895        2.51184e-05        4.54579e-06             101325           0.180975        4.54579e-06            1852.71                  0            0.90464            352.104        6.71685e+08        0.000323169        9.69582e-05         0.00172547           0.050187         0.00397485          0.0943933        7.91009e-06        3.10714e-10        2.55861e-11        2.85397e-09        1.26256e-08           0.010382            0.10615        1.16191e-08        7.73949e-09        2.16428e-11            0.73276
55         0.00139407        2.51184e-05        4.53598e-06             101325           0.180584        4.53598e-06            1857.36                  0           0.907655            319.704        6.32937e+08        0.000315737        9.29493e-05         0.00167812          0.0499681          0.0039462          0.0945108        7.73895e-06        1.79916e-10        1.47817e-11        1.62739e-09         7.0394e-09          0.0100511           0.106669        1.04581e-08        4.42338e-09        1.25025e-11            0.73276
56         0.00141919        2.51184e-05        4.52668e-06             101325           0.180214        4.52668e-06             1861.8                  0           0.910479            291.596        5.97092e+08        0.000308392        8.91007e-05         0.00163196          0.0497642         0.00391625          0.0946268        7.57433e-06        1.04369e-10        8.55355e-12        9.31518e-10        3.94216e-09         0.00974413           0.107152        9.51895e-09        2.53753e-09        7.23315e-12            0.73276
57         0.00144431        2.51184e-05        4.51786e-06             101325           0.179863        4.51786e-06            1866.02                  0           0.913133            267.119        5.63884e+08         0.00030116        8.54146e-05         0.00158707          0.0495736         0.00388526          0.0947409        7.41572e-06        6.06504e-11        4.95739e-12        5.35121e-10        2.21707e-09         0.00945796           0.107602        8.73033e-09        1.46189e-09        4.19081e-12            0.73276
58         0.00146942        2.51184e-05        4.50947e-06             101325           0.179529        4.50947e-06            1870.06                  0           0.915636            245.723        5.33074e+08         0.00029406        8.18902e-05         0.00154348          0.0493948         0.00385346          0.0948527        7.26269e-06        3.53044e-11        2.87762e-12        3.08453e-10        1.25201e-09         0.00919011           0.108022        8.04933e-09        8.46588e-10        2.43168e-12            0.73276
59         0.00149454        2.51184e-05        4.50148e-06             101325           0.179211        4.50148e-06            1873.92                  0           0.918004            226.943         5.0445e+08        0.000287105        7.85248e-05         0.00150124          0.0492267         0.00382104          0.0949622        7.11485e-06        2.05844e-11        1.67295e-12         1.7837e-10        7.09823e-10          0.0089384           0.108418        7.44926e-09        4.93588e-10        1.41305e-12            0.73276
60         0.00151966        2.51184e-05        4.49387e-06             101325           0.178908        4.49387e-06            1877.62                  0            0.92025            210.388        4.77819e+08        0.000280306        7.53144e-05         0.00146033           0.049068         0.00378816          0.0950692        6.97185e-06        1.20213e-11        9.74097e-13        1.03463e-10         4.0397e-10         0.00870099           0.108791        6.91295e-09         2.9046e-10        8.22371e-13            0.73276
61         0.00154478        2.51184e-05        4.48661e-06             101325           0.178619        4.48661e-06            1881.16                  0           0.922387            195.729        4.53006e+08        0.000273668        7.22537e-05         0.00142074          0.0489179         0.00375496          0.0951735        6.83339e-06        7.03165e-12        5.68059e-13        6.01887e-11        2.30752e-10         0.00847627           0.109144        6.42883e-09        1.73193e-10         4.7936e-13            0.73276
62          0.0015699        2.51184e-05        4.47967e-06             101325           0.178342        4.47967e-06            1884.55                  0           0.924425             182.69        4.29855e+08        0.000267196        6.93368e-05         0.00138246          0.0487755         0.00372154          0.0952752         6.6992e-06        4.11965e-12        3.31792e-13        3.51126e-11        1.32277e-10         0.00826289           0.109479        5.98872e-09        1.05243e-10        2.79884e-13            0.73276
63         0.00159502        2.51184e-05        4.47303e-06             101325           0.178078        4.47303e-06            1887.81                  0           0.926374            171.037        4.08223e+08        0.000260891        6.65576e-05         0.00134546          0.0486401           0.003688          0.0953743        6.56902e-06        2.41748e-12        1.94103e-13        2.05393e-11        7.60887e-11         0.00805967           0.109799        5.58655e-09        6.56937e-11         1.6371e-13            0.73276
64         0.00162013        2.51184e-05        4.46667e-06             101325           0.177825        4.46667e-06            1890.95                  0            0.92824            160.575        3.87981e+08        0.000254753        6.39095e-05         0.00130969          0.0485111          0.0036544          0.0954707        6.44261e-06        1.42093e-12        1.13738e-13        1.20461e-11        4.39143e-11         0.00786559           0.110104        5.21763e-09        4.25428e-11        9.59475e-14            0.73276
65         0.00164525        2.51184e-05        4.46057e-06             101325           0.177582        4.46057e-06            1893.97                  0           0.930032            151.136        3.69013e+08        0.000248779         6.1386e-05         0.00127512          0.0483879         0.00362082          0.0955645        6.31978e-06        8.36574e-13        6.67581e-14        7.08306e-12        2.54275e-11         0.00767976           0.110396        4.87819e-09         2.8886e-11        5.63606e-14            0.73276
66         0.00167037        2.51184e-05        4.45471e-06             101325           0.177349        4.45471e-06            1896.87                  0           0.931755            142.582        3.51213e+08        0.000242967        5.89807e-05         0.00124169            0.04827         0.00358731          0.0956558         6.2003e-06        4.93368e-13        3.92508e-14        4.17527e-12          1.477e-11         0.00750141           0.110676         4.5651e-09        2.07426e-11        3.31952e-14            0.73276
67         0.00169549        2.51184e-05        4.44908e-06             101325           0.177124        4.44908e-06            1899.68                  0           0.933416            134.794        3.34488e+08        0.000237313        5.66871e-05         0.00120938          0.0481569          0.0035539          0.0957446        6.08402e-06        2.91468e-13        2.31184e-14         2.4673e-12        8.60602e-12         0.00732987           0.110945        4.27569e-09        1.58117e-11         1.9615e-14            0.73276
68         0.00172061        2.51184e-05        4.44366e-06             101325           0.176909        4.44366e-06            1902.38                  0           0.935018            127.672         3.1875e+08        0.000231813        5.44991e-05         0.00117813          0.0480484         0.00352062           0.095831        5.97074e-06        1.72497e-13        1.36413e-14        1.46157e-12        5.02976e-12         0.00716455           0.111205        4.00768e-09        1.27603e-11        1.16384e-14            0.73276
69         0.00174573        2.51184e-05        4.43844e-06             101325           0.176701        4.43844e-06               1905                  0           0.936567             121.13        3.03922e+08        0.000226463        5.24108e-05         0.00114789          0.0479439         0.00348749          0.0959152        5.86032e-06        1.02274e-13        8.06425e-15        8.67912e-13        2.94844e-12         0.00700493           0.111456        3.75907e-09        1.08142e-11        6.94305e-15            0.73276
70         0.00177084        2.51184e-05         4.4334e-06             101325             0.1765         4.4334e-06            1907.52                  0           0.938066            115.096        2.89934e+08        0.000221256        5.04165e-05         0.00111862          0.0478434         0.00345454          0.0959971         5.7526e-06        6.07519e-14        4.77645e-15        5.16633e-13        1.73349e-12         0.00685055           0.111699        3.52811e-09        9.52254e-12         4.1722e-15            0.73276
71         0.00179596        2.51184e-05        4.42855e-06             101325           0.176307        4.42855e-06            1909.97                  0           0.939519            109.509         2.7672e+08        0.000216188        4.85109e-05         0.00109027          0.0477463         0.00342178          0.0960768        5.64744e-06        3.61569e-14        2.83468e-15        3.08276e-13        1.02215e-12           0.006701           0.111934        3.31323e-09        8.62193e-12        2.53224e-15            0.73276
72         0.00182108        2.51184e-05        4.42385e-06             101325            0.17612        4.42385e-06            1912.34                  0           0.940929            104.316        2.64223e+08        0.000211254        4.66888e-05         0.00106281          0.0476526         0.00338922          0.0961546        5.54471e-06        2.15615e-14        1.68571e-15        1.84396e-13        6.04458e-13         0.00655592           0.112162        3.11306e-09        7.95803e-12        1.55808e-15            0.73276
73          0.0018462        2.51184e-05        4.41931e-06             101325            0.17594        4.41931e-06            1914.64                  0           0.942298            99.4732         2.5239e+08        0.000206448        4.49454e-05         0.00103619          0.0475619         0.00335685          0.0962303        5.44429e-06        1.28839e-14        1.00453e-15        1.10566e-13        3.58477e-13         0.00641497           0.112383        2.92634e-09        7.44001e-12        9.76773e-16            0.73276
74         0.00187132        2.51184e-05        4.41492e-06             101325           0.175765        4.41492e-06            1916.87                  0           0.943631             94.941        2.41173e+08        0.000201765        4.32762e-05         0.00101037          0.0474741         0.00332469          0.0963042        5.34605e-06        7.71465e-15        5.99893e-16        6.64592e-14        2.13204e-13         0.00627788           0.112598        2.75197e-09        7.01415e-12        6.27802e-16            0.73276
75         0.00189644        2.51184e-05        4.41066e-06             101325           0.175595        4.41066e-06            1919.03                  0           0.944928            90.6867        2.30528e+08          0.0001972         4.1677e-05        0.000985305           0.047389         0.00329272          0.0963764         5.2499e-06        4.62928e-15        3.59033e-16        4.00463e-14        1.27164e-13         0.00614437           0.112808        2.58894e-09        6.64845e-12        4.16623e-16            0.73276
76         0.00192156        2.51184e-05        4.40654e-06             101325           0.175431        4.40654e-06            1921.14                  0           0.946192            86.6818        2.20416e+08        0.000192748        4.01438e-05        0.000960967          0.0473064         0.00326095          0.0964468        5.15572e-06        2.78396e-15        2.15363e-16         2.4191e-14        7.60607e-14         0.00601422           0.113013        2.43636e-09        6.32369e-12        2.87429e-16            0.73276
77         0.00194667        2.51184e-05        4.40254e-06             101325           0.175272        4.40254e-06            1923.19                  0           0.947426            82.9018        2.10799e+08        0.000188404        3.86728e-05        0.000937318          0.0472262         0.00322938          0.0965156        5.06342e-06          1.678e-15        1.29482e-16        1.46501e-14        4.56231e-14          0.0058872           0.113212        2.29342e-09        6.02818e-12        2.07212e-16            0.73276
78         0.00197179        2.51184e-05        4.39865e-06             101325           0.175117        4.39865e-06            1925.18                  0            0.94863            79.3253        2.01645e+08        0.000184164        3.72606e-05        0.000914325          0.0471482         0.00319799          0.0965828        4.97291e-06        1.01374e-15         7.8033e-17        8.89486e-15        2.74433e-14         0.00576313           0.113407        2.15937e-09         5.7547e-12        1.56399e-16            0.73276
79         0.00199691        2.51184e-05        4.39487e-06             101325           0.174966        4.39487e-06            1927.12                  0           0.949807            75.9338        1.92924e+08        0.000180022        3.59039e-05        0.000891955          0.0470722         0.00316678          0.0966486         4.8841e-06        6.13914e-16        4.71422e-17        5.41461e-15        1.65545e-14         0.00564184           0.113598        2.03356e-09        5.49867e-12        1.23357e-16            0.73276
80         0.00202203        2.51184e-05        4.39119e-06             101325            0.17482        4.39119e-06            1929.01                  0           0.950958            72.7113        1.84606e+08        0.000175974        3.45996e-05         0.00087018          0.0469983         0.00313575          0.0967129        4.79692e-06        3.72711e-16        2.85525e-17        3.30481e-15        1.00144e-14         0.00552315           0.113784        1.91537e-09        5.25712e-12        1.01148e-16            0.73276
81         0.00204715        2.51184e-05        4.38762e-06             101325           0.174678        4.38762e-06            1930.86                  0           0.952085            69.6435        1.76668e+08        0.000172017        3.33451e-05        0.000848972          0.0469263         0.00310487           0.096776        4.71129e-06        2.26868e-16        1.73391e-17        2.02259e-15        6.07532e-15         0.00540693           0.113967        1.80426e-09        5.02803e-12        8.56192e-17            0.73276
82         0.00207227        2.51184e-05        4.38413e-06             101325           0.174539        4.38413e-06            1932.66                  0           0.953188            66.7183        1.69086e+08        0.000168147        3.21376e-05        0.000828303           0.046856         0.00307416          0.0968377        4.62713e-06        1.38478e-16        1.05589e-17        1.24134e-15        3.69616e-15         0.00529305           0.114146        1.69973e-09        4.80999e-12        7.42768e-17            0.73276
83         0.00209738        2.51184e-05        4.38074e-06             101325           0.174404        4.38074e-06            1934.42                  0           0.954269            63.9247        1.61837e+08         0.00016436        3.09747e-05         0.00080815          0.0467874         0.00304359          0.0968982         4.5444e-06        8.47784e-17        6.44919e-18        7.64082e-16        2.25516e-15         0.00518138           0.114321        1.60132e-09        4.60196e-12        6.56123e-17            0.73276
84          0.0021225        2.51184e-05        4.37743e-06             101325           0.174272        4.37743e-06            1936.13                  0            0.95533            61.2532        1.54904e+08        0.000160652        2.98542e-05        0.000788488          0.0467205         0.00301315          0.0969576        4.46301e-06        5.20735e-17         3.9518e-18         4.7177e-16        1.37993e-15         0.00507182           0.114493        1.50862e-09        4.40313e-12        5.87076e-17            0.73276
85         0.00214762        2.51184e-05         4.3742e-06             101325           0.174143         4.3742e-06            1937.82                  0            0.95637            58.6953        1.48267e+08         0.00015702        2.87739e-05        0.000769297           0.046655         0.00298285          0.0970159        4.38293e-06        3.21036e-17        2.43021e-18         2.9225e-16         8.4684e-16         0.00496426           0.114662        1.42125e-09        4.21284e-12        5.29988e-17            0.73276
86         0.00217274        2.51184e-05        4.37104e-06             101325           0.174018        4.37104e-06            1939.46                  0           0.957392            56.2437         1.4191e+08        0.000153462        2.77319e-05        0.000750556          0.0465911         0.00295267           0.097073         4.3041e-06        1.98769e-17        1.50061e-18        1.81696e-16        5.21223e-16         0.00485862           0.114828        1.33886e-09        4.03055e-12        4.81349e-17            0.73276
87         0.00219786        2.51184e-05        4.36796e-06             101325           0.173895        4.36796e-06            1941.07                  0           0.958395            53.8915        1.35819e+08        0.000149974        2.67263e-05        0.000732246          0.0465286          0.0029226          0.0971292        4.22647e-06        1.23696e-17         9.3104e-19        1.13419e-16        3.21768e-16         0.00475481           0.114992        1.26112e-09         3.8558e-12        4.38942e-17            0.73276
88         0.00222298        2.51184e-05        4.36495e-06             101325           0.173775        4.36495e-06            1942.64                  0           0.959381             51.633        1.29977e+08        0.000146554        2.57556e-05         0.00071435          0.0464674         0.00289263          0.0971844        4.14999e-06         7.7459e-18        5.80987e-19        7.11271e-17        1.99244e-16         0.00465276           0.115152        1.18776e-09        3.68818e-12        4.01332e-17            0.73276
89         0.00224809        2.51184e-05          4.362e-06             101325           0.173658          4.362e-06            1944.19                  0           0.960351            49.4627        1.24374e+08        0.000143199         2.4818e-05        0.000696852          0.0464075         0.00286277          0.0972387        4.07464e-06        4.88859e-18        3.65124e-19        4.48488e-17        1.23761e-16          0.0045524            0.11531        1.11849e-09         3.5273e-12        3.67568e-17            0.73276
90         0.00227321        2.51184e-05        4.35912e-06             101325           0.173543        4.35912e-06             1945.7                  0           0.961304             47.376        1.18997e+08        0.000139907        2.39122e-05        0.000679736          0.0463489         0.00283299          0.0972921        4.00037e-06        3.11618e-18        2.31515e-19        2.84661e-17        7.71229e-17         0.00445366           0.115465        1.05307e-09        3.37286e-12        3.36998e-17            0.73276
91         0.00229833        2.51184e-05         4.3563e-06             101325           0.173431         4.3563e-06            1947.18                  0           0.962242            45.3686        1.13834e+08        0.000136676        2.30369e-05        0.000662988          0.0462915          0.0028033          0.0973446        3.92715e-06        2.01194e-18        1.48464e-19        1.82152e-17        4.82227e-17          0.0043565           0.115617        9.91268e-10        3.22453e-12        3.09155e-17            0.73276
92         0.00232345        2.51184e-05        4.35355e-06             101325           0.173321        4.35355e-06            1948.64                  0           0.963165            43.4366        1.08876e+08        0.000133504        2.21906e-05        0.000646595          0.0462353         0.00277369          0.0973962        3.85495e-06        1.32042e-18        9.65833e-20         1.1775e-17        3.02606e-17         0.00426086           0.115768        9.32879e-10        3.08205e-12        2.83696e-17            0.73276
93         0.00234857        2.51184e-05        4.35084e-06             101325           0.173214        4.35084e-06            1950.06                  0           0.964073            41.5765        1.04113e+08        0.000130389        2.13724e-05        0.000630546          0.0461802         0.00274416          0.0974471        3.78376e-06        8.84623e-19        6.39795e-20           7.71e-18        1.90628e-17          0.0041667           0.115916        8.77704e-10        2.94516e-12        2.60353e-17            0.73276
94         0.00237369        2.51184e-05        4.34819e-06             101325           0.173108        4.34819e-06            1951.46                  0           0.964968            39.7853        9.95368e+07         0.00012733        2.05811e-05         0.00061483          0.0461262         0.00271469          0.0974972        3.71354e-06        6.07827e-19         4.3339e-20        5.13021e-18        1.20602e-17         0.00407398           0.116061         8.2556e-10        2.81362e-12        2.38912e-17            0.73276
95          0.0023988        2.51184e-05         4.3456e-06             101325           0.173005         4.3456e-06            1952.84                  0           0.965849            38.0599        9.51386e+07        0.000124325        1.98156e-05        0.000599436          0.0460734         0.00268529          0.0975466        3.64428e-06        4.30263e-19        3.01514e-20        3.48223e-18        7.66703e-18         0.00398267           0.116205        7.76281e-10        2.68721e-12        2.19195e-17            0.73276
96         0.00242392        2.51184e-05        4.34306e-06             101325           0.172904        4.34306e-06            1954.18                  0           0.966716            36.3979        9.09111e+07        0.000121373        1.90752e-05        0.000584356          0.0460215         0.00265595          0.0975952        3.57597e-06        3.14906e-19        2.16272e-20        2.42099e-18         4.9017e-18         0.00389273           0.116346        7.29709e-10        2.56574e-12         2.0105e-17            0.73276
97         0.00244904        2.51184e-05        4.34056e-06             101325           0.172804        4.34056e-06            1955.51                  0           0.967571            34.7968        8.68474e+07        0.000118472        1.83588e-05        0.000569581          0.0459708         0.00262668          0.0976431        3.50859e-06        2.38745e-19         1.6036e-20        1.73073e-18        3.15487e-18         0.00380414           0.116485        6.85697e-10        2.44901e-12        1.84344e-17            0.73276
98         0.00247416        2.51184e-05        4.33812e-06             101325           0.172707        4.33812e-06            1956.81                  0           0.968413            33.2543        8.29408e+07        0.000115623        1.76656e-05        0.000555102           0.045921         0.00259746          0.0976903        3.44214e-06        1.87439e-19        1.23009e-20        1.27613e-18        2.04722e-18         0.00371687           0.116622         6.4411e-10        2.33684e-12        1.68962e-17            0.73276
99         0.00249928        2.51184e-05        4.33572e-06             101325           0.172612        4.33572e-06            1958.09                  0           0.969242            31.7685        7.91852e+07        0.000112822         1.6995e-05        0.000540915          0.0458723         0.00256831          0.0977368         3.3766e-06        1.52015e-19        9.74935e-21        9.72039e-19        1.34195e-18         0.00363091           0.116757        6.04819e-10        2.22906e-12        1.54798e-17            0.73276
100          0.0025244        2.51184e-05        4.33337e-06             101325           0.172518        4.33337e-06            1959.34                  0           0.970059            30.3374        7.55749e+07        0.000110071        1.63462e-05        0.000527011          0.0458245         0.00253922          0.0977827        3.31197e-06        1.26841e-19        7.95954e-21        7.64691e-19        8.90795e-19         0.00354624           0.116891        5.67706e-10        2.12553e-12        1.41756e-17            0.73276
101         0.00254951        2.51184e-05        4.33106e-06             101325           0.172426        4.33106e-06            1960.57                  0           0.970864            28.9593        7.21046e+07        0.000107367        1.57186e-05        0.000513386          0.0457777         0.00251018          0.0978279        3.24825e-06        1.08362e-19        6.66587e-21        6.20027e-19        6.00658e-19         0.00346285           0.117022        5.32658e-10        2.02609e-12        1.29751e-17            0.73276
102         0.00257463        2.51184e-05         4.3288e-06             101325           0.172336         4.3288e-06            1961.79                  0           0.971657            27.6325        6.87692e+07        0.000104711        1.51114e-05        0.000500033          0.0457319         0.00248121          0.0978725        3.18545e-06         9.4326e-20        5.70014e-21        5.16373e-19          4.129e-19         0.00338072           0.117151        4.99569e-10         1.9306e-12        1.18704e-17            0.73276
103         0.00259975        2.51184e-05        4.32658e-06             101325           0.172248        4.32658e-06            1962.97                  0           0.972438            26.3555        6.55639e+07        0.000102102        1.45242e-05         0.00048695           0.045687         0.00245231          0.0979164        3.12355e-06        8.32965e-20        4.95521e-21        4.39878e-19        2.90482e-19         0.00329986           0.117278        4.68339e-10        1.83894e-12        1.08541e-17            0.73276
104         0.00262487        2.51184e-05         4.3244e-06             101325           0.172161         4.3244e-06            1964.14                  0           0.973208            25.1268        6.24843e+07         9.9539e-05        1.39563e-05         0.00047413          0.0456431         0.00242348          0.0979597        3.06258e-06        7.43498e-20        4.36227e-21         3.8164e-19        2.09934e-19         0.00322025           0.117403        4.38875e-10        1.75097e-12        9.91959e-18            0.73276
105         0.00264999        2.51184e-05        4.32227e-06             101325           0.172076        4.32227e-06            1965.29                  0           0.973965            23.9451        5.95262e+07        9.70221e-05        1.34072e-05        0.000461572          0.0456001         0.00239471          0.0980024        3.00252e-06        6.68869e-20        3.87671e-21        3.35902e-19        1.56334e-19          0.0031419           0.117526        4.11088e-10        1.66658e-12        9.06069e-18            0.73276
106         0.00267511        2.51184e-05        4.32017e-06             101325           0.171993        4.32017e-06            1966.42                  0           0.974711            22.8089        5.66855e+07        9.45509e-05        1.28766e-05        0.000449271           0.045558         0.00236603          0.0980445         2.9434e-06        6.05143e-20        3.46928e-21        2.98912e-19        1.20169e-19         0.00306479           0.117647        3.84893e-10        1.58565e-12        8.27169e-18            0.73276
107         0.00270022        2.51184e-05        4.31812e-06             101325           0.171911        4.31812e-06            1967.52                  0           0.975445            21.7171        5.39584e+07         9.2125e-05        1.23637e-05        0.000437224          0.0455168         0.00233743          0.0980859        2.88522e-06        5.49699e-20         3.1205e-21        2.68204e-19        9.53492e-20         0.00298894           0.117766        3.60211e-10        1.50808e-12        7.54729e-18            0.73276
108         0.00272534        2.51184e-05        4.31611e-06             101325           0.171831        4.31611e-06            1968.61                  0           0.976168            20.6685        5.13413e+07        8.97444e-05        1.18683e-05        0.000425429          0.0454766         0.00230893          0.0981268        2.82799e-06        5.00757e-20        2.81717e-21        2.42135e-19        7.79634e-20         0.00291434           0.117883        3.36966e-10        1.43375e-12        6.88261e-18            0.73276
109         0.00275046        2.51184e-05        4.31413e-06             101325           0.171752        4.31413e-06            1969.68                  0           0.976879            19.6618        4.88306e+07        8.74088e-05        1.13899e-05        0.000413884          0.0454373         0.00228052           0.098167        2.77173e-06        4.57083e-20        2.55014e-21        2.19595e-19        6.54899e-20           0.002841           0.117999        3.15085e-10        1.36257e-12        6.27311e-18            0.73276
110         0.00277558        2.51184e-05         4.3122e-06             101325           0.171675         4.3122e-06            1970.72                  0           0.977578            18.6959        4.64231e+07        8.51181e-05        1.09281e-05        0.000402586          0.0453989         0.00225221          0.0982067        2.71644e-06        4.17797e-20         2.3129e-21        1.99824e-19        5.62956e-20         0.00276893           0.118112          2.945e-10        1.29443e-12        5.71456e-18            0.73276
111          0.0028007        2.51184e-05         4.3103e-06             101325             0.1716         4.3103e-06            1971.75                  0           0.978265            17.7698        4.41156e+07        8.28723e-05        1.04824e-05        0.000391534          0.0453615         0.00222403          0.0982457        2.66214e-06        3.82252e-20        2.10072e-21        1.82286e-19        4.93178e-20         0.00269812           0.118223        2.75145e-10        1.22925e-12        5.20306e-18            0.73276
112         0.00282582        2.51184e-05        4.30844e-06             101325           0.171526        4.30844e-06            1972.76                  0           0.978941            16.8823        4.19049e+07        8.06714e-05        1.00526e-05        0.000380726          0.0453249         0.00219597          0.0982841        2.60885e-06        3.49959e-20        1.90999e-21        1.66598e-19        4.38611e-20         0.00262859           0.118332        2.56957e-10        1.16693e-12        4.73497e-18            0.73276
113         0.00285093        2.51184e-05        4.30662e-06             101325           0.171453        4.30662e-06            1973.74                  0           0.979605            16.0324        3.97881e+07        7.85153e-05        9.63811e-06        0.000370161          0.0452892         0.00216804          0.0983219        2.55657e-06        3.20535e-20        1.73793e-21        1.52476e-19        3.94676e-20         0.00256035           0.118439        2.39878e-10        1.10738e-12        4.30692e-18            0.73276
114         0.00287605        2.51184e-05        4.30484e-06             101325           0.171382        4.30484e-06            1974.71                  0           0.980257             15.219        3.77622e+07        7.64041e-05        9.23873e-06        0.000359838          0.0452545         0.00214026          0.0983591        2.50534e-06        2.93671e-20        1.58232e-21        1.39706e-19        3.58334e-20          0.0024934           0.118545        2.23849e-10        1.05051e-12        3.91576e-18            0.73276
115         0.00290117        2.51184e-05         4.3031e-06             101325           0.171313         4.3031e-06            1975.66                  0           0.980896            14.4412        3.58245e+07        7.43379e-05        8.85405e-06        0.000349754          0.0452206         0.00211264          0.0983957        2.45516e-06        2.69112e-20        1.44133e-21        1.28117e-19         3.2755e-20         0.00242775           0.118648        2.08816e-10        9.96239e-13        3.55859e-18            0.73276
116         0.00292629        2.51184e-05        4.30139e-06             101325           0.171245        4.30139e-06            1976.59                  0           0.981524            13.6979        3.39723e+07        7.23166e-05        8.48374e-06         0.00033991          0.0451877          0.0020852          0.0984316        2.40604e-06        2.46638e-20        1.31342e-21        1.17576e-19        3.00945e-20         0.00236341           0.118749        1.94727e-10        9.44479e-13         3.2327e-18            0.73276
117         0.00295141        2.51184e-05        4.29972e-06             101325           0.171178        4.29972e-06             1977.5                  0            0.98214            12.9882         3.2203e+07        7.03404e-05        8.12746e-06        0.000330305          0.0451556         0.00205794           0.098467        2.35801e-06        2.26063e-20        1.19726e-21         1.0797e-19        2.77572e-20         0.00230039           0.118848        1.81531e-10        8.95149e-13        2.93559e-18            0.73276
118         0.00297653        2.51184e-05        4.29809e-06             101325           0.171113        4.29809e-06            1978.38                  0           0.982743            12.3111        3.05139e+07        6.84094e-05        7.78487e-06        0.000320938          0.0451244         0.00203087          0.0985016        2.31108e-06         2.0722e-20        1.09171e-21        9.92041e-20        2.56772e-20          0.0022387           0.118945        1.69182e-10        8.48168e-13        2.66491e-18            0.73276
119         0.00300164        2.51184e-05         4.2965e-06             101325            0.17105         4.2965e-06            1979.25                  0           0.983334            11.6656        2.89025e+07        6.65237e-05        7.45566e-06        0.000311807          0.0450942         0.00200402          0.0985357        2.26527e-06        1.89961e-20         9.9577e-22        9.11981e-20        2.38074e-20         0.00217835            0.11904        1.57633e-10        8.03458e-13        2.41852e-18            0.73276
120         0.00302676        2.51184e-05        4.29494e-06             101325           0.170988        4.29494e-06             1980.1                  0           0.983913            11.0508        2.73665e+07        6.46834e-05         7.1395e-06        0.000302914          0.0450648         0.00197741          0.0985691        2.22059e-06        1.74154e-20        9.08532e-22        8.38809e-20        2.21137e-20         0.00211935           0.119132         1.4684e-10         7.6094e-13         2.1944e-18            0.73276
121         0.00305188        2.51184e-05        4.29342e-06             101325           0.170928        4.29342e-06            1980.93                  0           0.984479            10.4658        2.59033e+07        6.28887e-05        6.83609e-06        0.000294256          0.0450363         0.00195104          0.0986018        2.17705e-06        1.59678e-20        8.29198e-22          7.719e-20        2.05707e-20         0.00206171           0.119223        1.36762e-10         7.2054e-13         1.9907e-18            0.73276
122           0.003077        2.51184e-05        4.29194e-06             101325           0.170869        4.29194e-06            1981.74                  0           0.985032            9.90956        2.45108e+07        6.11395e-05        6.54512e-06        0.000285833          0.0450087         0.00192493          0.0986339        2.13468e-06        1.46424e-20        7.57047e-22        7.10697e-20        1.91587e-20         0.00200544           0.119311        1.27358e-10        6.82181e-13        1.80571e-18            0.73276
123         0.00310212        2.51184e-05        4.29049e-06             101325           0.170811        4.29049e-06            1982.54                  0           0.985573             9.3813        2.31865e+07        5.94362e-05        6.26627e-06        0.000277646           0.044982          0.0018991          0.0986653        2.09348e-06        1.34292e-20         6.9143e-22          6.547e-20        1.78627e-20         0.00195055           0.119397         1.1859e-10        6.45792e-13        1.63783e-18            0.73276
124         0.00312724        2.51184e-05        4.28909e-06             101325           0.170755        4.28909e-06            1983.31                  0             0.9861            8.88011        2.19284e+07        5.77788e-05        5.99925e-06        0.000269693          0.0449562         0.00187358          0.0986961        2.05347e-06        1.23191e-20        6.31759e-22        6.03459e-20        1.66701e-20         0.00189705           0.119482        1.10423e-10        6.11299e-13        1.48561e-18            0.73276
125         0.00315235        2.51184e-05        4.28772e-06             101325             0.1707        4.28772e-06            1984.06                  0           0.986615             8.4051        2.07341e+07        5.61674e-05        5.74378e-06        0.000261974          0.0449312         0.00184837          0.0987261        2.01466e-06        1.13037e-20        5.77501e-22        5.56566e-20        1.55709e-20         0.00184495           0.119563         1.0282e-10        5.78633e-13        1.34768e-18            0.73276
126         0.00317747        2.51184e-05        4.28639e-06             101325           0.170647        4.28639e-06            1984.79                  0           0.987117            7.95545        1.96017e+07        5.46022e-05        5.49955e-06        0.000254489          0.0449071         0.00182351          0.0987555        1.97705e-06        1.03752e-20        5.28172e-22         5.1365e-20        1.45563e-20         0.00179426           0.119643        9.57487e-11        5.47726e-13         1.2228e-18            0.73276
127         0.00320259        2.51184e-05        4.28509e-06             101325           0.170596        4.28509e-06             1985.5                  0           0.987605            7.53033         1.8529e+07        5.30833e-05        5.26628e-06        0.000247238          0.0448839           0.001799          0.0987842        1.94067e-06        9.52666e-21        4.83333e-22        4.74375e-20        1.36192e-20         0.00174499            0.11972        8.91779e-11        5.18509e-13        1.10982e-18            0.73276
128         0.00322771        2.51184e-05        4.28383e-06             101325           0.170546        4.28383e-06            1986.19                  0           0.988081            7.12893        1.75141e+07        5.16109e-05         5.0437e-06         0.00024022          0.0448615         0.00177489          0.0988121        1.90552e-06        8.75153e-21        4.42586e-22        4.38436e-20        1.27529e-20         0.00169715           0.119796        8.30774e-11        4.90919e-13        1.00769e-18            0.73276
129         0.00325283        2.51184e-05        4.28262e-06             101325           0.170497        4.28262e-06            1986.86                  0           0.988542            6.75049         1.6555e+07        5.01852e-05        4.83154e-06        0.000233436          0.0448399         0.00175118          0.0988393         1.8716e-06        8.04384e-21        4.05567e-22        4.05552e-20        1.19518e-20         0.00165075           0.119868        7.74188e-11        4.64891e-13        9.15424e-19            0.73276
130         0.00327795        2.51184e-05        4.28144e-06             101325            0.17045        4.28144e-06            1987.51                  0           0.988991            6.39424        1.56499e+07        4.88064e-05        4.62952e-06        0.000226885          0.0448193          0.0017279          0.0988658        1.83894e-06        7.39808e-21        3.71946e-22        3.75471e-20        1.12108e-20          0.0016058           0.119939         7.2175e-11        4.40365e-13        8.32141e-19            0.73276
131         0.00330307        2.51184e-05        4.28029e-06             101325           0.170405        4.28029e-06            1988.14                  0           0.989425            6.05946        1.47968e+07        4.74747e-05         4.4374e-06        0.000220568          0.0447994         0.00170509          0.0988915        1.80752e-06         6.8092e-21        3.41422e-22        3.47959e-20        1.05255e-20         0.00156232           0.120007        6.73205e-11        4.17279e-13        7.57022e-19            0.73276
132         0.00332818        2.51184e-05        4.27919e-06             101325           0.170361        4.27919e-06            1988.75                  0           0.989846            5.74547        1.39942e+07        4.61903e-05        4.25493e-06        0.000214485          0.0447804         0.00168276          0.0989165        1.77736e-06        6.27256e-21        3.13724e-22        3.22806e-20        9.89159e-21         0.00152032           0.120073        6.28312e-11        3.95577e-13        6.89322e-19            0.73276
133          0.0033533        2.51184e-05        4.27813e-06             101325           0.170319        4.27813e-06            1989.33                  0           0.990252            5.45159        1.32401e+07        4.49535e-05        4.08186e-06        0.000208637          0.0447622         0.00166095          0.0989406        1.74847e-06        5.78391e-21        2.88602e-22        2.99819e-20        9.30549e-21         0.00147981           0.120137        5.86844e-11        3.75203e-13        6.28358e-19            0.73276
134         0.00337842        2.51184e-05         4.2771e-06             101325           0.170278         4.2771e-06             1989.9                  0           0.990645            5.17719        1.25332e+07        4.37648e-05        3.91797e-06        0.000203024          0.0447448         0.00163969           0.098964        1.72084e-06        5.33933e-21        2.65831e-22        2.78823e-20        8.76382e-21         0.00144082           0.120198        5.48588e-11        3.56105e-13        5.73509e-19            0.73276
135         0.00340354        2.51184e-05        4.27612e-06             101325           0.170239        4.27612e-06            1990.44                  0           0.991022            4.92167        1.18717e+07        4.26243e-05        3.76305e-06        0.000197647          0.0447283         0.00161901          0.0989865        1.69449e-06        4.93524e-21        2.45207e-22        2.59659e-20        8.26351e-21         0.00140335           0.120257        5.13343e-11        3.38231e-13        5.24208e-19            0.73276
136         0.00342866        2.51184e-05        4.27517e-06             101325           0.170201        4.27517e-06            1990.96                  0           0.991386            4.68446        1.12542e+07        4.15328e-05        3.61689e-06        0.000192509          0.0447126         0.00159894          0.0990082        1.66941e-06        4.56837e-21        2.26544e-22        2.42181e-20        7.80182e-21         0.00136743           0.120314        4.80922e-11        3.21534e-13        4.79942e-19            0.73276
137         0.00345378        2.51184e-05        4.27427e-06             101325           0.170165        4.27427e-06            1991.46                  0           0.991734              4.465        1.06794e+07        4.04906e-05        3.47931e-06        0.000187611          0.0446976         0.00157953          0.0990291        1.64562e-06        4.23573e-21        2.09674e-22        2.26259e-20        7.37623e-21         0.00133309           0.120367        4.51151e-11        3.05969e-13        4.40244e-19            0.73276
138         0.00347889        2.51184e-05         4.2734e-06             101325           0.170131         4.2734e-06            1991.94                  0           0.992067            4.26279        1.01458e+07        3.94985e-05        3.35014e-06        0.000182954          0.0446835         0.00156082           0.099049        1.62311e-06        3.93459e-21        1.94446e-22        2.11775e-20        6.98449e-21         0.00130035           0.120419        4.23867e-11        2.91492e-13        4.04693e-19            0.73276
139         0.00350401        2.51184e-05        4.27258e-06             101325           0.170098        4.27258e-06            1992.39                  0           0.992385            4.07733        9.65215e+06        3.85572e-05        3.22922e-06        0.000178543          0.0446702         0.00154284           0.099068         1.6019e-06        3.66249e-21        1.80722e-22         1.9862e-20        6.62459e-21         0.00126924           0.120468        3.98922e-11        2.78065e-13        3.72908e-19            0.73276
140         0.00352913        2.51184e-05        4.27181e-06             101325           0.170067        4.27181e-06            1992.82                  0           0.992687            3.90813        9.19732e+06        3.76677e-05        3.11642e-06         0.00017438          0.0446577         0.00152565          0.0990861        1.58198e-06        3.41719e-21        1.68381e-22        1.86699e-20         6.2947e-21          0.0012398           0.120514        3.76178e-11        2.65653e-13         3.4455e-19            0.73276
141         0.00355425        2.51184e-05        4.27108e-06             101325           0.170038        4.27108e-06            1993.23                  0           0.992972            3.75475        8.78013e+06         3.6831e-05        3.01165e-06         0.00017047           0.044646         0.00150929          0.0991032        1.56338e-06        3.19668e-21        1.57311e-22        1.75925e-20        5.99324e-21         0.00121206           0.120558        3.55511e-11        2.54222e-13        3.19311e-19            0.73276
142         0.00357937        2.51184e-05        4.27039e-06             101325           0.170011        4.27039e-06            1993.61                  0           0.993241            3.61672        8.39953e+06        3.60483e-05        2.91481e-06        0.000166818          0.0446352         0.00149383          0.0991192        1.54609e-06        2.99915e-21        1.47416e-22        1.66224e-20        5.71882e-21         0.00118609           0.120598        3.36807e-11        2.43744e-13        2.96921e-19            0.73276
143         0.00360449        2.51184e-05        4.26975e-06             101325           0.169985        4.26975e-06            1993.96                  0           0.993492            3.49359        8.05452e+06        3.53211e-05        2.82587e-06        0.000163429          0.0446251         0.00147932          0.0991342        1.53014e-06        2.82303e-21         1.3861e-22        1.57528e-20        5.47024e-21         0.00116193           0.120636        3.19968e-11        2.34195e-13         2.7714e-19            0.73276
144          0.0036296        2.51184e-05        4.26916e-06             101325           0.169962        4.26916e-06            1994.29                  0           0.993726            3.38488        7.74414e+06         3.4651e-05         2.7448e-06        0.000160311          0.0446159         0.00146582          0.0991481        1.51553e-06         2.6669e-21        1.30817e-22         1.4978e-20        5.24652e-21         0.00113964           0.120671        3.04906e-11        2.25555e-13        2.59757e-19            0.73276
145         0.00365472        2.51184e-05        4.26863e-06             101325            0.16994        4.26863e-06            1994.58                  0           0.993941            3.29008        7.46752e+06        3.40401e-05        2.67162e-06        0.000157471          0.0446076          0.0014534          0.0991608         1.5023e-06        2.52959e-21        1.23973e-22        1.42931e-20        5.04688e-21          0.0011193           0.120703        2.91547e-11        2.17811e-13        2.44594e-19            0.73276
146         0.00367984        2.51184e-05        4.26814e-06             101325           0.169921        4.26814e-06            1994.85                  0           0.994137            3.20863         7.2238e+06        3.34906e-05        2.60641e-06         0.00015492          0.0446001         0.00144214          0.0991722        1.49047e-06        2.41009e-21        1.18025e-22        1.36942e-20        4.87074e-21         0.00110098           0.120732        2.79833e-11        2.10952e-13        2.31496e-19            0.73276
147         0.00370496        2.51184e-05        4.26771e-06             101325           0.169904        4.26771e-06            1995.09                  0           0.994312            3.13994        7.01219e+06         3.3005e-05        2.54927e-06        0.000152669          0.0445935         0.00143212          0.0991824        1.48008e-06         2.3076e-21        1.12929e-22        1.31783e-20        4.71777e-21         0.00108478           0.120758        2.69717e-11        2.04976e-13        2.20339e-19            0.73276
148         0.00373008        2.51184e-05        4.26734e-06             101325           0.169889        4.26734e-06            1995.29                  0           0.994466             3.0833        6.83197e+06        3.25864e-05        2.50037e-06         0.00015073          0.0445879         0.00142343          0.0991912        1.47116e-06        2.22153e-21        1.08655e-22        1.27433e-20        4.58785e-21          0.0010708           0.120779         2.6117e-11        1.99888e-13        2.11025e-19            0.73276
149          0.0037552        2.51184e-05        4.26703e-06             101325           0.169877        4.26703e-06            1995.46                  0           0.994598            3.03795        6.68245e+06        3.22381e-05        2.45993e-06        0.000149118          0.0445832         0.00141616          0.0991985        1.46378e-06        2.15151e-21        1.05179e-22        1.23881e-20        4.48109e-21         0.00105916           0.120798        2.54181e-11        1.95699e-13        2.03487e-19            0.73276
150         0.00378031        2.51184e-05        4.26679e-06             101325           0.169867        4.26679e-06             1995.6                  0           0.994706            3.00305        6.56306e+06        3.19638e-05        2.42826e-06        0.000147849          0.0445795         0.00141041          0.0992043        1.45799e-06        2.09737e-21        1.02494e-22        1.21128e-20        4.39788e-21         0.00104999           0.120812        2.48755e-11        1.92428e-13        1.97684e-19            0.73276
151         0.00380543        2.51184e-05        4.26662e-06             101325            0.16986        4.26662e-06             1995.7                  0           0.994789            2.97773        6.47339e+06        3.17676e-05         2.4057e-06        0.000146943          0.0445768         0.00140628          0.0992084        1.45385e-06        2.05919e-21        1.00601e-22        1.19181e-20        4.33882e-21         0.00104343           0.120822        2.44916e-11        1.90105e-13        1.93603e-19            0.73276
152         0.00383055        2.51184e-05        4.26652e-06             101325           0.169856        4.26652e-06            1995.75                  0           0.994846            2.96123        6.41328e+06        3.16537e-05        2.39263e-06        0.000146417          0.0445753         0.00140388          0.0992108        1.45146e-06        2.03722e-21        9.95129e-23        1.18059e-20         4.3047e-21         0.00103962           0.120828        2.42703e-11        1.88762e-13        1.91261e-19            0.73276
