# Time 0.000905
# eta = 0.002
# length = -4.09683e-05
#--- 	  	 LEM Line data  --- 
#(1) wafer              (2) x             (3) dx              (4) m              (5) p            (6) rho              (7) m              (8) T              (9) Z             (10) C          (11) dCdt       (12) heatRel                  (13) Y_H2                  (14) Y_H                  (15) Y_O                  (16) Y_O2                  (17) Y_OH                  (18) Y_H2O                  (19) Y_HO2                  (20) Y_CH2                  (21) Y_CH2(S)                  (22) Y_CH3                  (23) Y_CH4                  (24) Y_CO                  (25) Y_CO2                  (26) Y_HCO                  (27) Y_CH2O                  (28) Y_CH2OH                  (29) Y_N2
0        1.25592e-05        2.51184e-05        2.82864e-05             101325            1.12612        2.82864e-05            301.472                  0                  0                  0        2.98479e-11         1.7162e-07        2.84567e-17         1.2934e-13           0.222472        4.50279e-12        7.25834e-05         5.4651e-08        1.64804e-16        8.57666e-18        7.01555e-07          0.0446084        6.60072e-06        7.92741e-05        1.26245e-16        4.93086e-07        1.90986e-20            0.73276
1        3.76776e-05        2.51184e-05        2.82355e-05             101325             1.1241        2.82355e-05            302.015                  0        0.000721862        4.03068e-07             23.974        2.44004e-07        4.97951e-17        1.45227e-13           0.222425        6.20357e-12        9.95586e-05        7.43742e-08        2.98887e-16        1.55884e-17        9.63789e-07          0.0445958        9.46242e-06        0.000108175        2.30914e-16        6.91267e-07        3.50525e-20            0.73276
2         6.2796e-05        2.51184e-05        2.81671e-05             101325            1.12137        2.81671e-05            302.747                  0        0.000950425        5.57302e-07            40.9773        3.54142e-07        8.98395e-17        1.37359e-13           0.222362         8.5623e-12        0.000136225        1.00451e-07        5.66403e-16        2.96317e-17        1.32202e-06          0.0445787        1.39142e-05        0.000146687        4.43581e-16        9.80721e-07        6.76241e-20            0.73276
3        8.79144e-05        2.51184e-05        2.80684e-05             101325            1.11745        2.80684e-05            303.809                  0         0.00129613        8.18373e-07            75.1978        5.28616e-07        1.69712e-16        1.14143e-13            0.22227        1.20859e-11        0.000189742        1.37801e-07        1.11379e-15         5.8526e-17        1.84635e-06          0.0445536        2.10789e-05        0.000201979        8.87632e-16        1.42593e-06        1.36427e-19            0.73276
4        0.000113033        2.51184e-05        2.79297e-05             101325            1.11192        2.79297e-05            305.317                  0         0.00179579        1.25503e-06            142.688        7.96939e-07        3.33091e-16        8.32266e-14           0.222139        1.72879e-11        0.000266158        1.90369e-07        2.22795e-15        1.17792e-16        2.59616e-06          0.0445178        3.22579e-05        0.000279624        1.81329e-15        2.09241e-06         2.8287e-19            0.73276
5        0.000138151        2.51184e-05        2.77385e-05             101325            1.10431        2.77385e-05            307.417                  0         0.00250284         1.9981e-06            274.517        1.20079e-06        6.73238e-16        5.30428e-14           0.221955        2.49575e-11        0.000373343        2.63374e-07         4.4818e-15        2.38951e-16        3.64829e-06          0.0444674        4.93198e-05        0.000386627        3.73983e-15        3.06989e-06         5.9781e-19            0.73276
6         0.00016327        2.51184e-05        2.74807e-05             101325            1.09405        2.74807e-05            310.296                  0         0.00348542        3.29356e-06            528.308         1.7976e-06        1.39065e-15        2.94362e-14           0.221703        3.63577e-11          0.0005213        3.63705e-07        9.02053e-15        4.86378e-16        5.09963e-06          0.0443976        7.48806e-05         0.00053156        7.75358e-15        4.47828e-06        1.28608e-18            0.73276
7        0.000188388        2.51184e-05        2.71401e-05             101325            1.08049        2.71401e-05            314.181                  0         0.00482859         5.6164e-06            1008.22        2.66458e-06         2.9252e-15        1.41834e-14           0.221361        5.35986e-11        0.000722495        5.00534e-07        1.81556e-14        9.93496e-16        7.06982e-06          0.0443025        0.000112513        0.000724672        1.61669e-14        6.47419e-06        2.82718e-18            0.73276
8        0.000213506        2.51184e-05        2.67002e-05             101325            1.06297        2.67002e-05            319.346                  0         0.00663645        9.90963e-06            1897.98         3.9027e-06        6.27324e-15        5.99222e-15           0.220905        8.03595e-11        0.000992132         6.8623e-07        3.66347e-14        2.04308e-15        9.70313e-06          0.0441747        0.000166965        0.000977917        3.40276e-14        9.25679e-06        6.39688e-18            0.73276
9        0.000238625        2.51184e-05        2.61451e-05             101325            1.04087        2.61451e-05             326.11                  0         0.00903345         1.8105e-05            3514.27        5.64007e-06        1.37776e-14        2.39237e-15           0.220304         1.2325e-10         0.00134828        9.37711e-07        7.44081e-14        4.24944e-15        1.31691e-05          0.0440055        0.000244348         0.00130485        7.26718e-14         1.3072e-05        1.50266e-17            0.73276
10        0.000263743        2.51184e-05        2.54622e-05             101325            1.01369        2.54622e-05            334.831                  0          0.0121647        3.42806e-05            6391.89         8.0335e-06         3.1139e-14        1.34289e-15           0.219526        1.94394e-10         0.00181183        1.27841e-06        1.52712e-13        8.97743e-15        1.76613e-05          0.0437846        0.000352266         0.00172039        1.58261e-13        1.82132e-05         3.6933e-17            0.73276
11        0.000288861        2.51184e-05        2.46448e-05             101325           0.981145        2.46448e-05            345.903                  0          0.0161945        6.72848e-05            11417.8        1.12676e-05        7.26554e-14        2.02717e-15           0.218532        3.16305e-10         0.00240612        1.74101e-06        3.17415e-13        1.93085e-14        2.33943e-05          0.0435008        0.000499799         0.00224039        3.52533e-13        2.50174e-05        9.54257e-17            0.73276
12         0.00031398        2.51184e-05        2.36941e-05             101325           0.943298        2.36941e-05            359.734                  0          0.0213031        0.000136728            20041.9        1.55501e-05         1.7494e-13        5.67605e-15           0.217281        5.30881e-10         0.00315631        2.37112e-06        6.67863e-13        4.22406e-14        3.05978e-05          0.0431418        0.000697336         0.00288108        8.03259e-13        3.38553e-05        2.59108e-16            0.73276
13        0.000339098        2.51184e-05        2.26212e-05             101325           0.900584        2.26212e-05            376.731                  0          0.0276811        0.000286612            34606.3        2.11039e-05        4.32869e-13        1.92656e-14           0.215733        9.15436e-10          0.0040884        3.23185e-06        1.41745e-12         9.3567e-14        3.95108e-05          0.0426946        0.000956192         0.00365843         1.8657e-12         4.5116e-05        7.34903e-16            0.73276
14        0.000364217        2.51184e-05        2.14468e-05             101325           0.853828        2.14468e-05            397.274                  0           0.035522        0.000615785            58864.9        2.81559e-05        1.09283e-12        7.25953e-14           0.213847        1.60981e-09         0.00522811        4.40923e-06        3.01586e-12        2.08252e-13        5.03738e-05          0.0421468         0.00128808         0.00458751        4.38915e-12        5.91869e-05        2.15362e-15            0.73276
15        0.000389335        2.51184e-05        2.01992e-05             101325           0.804161        2.01992e-05            421.695                  0          0.0450147         0.00134393            98804.8        3.69248e-05        2.79515e-12         2.9434e-13           0.211585        2.85876e-09         0.00659976        6.01818e-06        6.38337e-12         4.6127e-13        6.34241e-05          0.0414862         0.00170448         0.00568197        1.03744e-11        7.64341e-05        6.43493e-15            0.73276
16        0.000414453        2.51184e-05        1.89114e-05             101325            0.75289        1.89114e-05            450.261                  0          0.0563355          0.0029479             163966        4.76099e-05        7.21324e-12        1.24865e-12           0.208911        5.07266e-09         0.00822535        8.20863e-06        1.33379e-11        1.00686e-12        7.88937e-05           0.040702         0.00221606         0.00695374        2.44419e-11        9.71842e-05        1.93783e-14            0.73276
17        0.000439572        2.51184e-05        1.76165e-05             101325           0.701338        1.76165e-05            483.163                  0          0.0696425         0.00642686             269588        6.03844e-05        1.88156e-11        5.40694e-12           0.205796        8.90839e-09           0.010124        1.11714e-05        2.73543e-11         2.1489e-12        9.70108e-05          0.0397847         0.00283229         0.00841297        5.70662e-11        0.000121712        5.85073e-14            0.73276
18         0.00046469        2.51184e-05        1.63445e-05             101325           0.650698        1.63445e-05            520.518                  0          0.0850735           0.013786             440198        7.53918e-05        4.99863e-11        2.34552e-11           0.202213        1.53828e-08           0.012312        1.51434e-05        5.49921e-11        4.46881e-12        0.000118007          0.0387262         0.00356116          0.0100683        1.31839e-10        0.000150238        1.77981e-13            0.73276
19        0.000489809        2.51184e-05        1.51197e-05             101325           0.601936        1.51197e-05            562.374                  0           0.102746          0.0288836             715933         9.2748e-05        1.36659e-10        1.00597e-10           0.198142        2.60905e-08           0.014803        2.04114e-05         1.0911e-10        9.09408e-12        0.000142128          0.0375197         0.00440929          0.0119271         3.0283e-10        0.000182922        5.53778e-13            0.73276
20        0.000514927        2.51184e-05        1.39596e-05             101325            0.55575        1.39596e-05            608.725                  0           0.122762          0.0589815         1.1651e+06        0.000112545        3.86856e-10        4.22362e-10           0.193564        4.38173e-08          0.0176086        2.73133e-05        2.17986e-10        1.84133e-11        0.000169646          0.0361592         0.00538203           0.013996        7.00071e-10         0.00021987        1.79224e-12            0.73276
21        0.000540045        2.51184e-05        1.28751e-05             101325           0.512577        1.28751e-05            659.526                  0           0.145209           0.118212        1.91362e+06        0.000134858        1.12937e-09        1.72013e-09           0.188463        7.45397e-08          0.0207389        3.62347e-05        4.55018e-10        3.83314e-11        0.000200879          0.0346397         0.00648373          0.0162813        1.65857e-09        0.000261135        6.05939e-12            0.73276
22        0.000565164        2.51184e-05        1.18717e-05             101325           0.472628        1.18717e-05            714.702                  0           0.170167           0.237708        3.22405e+06        0.000159749        3.35073e-09        6.72974e-09           0.182823        1.33871e-07          0.0242029        4.75931e-05        1.03755e-09        8.56698e-11         0.00023621          0.0329565         0.00771798          0.0187891        4.09726e-09         0.00030671        2.10739e-11            0.73276
23        0.000590282        2.51184e-05        1.09501e-05             101325           0.435941        1.09501e-05            774.164                  0           0.197713           0.499819        5.71845e+06        0.000187273        9.90472e-09        2.50416e-08           0.176631        2.66609e-07          0.0280087        6.18004e-05        2.64194e-09         2.1153e-10        0.000276127          0.0311053         0.00908771          0.0215251        1.06158e-08         0.00035653        7.33656e-11            0.73276
24        0.000615401        2.51184e-05        1.01085e-05             101325           0.402434        1.01085e-05            837.809                  0           0.227914            1.15414        1.09952e+07        0.000217476        2.86422e-08         8.7848e-08           0.169875        6.01766e-07          0.0321631        7.91787e-05        7.33914e-09         5.7001e-10        0.000321273          0.0290823          0.0105951          0.0244946        2.85065e-08        0.000410455        2.49057e-10            0.73276
25        0.000640519        2.51184e-05        9.34269e-06             101325           0.371946        9.34269e-06            905.521                  0           0.260834             2.9854        2.32449e+07        0.000250399        8.00202e-08        2.88812e-07           0.162549        1.49578e-06          0.0366706        9.97995e-05        2.11502e-08          1.604e-09        0.000372519          0.0268843          0.0122413          0.0277019        7.73903e-08        0.000468255        8.09303e-10            0.73276
26        0.000665637        2.51184e-05        8.64778e-06             101325           0.344281        8.64778e-06            977.162                  0           0.296515            8.37532        5.32055e+07        0.000286064        2.14655e-07        8.87761e-07           0.154649        3.87682e-06          0.0415312        0.000123202        6.04146e-08        4.50351e-09        0.000430965          0.0245103          0.0140257          0.0311488        2.06738e-07        0.000529548        2.48947e-09            0.73276
27        0.000690756        2.51184e-05        8.01849e-06             101325           0.319228        8.01849e-06            1052.54                  0           0.334966            24.0571        1.27144e+08        0.000324447        5.51703e-07        2.55343e-06           0.146188        1.00067e-05          0.0467359        0.000147957        1.66091e-07        1.22251e-08        0.000497586          0.0219626          0.0159438          0.0348327        5.31451e-07        0.000593662        7.20144e-09            0.73276
28        0.000715874        2.51184e-05        7.44989e-06             101325           0.296591        7.44989e-06            1131.35                  0            0.37613             67.434        3.05392e+08        0.000365443        1.35718e-06        6.89274e-06           0.137187        2.50272e-05          0.0522659        0.000171141        4.32146e-07        3.14998e-08        0.000572025          0.0192488          0.0179873          0.0387485        1.29399e-06        0.000659347         1.9504e-08           0.732759
29        0.000740992        2.51184e-05        6.93779e-06             101325           0.276203        6.93779e-06            1213.11                  0           0.419886            178.997        7.15699e+08        0.000408742        3.18593e-06        1.75173e-05           0.127683        5.97531e-05          0.0580861         0.00018808        1.05185e-06        7.60838e-08        0.000649674          0.0163859          0.0201406          0.0428903        2.94762e-06        0.000724024        4.91978e-08           0.732759
30        0.000766111        2.51184e-05        6.47949e-06             101325           0.257958        6.47949e-06            1296.89                  0           0.466028            441.058        1.59813e+09        0.000453426        7.08436e-06        4.19501e-05           0.117748        0.000134771          0.0641239        0.000193249        2.36072e-06        1.69757e-07        0.000716709           0.013414          0.0223694          0.0472487        6.19187e-06        0.000781957        1.14339e-07           0.732758
31        0.000791229        2.51184e-05        6.07481e-06             101325           0.241847        6.07481e-06            1380.98                  0           0.514125            989.415        3.31739e+09          0.0004971        1.47293e-05        9.44117e-05           0.107533        0.000283972          0.0702322        0.000182978        4.76124e-06        3.41125e-07        0.000746046          0.0104191          0.0245955          0.0518062        1.17242e-05        0.000820757        2.39146e-07           0.732757
32        0.000816348        2.51184e-05        5.72708e-06             101325           0.228004        5.72708e-06            1462.31                  0           0.563297            1970.27        6.20175e+09        0.000534457        2.80833e-05         0.00019822          0.0973444        0.000550918          0.0761418        0.000158046        8.23515e-06        5.90034e-07        0.000704054         0.00755757          0.0266517          0.0565295        1.92839e-05         0.00081748        4.29934e-07           0.732756
33        0.000841466        2.51184e-05        5.44279e-06             101325           0.216686        5.44279e-06            1536.22                  0           0.611929            3369.79        9.99934e+09         0.00055654        4.79501e-05        0.000382957          0.0877031        0.000966975          0.0814501        0.000123918        1.14073e-05        8.22527e-07        0.000578969         0.00505127          0.0282437           0.061357        2.62055e-05        0.000744114        6.20016e-07           0.732756
34        0.000866584        2.51184e-05        5.22678e-06             101325           0.208086        5.22678e-06            1597.71                  0            0.65761             4788.6         1.3218e+10        0.000554882        7.20372e-05        0.000666429          0.0792538         0.00151277           0.085737         8.8898e-05        1.20205e-05        8.79153e-07        0.000408914         0.00310494          0.0290205          0.0661869        2.82519e-05        0.000596697        6.80717e-07           0.732756
35        0.000891703        2.51184e-05        5.07465e-06             101325           0.202029        5.07465e-06            1644.49                  0           0.697833            5584.17        1.39081e+10        0.000531093        9.56428e-05         0.00102285          0.0724562         0.00210376          0.0887972        6.00905e-05        9.86758e-06        7.35656e-07         0.00025445         0.00178053          0.0288116          0.0708765        2.43295e-05        0.000418765        5.81388e-07           0.732756
36        0.000916821        2.51184e-05        4.97192e-06             101325           0.197939        4.97192e-06            1678.24                  0           0.731307            5480.13        1.19575e+10        0.000497614        0.000115121         0.00138457          0.0673524         0.00264102          0.0907458        4.01039e-05        6.80417e-06        5.17376e-07        0.000146034        0.000974807          0.0277757          0.0752796        1.76445e-05        0.000264577        4.15189e-07           0.732757
37         0.00094194        2.51184e-05        4.90178e-06             101325           0.195147        4.90178e-06             1702.7                  0            0.75839            4779.39        8.96853e+09        0.000466498        0.000129375         0.00169097          0.0636566         0.00307149          0.0918811        2.77035e-05        4.24498e-06        3.28446e-07        8.03395e-05        0.000519969          0.0262487          0.0792962        1.14715e-05        0.000156429        2.66545e-07           0.732758
38        0.000967058        2.51184e-05        4.85129e-06             101325           0.193137        4.85129e-06            1721.28                  0            0.78029            3920.52        6.28622e+09        0.000442874        0.000138871           0.001918          0.0609895         0.00339197          0.0925028        2.04419e-05        2.51379e-06        1.97329e-07        4.33234e-05        0.000273769          0.0245327          0.0828878        7.00638e-06        8.91213e-05        1.61471e-07           0.732758
39        0.000992176        2.51184e-05        4.81237e-06             101325           0.191588        4.81237e-06            1736.27                  0           0.798252            3150.26        4.35976e+09        0.000426653        0.000144529         0.00206968          0.0590265         0.00362224          0.0928313        1.62663e-05        1.44934e-06         1.1513e-07        2.31639e-05        0.000143335            0.02282          0.0860615        4.13431e-06        4.97817e-05         9.4807e-08           0.732759
40         0.00101729        2.51184e-05        4.78045e-06             101325           0.190317        4.78045e-06            1749.03                  0           0.813256            2537.26        3.11902e+09        0.000415827        0.000147238          0.0021609          0.0575354         0.00378522          0.0930059        1.38402e-05        8.24365e-07        6.61288e-08        1.23539e-05        7.49367e-05          0.0212097          0.0888483        2.39527e-06        2.75284e-05        5.47286e-08           0.732759
41         0.00104241        2.51184e-05        4.75302e-06             101325           0.189225        4.75302e-06            1760.31                  0           0.826005            2069.48        2.35678e+09         0.00040829        0.000147735         0.00220738          0.0563632          0.0038997          0.0931074        1.23814e-05        4.65861e-07         3.7674e-08        6.59396e-06         3.9216e-05          0.0197431          0.0912885        1.37619e-06        1.51531e-05        3.13062e-08           0.732759
42         0.00106753        2.51184e-05        4.72868e-06             101325           0.188256        4.72868e-06            1770.54                  0           0.836991            1714.08        1.89082e+09        0.000402441        0.000146593         0.00222209          0.0554116         0.00397935          0.0931798        1.14541e-05        2.62611e-07         2.1379e-08        3.52931e-06        2.05733e-05          0.0184297          0.0934239        7.89763e-07        8.32996e-06        1.78254e-08           0.732759
43         0.00109265        2.51184e-05        4.70666e-06             101325           0.187379        4.70666e-06            1779.96                  0           0.846567            1440.39        1.59765e+09        0.000397236        0.000144257         0.00221468          0.0546181         0.00403367          0.0932459        1.08206e-05         1.4801e-07        1.21147e-08        1.89648e-06        1.08299e-05          0.0172632          0.0952946          4.556e-07        4.58201e-06        1.01296e-08            0.73276
44         0.00111777        2.51184e-05         4.6865e-06             101325           0.186576         4.6865e-06            1788.71                  0           0.854989            1225.34        1.40262e+09        0.000392066        0.000141063         0.00219207          0.0539421         0.00406921          0.0933164        1.03527e-05        8.35184e-08        6.86537e-09        1.02385e-06        5.72396e-06          0.0162309          0.0969367        2.66027e-07        2.52505e-06        5.75422e-09            0.73276
45         0.00114289        2.51184e-05        4.66789e-06             101325           0.185836        4.66789e-06            1796.88                  0           0.862452            1052.87        1.26322e+09        0.000386619        0.000137272         0.00215909          0.0533564         0.00409052          0.0933954        9.98093e-06        4.72197e-08        3.89432e-09        5.55567e-07        3.03876e-06          0.0153174          0.0983825        1.58528e-07        1.39512e-06        3.27067e-09            0.73276
46         0.00116801        2.51184e-05        4.65063e-06             101325           0.185149        4.65063e-06            1804.54                  0           0.869111            912.092        1.15603e+09        0.000380772         0.00013308         0.00211914          0.0528422         0.00410081          0.0934838         9.6675e-06        2.67608e-08        2.21229e-09        3.03078e-07        1.62085e-06          0.0145079          0.0996602         9.7381e-08        7.73172e-07         1.8612e-09            0.73276
47         0.00119312        2.51184e-05        4.63457e-06             101325           0.184509        4.63457e-06            1811.75                  0           0.875086            795.552        1.06833e+09        0.000374506         0.00012864          0.0020746          0.0523862         0.00410242          0.0935808        9.39153e-06        1.52053e-08        1.25899e-09        1.66236e-07        8.68795e-07          0.0137883           0.100794        6.23553e-08        4.29909e-07        1.06071e-09            0.73276
48         0.00121824        2.51184e-05        4.61957e-06             101325           0.183912        4.61957e-06            1818.53                  0           0.880479            698.046        9.93223e+08        0.000367863        0.000124065         0.00202715          0.0519784          0.0040971          0.0936851         9.1412e-06        8.66242e-09        7.17845e-10        9.16736e-08        4.68014e-07          0.0131461           0.101805         4.2055e-08        2.39864e-07        6.05508e-10            0.73276
49         0.00124336        2.51184e-05        4.60553e-06             101325           0.183353        4.60553e-06            1824.93                  0           0.885371            615.817        9.26939e+08        0.000360911        0.000119444         0.00197802          0.0516111         0.00408617           0.093795        8.90966e-06        4.94783e-09          4.101e-10        5.08242e-08         2.5339e-07          0.0125706            0.10271         3.0076e-08        1.34294e-07        3.46254e-10            0.73276
50         0.00126848        2.51184e-05        4.59237e-06             101325           0.182829        4.59237e-06            1830.98                  0           0.889832            546.059        8.67337e+08        0.000353725        0.000114843         0.00192808          0.0512782         0.00407069           0.093909        8.69273e-06        2.83324e-09        2.34744e-10        2.83228e-08        1.37881e-07          0.0120524           0.103524        2.28218e-08        7.54472e-08        1.98347e-10            0.73276
51          0.0012936        2.51184e-05           4.58e-06             101325           0.182337           4.58e-06             1836.7                  0           0.893919            486.602         8.1314e+08         0.00034638        0.000110309         0.00187797           0.050975         0.00405149          0.0940255        8.48776e-06        1.62628e-09        1.34625e-10         1.5862e-08        7.54017e-08          0.0115834           0.104262         1.8271e-08        4.25303e-08        1.13814e-10            0.73276
52         0.00131872        2.51184e-05        4.56836e-06             101325           0.181873        4.56836e-06            1842.12                  0           0.897682            435.731         7.6353e+08        0.000338942        0.000105878         0.00182816          0.0506973         0.00402926          0.0941436        8.29297e-06        9.35607e-10        7.73488e-11        8.92568e-09        4.14371e-08          0.0111568           0.104932        1.52847e-08        2.40547e-08        6.54167e-11            0.73276
53         0.00134383        2.51184e-05        4.55739e-06             101325           0.181436        4.55739e-06            1847.26                  0           0.901162            392.052        7.17933e+08        0.000331471        0.000101574         0.00177899          0.0504419         0.00400455           0.094262        8.10708e-06        5.39412e-10        4.45195e-11        5.04522e-09        2.28813e-08          0.0107668           0.105545        1.32193e-08          1.365e-08        3.76597e-11            0.73276
54         0.00136895        2.51184e-05        4.54702e-06             101325           0.181024        4.54702e-06            1852.15                  0           0.904393            354.426        6.75913e+08        0.000324016        9.74153e-05         0.00173073           0.050206         0.00397783            0.09438        7.92914e-06        3.11618e-10        2.56677e-11        2.86398e-09        1.26941e-08          0.0104086           0.106108        1.17087e-08        7.77142e-09         2.1714e-11            0.73276
55         0.00139407        2.51184e-05        4.53722e-06             101325           0.180633        4.53722e-06            1856.79                  0           0.907406            321.904        6.37113e+08        0.000316617        9.34116e-05         0.00168353          0.0499872         0.00394949           0.094497        7.75841e-06        1.80364e-10         1.4823e-11        1.63232e-09        7.07437e-09           0.010078           0.106627        1.05428e-08        4.43974e-09        1.25388e-11            0.73276
56         0.00141919        2.51184e-05        4.52793e-06             101325           0.180264        4.52793e-06            1861.22                  0           0.910226            293.697        6.01229e+08        0.000309308        8.95688e-05         0.00163753          0.0497835         0.00391986          0.0946125        7.59428e-06        1.04583e-10        8.57383e-12        9.33866e-10        3.95984e-09         0.00977132           0.107109        9.60014e-09        2.54579e-09        7.25121e-12            0.73276
57         0.00144431        2.51184e-05        4.51912e-06             101325           0.179913        4.51912e-06            1865.44                  0           0.912874            269.143        5.67994e+08        0.000302112        8.58891e-05         0.00159281          0.0495932          0.0038892           0.094726        7.43623e-06        6.07466e-11        4.96693e-12        5.36183e-10        2.22588e-09         0.00948571           0.107558         8.8089e-09        1.46598e-09        4.19946e-12            0.73276
58         0.00146943        2.51184e-05        4.51075e-06             101325            0.17958        4.51075e-06            1869.46                  0            0.91537            247.686         5.3717e+08         0.00029505        8.23718e-05         0.00154941          0.0494149         0.00385775          0.0948373        7.28383e-06        3.53429e-11         2.8818e-12         3.0889e-10        1.25631e-09         0.00921857           0.107978        8.12587e-09        8.48566e-10        2.43558e-12            0.73276
59         0.00149454        2.51184e-05        4.50278e-06             101325           0.179262        4.50278e-06            1873.31                  0            0.91773            228.861        5.08542e+08        0.000288135        7.90143e-05         0.00150736          0.0492473         0.00382569          0.0949461        7.13669e-06        2.05961e-11        1.67454e-12        1.78515e-10        7.11857e-10         0.00896772           0.108372        7.52421e-09        4.94517e-10        1.41463e-12            0.73276
60         0.00151966        2.51184e-05         4.4952e-06             101325            0.17896         4.4952e-06            1876.99                  0           0.919967            212.273        4.81916e+08        0.000281378        7.58124e-05         0.00146666          0.0490892          0.0037932          0.0950524        6.99446e-06        1.20213e-11        9.74494e-13        1.03481e-10        4.04883e-10         0.00873129           0.108743        6.98664e-09        2.90885e-10        8.22862e-13            0.73276
61         0.00154478        2.51184e-05        4.48796e-06             101325           0.178672        4.48796e-06            1880.52                  0           0.922093            197.593        4.57118e+08        0.000274785         7.2761e-05          0.0014273          0.0489398         0.00376041           0.095156        6.85685e-06         7.0275e-12        5.67964e-13        6.01583e-11        2.31125e-10          0.0085077           0.109095        6.50151e-09        1.73388e-10        4.79381e-13            0.73276
62          0.0015699        2.51184e-05        4.48104e-06             101325           0.178397        4.48104e-06             1883.9                  0            0.92412            184.542         4.3399e+08        0.000268361        6.98542e-05         0.00138926          0.0487981         0.00372742           0.095257        6.72357e-06         4.1146e-12        3.31533e-13        3.50694e-11        1.32401e-10         0.00829556           0.109428        6.06061e-09        1.05342e-10        2.79733e-13            0.73276
63         0.00159502        2.51184e-05        4.47443e-06             101325           0.178134        4.47443e-06            1887.14                  0           0.926055            172.886        4.12388e+08        0.000262106        6.70858e-05          0.0013525          0.0486635         0.00369434          0.0953552        6.59438e-06        2.41287e-12        1.93824e-13        2.04982e-11        7.61045e-11         0.00809371           0.109745        5.65783e-09        6.57604e-11         1.6352e-13            0.73276
64         0.00162014        2.51184e-05         4.4681e-06             101325           0.177882         4.4681e-06            1890.26                  0           0.927908            162.427        3.92183e+08         0.00025602        6.44492e-05           0.001317          0.0485354         0.00366123          0.0954508        6.46904e-06         1.4172e-12        1.13495e-13        1.20121e-11        4.38895e-11          0.0079011           0.110048        5.28845e-09         4.2605e-11        9.57737e-14            0.73276
65         0.00164525        2.51184e-05        4.46203e-06             101325            0.17764        4.46203e-06            1893.25                  0           0.929685            152.999        3.73258e+08        0.000250101        6.19379e-05          0.0012827          0.0484131         0.00362816          0.0955437        6.34733e-06        8.33729e-13        6.65659e-14        7.05684e-12        2.53922e-11         0.00771687           0.110337        4.94867e-09        2.89548e-11        5.62203e-14            0.73276
66         0.00167037        2.51184e-05        4.45621e-06             101325           0.177408        4.45621e-06            1896.14                  0           0.931393            144.459        3.55508e+08        0.000244347        5.95453e-05         0.00124957          0.0482962         0.00359519          0.0956341        6.22907e-06        4.91283e-13        3.91064e-14         4.1559e-12        1.47365e-11         0.00754022           0.110615        4.63534e-09        2.08212e-11        3.30895e-14            0.73276
67         0.00169549        2.51184e-05        4.45062e-06             101325           0.177186        4.45062e-06            1898.92                  0           0.933037             136.69        3.38836e+08        0.000238754        5.72651e-05         0.00121756          0.0481842         0.00356235          0.0957219        6.11406e-06         2.8998e-13        2.30137e-14        2.45339e-12        8.57851e-12          0.0073705           0.110881        4.34578e-09        1.59002e-11         1.9539e-14            0.73276
68         0.00172061        2.51184e-05        4.44524e-06             101325           0.176972        4.44524e-06             1901.6                  0           0.934622             129.59        3.23156e+08        0.000233318        5.50911e-05         0.00118663          0.0480768         0.00352967          0.0958073        6.00214e-06        1.71454e-13        1.35671e-14        1.45178e-12        5.00868e-12         0.00720709           0.111138        4.07769e-09        1.28574e-11        1.15857e-14            0.73276
69         0.00174573        2.51184e-05        4.44007e-06             101325           0.176766        4.44007e-06            1904.19                  0           0.936152            123.074         3.0839e+08        0.000228033        5.30174e-05         0.00115672          0.0479735         0.00349718          0.0958904        5.89314e-06        1.01553e-13        8.01256e-15        8.61113e-13        2.93297e-12         0.00704948           0.111386        3.82906e-09        1.09186e-11        6.90763e-15            0.73276
70         0.00177085        2.51184e-05        4.43508e-06             101325           0.176567        4.43508e-06            1906.69                  0           0.937632            117.069        2.94466e+08        0.000222895        5.10381e-05         0.00112779          0.0478741         0.00346491          0.0959712        5.78692e-06        6.02591e-14        4.74089e-15        5.11962e-13        1.72244e-12         0.00689721           0.111625        3.59812e-09        9.63288e-12        4.14927e-15            0.73276
71         0.00179596        2.51184e-05        4.43027e-06             101325           0.176376        4.43027e-06            1909.11                  0           0.939064            111.513         2.8132e+08        0.000217898        4.91478e-05          0.0010998          0.0477784         0.00343285          0.0960498        5.68333e-06        3.58225e-14        2.81045e-15        3.05093e-13        1.01441e-12         0.00674986           0.111857         3.3833e-09        8.73722e-12        2.51809e-15            0.73276
72         0.00182108        2.51184e-05        4.42562e-06             101325           0.176191        4.42562e-06            1911.45                  0           0.940453            106.352        2.68893e+08        0.000213038        4.73415e-05         0.00107271          0.0476859         0.00340102          0.0961263        5.58225e-06         2.1336e-14        1.66932e-15         1.8224e-13        5.99108e-13         0.00660706           0.112081         3.1832e-09        8.07751e-12           1.55e-15            0.73276
73          0.0018462        2.51184e-05        4.42114e-06             101325           0.176012        4.42114e-06            1913.72                  0           0.941801            101.543        2.57131e+08        0.000208308        4.56142e-05         0.00104647          0.0475966         0.00336942          0.0962009        5.48353e-06        1.27326e-14        9.93512e-16        1.09112e-13        3.54819e-13          0.0064685           0.112299        2.99656e-09        7.56313e-12        9.72823e-16            0.73276
74         0.00187132        2.51184e-05         4.4168e-06             101325           0.175839         4.4168e-06            1915.92                  0            0.94311            97.0454        2.45987e+08        0.000203704        4.39613e-05         0.00102103          0.0475102         0.00333807          0.0962735        5.38708e-06        7.61357e-15        5.92515e-16        6.54831e-14        2.10721e-13         0.00633387            0.11251        2.82228e-09        7.14052e-12        6.26625e-16            0.73276
75         0.00189644        2.51184e-05         4.4126e-06             101325           0.175672         4.4126e-06            1918.06                  0           0.944384            92.8264        2.35416e+08         0.00019922        4.23786e-05        0.000996372          0.0474265         0.00330694          0.0963443        5.29277e-06        4.56194e-15        3.54112e-16        3.93926e-14        1.25488e-13         0.00620291           0.112716        2.65934e-09         6.7778e-12        4.17282e-16            0.73276
76         0.00192156        2.51184e-05        4.40853e-06             101325            0.17551        4.40853e-06            1920.13                  0           0.945624            88.8573        2.25377e+08         0.00019485        4.08621e-05        0.000972443          0.0473454         0.00327605          0.0964133        5.20051e-06         2.7392e-15         2.1209e-16        2.37542e-14         7.4935e-14         0.00607538           0.112917        2.50683e-09        6.45582e-12        2.89287e-16            0.73276
77         0.00194668        2.51184e-05        4.40459e-06             101325           0.175353        4.40459e-06            1922.14                  0           0.946832            85.1131        2.15835e+08        0.000190591        3.94078e-05        0.000949211          0.0472667         0.00324539          0.0964807        5.11018e-06        1.64831e-15         1.2731e-16        1.43587e-14        4.48694e-14         0.00595106           0.113112        2.36394e-09        6.16295e-12        2.09836e-16            0.73276
78         0.00197179        2.51184e-05        4.40076e-06             101325           0.175201        4.40076e-06             1924.1                  0           0.948011            81.5724        2.06754e+08        0.000186437        3.80123e-05        0.000926643          0.0471902         0.00321495          0.0965465        5.02171e-06         9.9408e-16        7.65941e-17        8.70068e-15          2.694e-14         0.00582975           0.113302        2.22992e-09        5.89198e-12        1.59499e-16            0.73276
79         0.00199691        2.51184e-05        4.39704e-06             101325           0.175053        4.39704e-06            1926.01                  0           0.949162            78.2163        1.98104e+08        0.000182384        3.66723e-05        0.000904706          0.0471158         0.00318473          0.0966109        4.93499e-06        6.00906e-16        4.61903e-17        5.28534e-15         1.6219e-14         0.00571128           0.113489         2.1041e-09        5.63837e-12        1.26738e-16            0.73276
80         0.00202203        2.51184e-05        4.39343e-06             101325           0.174909        4.39343e-06            1927.86                  0           0.950286            75.0285        1.89858e+08        0.000178427        3.53847e-05        0.000883369          0.0470435         0.00315471          0.0966737        4.84996e-06        3.64113e-16        2.79234e-17        3.21881e-15        9.79105e-15         0.00559548           0.113671        1.98587e-09        5.39915e-12         1.0468e-16            0.73276
81         0.00204715        2.51184e-05        4.38992e-06             101325           0.174769        4.38992e-06            1929.67                  0           0.951385            71.9947        1.81989e+08        0.000174561        3.41466e-05        0.000862603           0.046973          0.0031249          0.0967352        4.76652e-06        2.21191e-16        1.69238e-17         1.9654e-15        5.92674e-15          0.0054822           0.113849        1.87468e-09        5.17231e-12        8.92173e-17            0.73276
82         0.00207227        2.51184e-05         4.3865e-06             101325           0.174633         4.3865e-06            1931.43                  0            0.95246            69.1025        1.74474e+08        0.000170783        3.29554e-05        0.000842382          0.0469044         0.00309527          0.0967954        4.68461e-06        1.34732e-16        1.02851e-17        1.20331e-15        3.59739e-15          0.0053713           0.114023        1.77001e-09        4.95643e-12        7.78839e-17            0.73276
83         0.00209739        2.51184e-05        4.38317e-06             101325             0.1745        4.38317e-06            1933.16                  0           0.953513            66.3407         1.6729e+08         0.00016709        3.18084e-05        0.000822679          0.0468374         0.00306582          0.0968544        4.60416e-06        8.23097e-17        6.26877e-18        7.38812e-16        2.18951e-15         0.00526266           0.114194        1.67143e-09        4.75046e-12        6.91908e-17            0.73276
84          0.0021225        2.51184e-05        4.37993e-06             101325           0.174371        4.37993e-06            1934.84                  0           0.954545            63.6996        1.60419e+08        0.000163476        3.07035e-05         0.00080347          0.0467721         0.00303654          0.0969121        4.52511e-06        5.04485e-17        3.83311e-18        4.54978e-16         1.3363e-15         0.00515616           0.114361        1.57849e-09        4.55359e-12        6.22328e-17            0.73276
85         0.00214762        2.51184e-05        4.37676e-06             101325           0.174245        4.37676e-06            1936.48                  0           0.955556            61.1706         1.5384e+08         0.00015994        2.96384e-05        0.000784732          0.0467083         0.00300743          0.0969688        4.44738e-06         3.1036e-17        2.35228e-18        2.81098e-16         8.1783e-16         0.00505169           0.114525        1.49083e-09        4.36515e-12        5.64543e-17            0.73276
86         0.00217274        2.51184e-05        4.37368e-06             101325           0.174122        4.37368e-06            1938.08                  0           0.956549             58.746        1.47539e+08        0.000156477        2.86111e-05        0.000766444           0.046646         0.00297847          0.0970243        4.37094e-06        1.91775e-17        1.44958e-18        1.74295e-16        5.01929e-16         0.00494917           0.114686        1.40809e-09        4.18459e-12          5.151e-17            0.73276
87         0.00219786        2.51184e-05        4.37066e-06             101325           0.174003        4.37066e-06            1939.65                  0           0.957522            56.4191        1.41498e+08        0.000153085        2.76198e-05        0.000748587          0.0465851         0.00294964          0.0970788        4.29572e-06        1.19134e-17         8.9777e-19        1.08515e-16        3.08928e-16         0.00484849           0.114844        1.32995e-09        4.01144e-12        4.71819e-17            0.73276
88         0.00222298        2.51184e-05        4.36772e-06             101325           0.173885        4.36772e-06            1941.19                  0           0.958479            54.1837        1.35704e+08         0.00014976        2.66626e-05        0.000731141          0.0465255         0.00292096          0.0971324        4.22168e-06         7.4504e-18        5.59436e-19        6.78842e-17        1.90694e-16         0.00474958              0.115        1.25612e-09        3.84528e-12        4.33289e-17            0.73276
89          0.0022481        2.51184e-05        4.36484e-06             101325           0.173771        4.36484e-06            1942.69                  0           0.959418            52.0345        1.30144e+08        0.000146501        2.57381e-05         0.00071409          0.0464672          0.0028924           0.097185        4.14876e-06        4.69918e-18        3.51305e-19        4.27124e-17        1.18063e-16         0.00465236           0.115153        1.18632e-09        3.68573e-12        3.98576e-17            0.73276
90         0.00227321        2.51184e-05        4.36203e-06             101325           0.173659        4.36203e-06            1944.17                  0           0.960342            49.9665        1.24804e+08        0.000143304        2.48446e-05        0.000697416          0.0464102         0.00286395          0.0972367        4.07694e-06        2.99679e-18        2.22792e-19        2.70666e-17         7.3324e-17         0.00455676           0.115303        1.12031e-09        3.53245e-12        3.67039e-17            0.73276
91         0.00229833        2.51184e-05        4.35928e-06             101325           0.173549        4.35928e-06            1945.61                  0            0.96125            47.9754        1.19675e+08        0.000140167        2.39808e-05        0.000681104          0.0463543         0.00283561          0.0972875        4.00618e-06        1.93872e-18        1.43096e-19        1.73067e-17        4.56881e-17         0.00446272            0.11545        1.05785e-09        3.38514e-12        3.38219e-17            0.73276
92         0.00232345        2.51184e-05        4.35659e-06             101325           0.173442        4.35659e-06            1947.03                  0           0.962143            46.0571        1.14745e+08        0.000137088        2.31454e-05        0.000665142          0.0462996         0.00280738          0.0973376        3.93643e-06        1.27759e-18         9.3419e-20        1.11935e-17        2.85688e-17         0.00437019           0.115596        9.98741e-10        3.24351e-12        3.11778e-17            0.73276
93         0.00234857        2.51184e-05        4.35395e-06             101325           0.173337        4.35395e-06            1948.41                  0           0.963022            44.2082        1.10005e+08        0.000134066        2.23371e-05        0.000649515           0.046246         0.00277924          0.0973868        3.86767e-06        8.61739e-19        6.22578e-20        7.34622e-18        1.79334e-17          0.0042791           0.115739        9.42783e-10        3.10729e-12        2.87451e-17            0.73276
94         0.00237369        2.51184e-05        4.35137e-06             101325           0.173235        4.35137e-06            1949.78                  0           0.963887            42.4254        1.05446e+08        0.000131097        2.15549e-05        0.000634212          0.0461935         0.00275119          0.0974352        3.79986e-06        5.97961e-19        4.25562e-20        4.91113e-18        1.13065e-17         0.00418942            0.11588        8.89796e-10        2.97625e-12        2.65029e-17            0.73276
95         0.00239881        2.51184e-05        4.34884e-06             101325           0.173134        4.34884e-06            1951.11                  0           0.964739            40.7057        1.01059e+08        0.000128181        2.07977e-05        0.000619221           0.046142         0.00272322           0.097483          3.733e-06        4.28829e-19        2.99742e-20        3.35907e-18        7.16458e-18          0.0041011           0.116019        8.39613e-10        2.85017e-12        2.44334e-17            0.73276
96         0.00242392        2.51184e-05        4.34636e-06             101325           0.173035        4.34636e-06            1952.42                  0           0.965579            39.0464        9.68373e+07        0.000125316        2.00646e-05        0.000604532          0.0460916         0.00269533            0.09753        3.66704e-06        3.18861e-19         2.1835e-20        2.36115e-18        4.56744e-18          0.0040141           0.116155        7.92078e-10        2.72883e-12        2.25219e-17            0.73276
97         0.00244904        2.51184e-05        4.34393e-06             101325           0.172938        4.34393e-06            1953.71                  0           0.966405            37.4452        9.27734e+07        0.000122501        1.93545e-05        0.000590135          0.0460421         0.00266751          0.0975763        3.60197e-06        2.46074e-19         1.6483e-20        1.71239e-18        2.93332e-18         0.00392839            0.11629        7.47047e-10        2.61205e-12        2.07553e-17            0.73276
98         0.00247416        2.51184e-05        4.34155e-06             101325           0.172843        4.34155e-06            1954.98                  0            0.96722            35.8996        8.88607e+07        0.000119733        1.86667e-05        0.000576023          0.0459936         0.00263977          0.0976219        3.53779e-06        1.96805e-19        1.28907e-20        1.28468e-18        1.90128e-18         0.00384393           0.116423        7.04386e-10        2.49964e-12        1.91219e-17            0.73276
99         0.00249928        2.51184e-05        4.33921e-06             101325            0.17275        4.33921e-06            1956.22                  0           0.968022            34.4078         8.5093e+07        0.000117013        1.80004e-05        0.000562186           0.045946         0.00261209          0.0976669        3.47446e-06        1.62533e-19        1.04184e-20        9.97691e-19        1.24675e-18         0.00376071           0.116554        6.63971e-10        2.39144e-12        1.76115e-17            0.73276
100          0.0025244        2.51184e-05        4.33692e-06             101325           0.172659        4.33692e-06            1957.44                  0           0.968813            32.9677        8.14646e+07        0.000114339        1.73549e-05        0.000548619          0.0458993         0.00258447          0.0977113        3.41198e-06        1.37927e-19        8.66615e-21        8.00898e-19        8.29656e-19          0.0036787           0.116682        6.25685e-10         2.2873e-12        1.62148e-17            0.73276
101         0.00254952        2.51184e-05        4.33466e-06             101325           0.172569        4.33466e-06            1958.64                  0           0.969593            31.5776          7.797e+07        0.000111709        1.67295e-05        0.000535313          0.0458536         0.00255692          0.0977551        3.35034e-06        1.19633e-19        7.38289e-21        6.62407e-19         5.6238e-19         0.00359787           0.116809        5.89418e-10        2.18706e-12        1.49232e-17            0.73276
102         0.00257463        2.51184e-05        4.33246e-06             101325           0.172481        4.33246e-06            1959.82                  0           0.970361            30.2359        7.46043e+07        0.000109124        1.61235e-05        0.000522263          0.0458087         0.00252943          0.0977982        3.28954e-06        1.05531e-19        6.41007e-21        5.62007e-19        3.89948e-19         0.00351821           0.116935        5.55067e-10        2.09058e-12         1.3729e-17            0.73276
103         0.00259975        2.51184e-05        4.33029e-06             101325           0.172395        4.33029e-06            1960.98                  0           0.971119             28.941        7.13628e+07        0.000106582        1.55363e-05        0.000509463          0.0457647           0.002502          0.0978408        3.22957e-06        9.42749e-20        5.64696e-21        4.86824e-19        2.77779e-19         0.00343971           0.117058        5.22538e-10        1.99775e-12         1.2625e-17            0.73276
104         0.00262487        2.51184e-05        4.32816e-06             101325            0.17231        4.32816e-06            1962.12                  0           0.971865            27.6916         6.8241e+07        0.000104083        1.49675e-05        0.000496909          0.0457216         0.00247463          0.0978827        3.17042e-06        8.49998e-20        5.02904e-21        4.28619e-19        2.04056e-19         0.00336235           0.117179         4.9174e-10        1.90843e-12        1.16048e-17            0.73276
105         0.00264999        2.51184e-05        4.32607e-06             101325           0.172227        4.32607e-06            1963.24                  0           0.972601            26.4863        6.52349e+07        0.000101626        1.44164e-05        0.000484596          0.0456794         0.00244732          0.0979242         3.1121e-06        7.71464e-20        4.51456e-21        3.82081e-19         1.5497e-19         0.00328612           0.117299        4.62588e-10        1.82252e-12        1.06621e-17            0.73276
106         0.00267511        2.51184e-05        4.32402e-06             101325           0.172145        4.32402e-06            1964.34                  0           0.973327            25.3239        6.23405e+07        9.92102e-05        1.38826e-05         0.00047252          0.0456379         0.00242008           0.097965        3.05461e-06         7.0348e-20        4.07614e-21        3.43761e-19        1.21756e-19         0.00321103           0.117417        4.35001e-10        1.73989e-12        9.79143e-18            0.73276
107         0.00270023        2.51184e-05          4.322e-06             101325           0.172065          4.322e-06            1965.42                  0           0.974041            24.2032        5.95542e+07         9.6836e-05        1.33656e-05        0.000460677          0.0455974         0.00239291          0.0980053        2.99795e-06        6.43605e-20        3.69557e-21        3.11394e-19        9.88303e-20         0.00313705           0.117533        4.08904e-10        1.66046e-12        8.98761e-18            0.73276
108         0.00272535        2.51184e-05        4.32003e-06             101325           0.171987        4.32003e-06            1966.49                  0           0.974746            23.1231        5.68725e+07        9.45027e-05        1.28649e-05        0.000449065          0.0455576         0.00236581           0.098045        2.94212e-06        5.90176e-20        3.36046e-21        2.83475e-19        8.26242e-20          0.0030642           0.117648        3.84225e-10        1.58411e-12        8.24583e-18            0.73276
109         0.00275046        2.51184e-05        4.31809e-06             101325           0.171909        4.31809e-06            1967.53                  0           0.975439            22.0824        5.42921e+07          9.221e-05        1.23803e-05         0.00043768          0.0455187         0.00233879          0.0980842        2.88714e-06        5.42038e-20         3.0622e-21         2.5899e-19        7.08479e-20         0.00299246           0.117761        3.60895e-10        1.51076e-12        7.56162e-18            0.73276
110         0.00277558        2.51184e-05        4.31618e-06             101325           0.171834        4.31618e-06            1968.56                  0           0.976123            21.0803        5.18099e+07        8.99576e-05        1.19112e-05         0.00042652          0.0454806         0.00231185          0.0981229        2.83301e-06        4.98365e-20        2.79464e-21        2.37238e-19        6.20256e-20         0.00292185           0.117872        3.38852e-10        1.44031e-12        6.93083e-18            0.73276
111          0.0028007        2.51184e-05        4.31431e-06             101325           0.171759        4.31431e-06            1969.57                  0           0.976796            20.1157        4.94229e+07        8.77455e-05        1.14573e-05        0.000415583          0.0454433         0.00228499           0.098161        2.77973e-06        4.58543e-20        2.55322e-21        2.17728e-19        5.52016e-20         0.00285236           0.117981        3.18032e-10        1.37268e-12         6.3496e-18            0.73276
112         0.00282582        2.51184e-05        4.31248e-06             101325           0.171686        4.31248e-06            1970.56                  0           0.977458            19.1876        4.71283e+07        8.55735e-05        1.10182e-05        0.000404867          0.0454069         0.00225823          0.0981985        2.72733e-06        4.22106e-20         2.3345e-21        2.00104e-19        4.97533e-20         0.00278399           0.118088        2.98377e-10        1.30779e-12        5.81436e-18            0.73276
113         0.00285094        2.51184e-05        4.31068e-06             101325           0.171614        4.31068e-06            1971.54                  0            0.97811            18.2953        4.49234e+07        8.34415e-05        1.05937e-05        0.000394371          0.0453712         0.00223157          0.0982355        2.67581e-06        3.88684e-20        2.13576e-21          1.841e-19        4.52726e-20         0.00271675           0.118194        2.79832e-10        1.24554e-12        5.32176e-18            0.73276
114         0.00287606        2.51184e-05        4.30891e-06             101325           0.171544        4.30891e-06            1972.49                  0           0.978752            17.4378        4.28055e+07        8.13495e-05        1.01833e-05        0.000384093          0.0453364         0.00220502           0.098272        2.62518e-06        3.57978e-20        1.95478e-21        1.69513e-19        4.14894e-20         0.00265065           0.118298        2.62343e-10        1.18587e-12        4.86869e-18            0.73276
115         0.00290117        2.51184e-05        4.30718e-06             101325           0.171475        4.30718e-06            1973.43                  0           0.979383            16.6142        4.07722e+07        7.92976e-05        9.78686e-06        0.000374032          0.0453024         0.00217858          0.0983079        2.57546e-06        3.29735e-20        1.78975e-21        1.56181e-19        3.82233e-20          0.0025857             0.1184         2.4586e-10        1.12871e-12        4.45224e-18            0.73276
116         0.00292629        2.51184e-05        4.30549e-06             101325           0.171408        4.30549e-06            1974.35                  0           0.980003            15.8237        3.88212e+07        7.72857e-05        9.40395e-06        0.000364187          0.0452691         0.00215228          0.0983433        2.52666e-06        3.03738e-20        1.63909e-21        1.43974e-19        3.53523e-20          0.0025219             0.1185        2.30333e-10        1.07396e-12        4.06971e-18            0.73276
117         0.00295141        2.51184e-05        4.30383e-06             101325           0.171342        4.30383e-06            1975.25                  0           0.980613            15.0656        3.69499e+07        7.53141e-05        9.03432e-06        0.000354558          0.0452367         0.00212611          0.0983781        2.47879e-06        2.79799e-20        1.50147e-21         1.3278e-19        3.27925e-20         0.00245926           0.118598        2.15717e-10        1.02157e-12        3.71859e-18            0.73276
118         0.00297653        2.51184e-05         4.3022e-06             101325           0.171277         4.3022e-06            1976.14                  0           0.981212            14.3389        3.51564e+07        7.33828e-05        8.67769e-06        0.000345144          0.0452051         0.00210009          0.0984124        2.43188e-06        2.57751e-20         1.3757e-21        1.22506e-19        3.04853e-20         0.00239779           0.118695        2.01966e-10        9.71468e-13        3.39652e-18            0.73276
119         0.00300165        2.51184e-05         4.3006e-06             101325           0.171213         4.3006e-06            1977.01                  0             0.9818            13.6431        3.34383e+07         7.1492e-05        8.33379e-06        0.000335944          0.0451743         0.00207424          0.0984461        2.38594e-06        2.37442e-20        1.26072e-21         1.1307e-19        2.83887e-20          0.0023375            0.11879        1.89039e-10        9.23579e-13        3.10132e-18            0.73276
120         0.00302677        2.51184e-05        4.29904e-06             101325           0.171151        4.29904e-06            1977.86                  0           0.982377            12.9772        3.17936e+07        6.96418e-05        8.00236e-06         0.00032696          0.0451444         0.00204856          0.0984792        2.34097e-06        2.18738e-20         1.1556e-21          1.044e-19        2.64717e-20         0.00227842           0.118882        1.76894e-10        8.77839e-13        2.83094e-18            0.73276
121         0.00305188        2.51184e-05        4.29752e-06             101325            0.17109        4.29752e-06            1978.69                  0           0.982943            12.3406        3.02203e+07        6.78325e-05        7.68313e-06        0.000318189          0.0451152         0.00202308          0.0985118        2.29701e-06        2.01513e-20        1.05947e-21        9.64311e-20        2.47111e-20         0.00222053           0.118973        1.65491e-10        8.34183e-13        2.58348e-18            0.73276
122           0.003077        2.51184e-05        4.29602e-06             101325           0.171031        4.29602e-06            1979.51                  0           0.983498            11.7324        2.87163e+07        6.60643e-05        7.37585e-06        0.000309633          0.0450868          0.0019978          0.0985438        2.25406e-06        1.85655e-20        9.71579e-22        8.91055e-20         2.3089e-20         0.00216387           0.119062        1.54794e-10        7.92546e-13        2.35718e-18            0.73276
123         0.00310212        2.51184e-05        4.29457e-06             101325           0.170973        4.29457e-06             1980.3                  0           0.984041            11.1521        2.72798e+07        6.43375e-05        7.08029e-06        0.000301293          0.0450593         0.00197274          0.0985751        2.21215e-06        1.71059e-20        8.91219e-22        8.23705e-20        2.15907e-20         0.00210844           0.119149        1.44766e-10        7.52868e-13        2.15038e-18            0.73276
124         0.00312724        2.51184e-05        4.29314e-06             101325           0.170916        4.29314e-06            1981.08                  0           0.984573            10.5989         2.5909e+07        6.26523e-05         6.7962e-06        0.000293167          0.0450325         0.00194792          0.0986059        2.17128e-06         1.5763e-20        8.17756e-22        7.61785e-20        2.02046e-20         0.00205426           0.119235        1.35373e-10        7.15085e-13        1.96155e-18            0.73276
125         0.00315236        2.51184e-05        4.29175e-06             101325           0.170861        4.29175e-06            1981.84                  0           0.985093            10.0721         2.4602e+07         6.1009e-05        6.52334e-06        0.000285258          0.0450066         0.00192335          0.0986361        2.13148e-06        1.45279e-20         7.5061e-22        7.04858e-20        1.89206e-20         0.00200135           0.119318        1.26582e-10        6.79138e-13        1.78927e-18            0.73276
126         0.00317748        2.51184e-05         4.2904e-06             101325           0.170807         4.2904e-06            1982.58                  0           0.985601            9.57101         2.3357e+07        5.94081e-05         6.2615e-06        0.000277564          0.0449814         0.00189907          0.0986656        2.09277e-06        1.33925e-20        6.89251e-22        6.52528e-20        1.77303e-20         0.00194971           0.119399        1.18361e-10        6.44969e-13        1.63221e-18            0.73276
127         0.00320259        2.51184e-05        4.28908e-06             101325           0.170754        4.28908e-06            1983.31                  0           0.986098            9.09504        2.21725e+07        5.78498e-05        6.01045e-06        0.000270089          0.0449571         0.00187508          0.0986945        2.05515e-06        1.23492e-20        6.33195e-22        6.04429e-20        1.66261e-20         0.00189937           0.119478         1.1068e-10        6.12521e-13        1.48915e-18            0.73276
128         0.00322771        2.51184e-05        4.28779e-06             101325           0.170703        4.28779e-06            1984.01                  0           0.986582            8.64353        2.10466e+07        5.63345e-05        5.76998e-06        0.000262831          0.0449336         0.00185142          0.0987228        2.01865e-06         1.1391e-20           5.82e-22        5.60228e-20        1.56014e-20         0.00185034           0.119555        1.03511e-10        5.81736e-13        1.35895e-18            0.73276
129         0.00325283        2.51184e-05        4.28654e-06             101325           0.170654        4.28654e-06             1984.7                  0           0.987054            8.21587        1.99779e+07        5.48627e-05        5.53987e-06        0.000255794          0.0449109          0.0018281          0.0987503        1.98328e-06        1.05116e-20        5.35261e-22        5.19618e-20        1.46505e-20         0.00180265            0.11963        9.68243e-11        5.52561e-13        1.24054e-18            0.73276
130         0.00327795        2.51184e-05        4.28533e-06             101325           0.170605        4.28533e-06            1985.37                  0           0.987513            7.81146        1.89648e+07        5.34349e-05        5.31993e-06        0.000248977          0.0448889         0.00180515          0.0987772        1.94906e-06        9.70497e-21        4.92607e-22         4.8232e-20        1.37679e-20         0.00175631           0.119703        9.05953e-11        5.24943e-13        1.13297e-18            0.73276
131         0.00330307        2.51184e-05        4.28415e-06             101325           0.170558        4.28415e-06            1986.01                  0            0.98796            7.42973        1.80058e+07        5.20515e-05        5.10995e-06        0.000242383          0.0448678         0.00178259          0.0988035        1.91601e-06         8.9656e-21          4.537e-22        4.48075e-20        1.29488e-20         0.00171134           0.119773        8.47986e-11         4.9883e-13        1.03532e-18            0.73276
132         0.00332819        2.51184e-05        4.28301e-06             101325           0.170513        4.28301e-06            1986.64                  0           0.988394            7.07013        1.70994e+07        5.07131e-05        4.90977e-06        0.000236014          0.0448476         0.00176046          0.0988289        1.88413e-06        8.28843e-21        4.18231e-22        4.16648e-20         1.2189e-20         0.00166777           0.119842        7.94105e-11        4.74173e-13        9.46758e-19            0.73276
133          0.0033533        2.51184e-05         4.2819e-06             101325           0.170469         4.2819e-06            1987.25                  0           0.988814            6.73212        1.62444e+07        4.94204e-05        4.71919e-06        0.000229871          0.0448281         0.00173879          0.0988537        1.85345e-06        7.66875e-21        3.85916e-22        3.87822e-20        1.14843e-20         0.00162562           0.119908        7.44083e-11        4.50922e-13        8.66525e-19            0.73276
134         0.00337842        2.51184e-05        4.28084e-06             101325           0.170426        4.28084e-06            1987.83                  0           0.989221            6.41522        1.54393e+07         4.8174e-05        4.53806e-06        0.000223957          0.0448094         0.00171761          0.0988777        1.82399e-06        7.10224e-21        3.56498e-22        3.61401e-20        1.08313e-20         0.00158493           0.119972        6.97708e-11        4.29033e-13        7.93913e-19            0.73276
135         0.00340354        2.51184e-05        4.27981e-06             101325           0.170386        4.27981e-06             1988.4                  0           0.989614            6.11892        1.46829e+07        4.69747e-05        4.36622e-06        0.000218276          0.0447915         0.00169696          0.0989009        1.79575e-06        6.58491e-21        3.29739e-22        3.37203e-20        1.02264e-20         0.00154571           0.120033        6.54779e-11        4.08461e-13        7.28274e-19            0.73276
136         0.00342866        2.51184e-05        4.27882e-06             101325           0.170346        4.27882e-06            1988.95                  0           0.989993            5.84278         1.3974e+07        4.58233e-05        4.20352e-06         0.00021283          0.0447745         0.00167687          0.0989233        1.76876e-06        6.11309e-21        3.05425e-22        3.15064e-20        9.66687e-21         0.00150801           0.120093        6.15106e-11        3.89164e-13        6.69012e-19            0.73276
137         0.00345378        2.51184e-05        4.27788e-06             101325           0.170309        4.27788e-06            1989.47                  0           0.990357            5.58635        1.33114e+07        4.47208e-05        4.04985e-06        0.000207623          0.0447583         0.00165739          0.0989448        1.74303e-06        5.68341e-21         2.8336e-22        2.94832e-20        9.14981e-21         0.00147185           0.120149        5.78511e-11        3.71104e-13        6.15586e-19            0.73276
138          0.0034789        2.51184e-05        4.27697e-06             101325           0.170272        4.27697e-06            1989.97                  0           0.990707             5.3492         1.2694e+07        4.36683e-05        3.90508e-06        0.000202659          0.0447429         0.00163856          0.0989655        1.71859e-06        5.29279e-21        2.63367e-22        2.76372e-20        8.67278e-21         0.00143729           0.120204         5.4483e-11        3.54242e-13          5.675e-19            0.73276
139         0.00350402        2.51184e-05        4.27611e-06             101325           0.170238        4.27611e-06            1990.44                  0           0.991041            5.13092        1.21208e+07         4.2667e-05        3.76913e-06        0.000197943          0.0447283         0.00162043          0.0989853        1.69545e-06        4.93841e-21        2.45284e-22         2.5956e-20        8.23356e-21         0.00140436           0.120256        5.13908e-11        3.38545e-13        5.24304e-19            0.73276
140         0.00352913        2.51184e-05        4.27529e-06             101325           0.170205        4.27529e-06             1990.9                  0           0.991359            4.93111        1.15907e+07        4.17181e-05        3.64193e-06        0.000193482          0.0447146         0.00160305          0.0990041        1.67364e-06         4.6177e-21        2.28966e-22        2.44285e-20        7.83014e-21         0.00137312           0.120305        4.85605e-11        3.23983e-13        4.85589e-19            0.73276
141         0.00355425        2.51184e-05        4.27451e-06             101325           0.170175        4.27451e-06            1991.32                  0            0.99166            4.74937        1.11029e+07        4.08234e-05        3.52343e-06         0.00018928          0.0447017         0.00158648           0.099022        1.65317e-06        4.32835e-21        2.14283e-22        2.30446e-20        7.46078e-21         0.00134362           0.120351        4.59789e-11        3.10527e-13        4.50987e-19            0.73276
142         0.00357937        2.51184e-05        4.27379e-06             101325           0.170146        4.27379e-06            1991.73                  0           0.991945            4.58528        1.06564e+07        3.99844e-05         3.4136e-06        0.000185346          0.0446897         0.00157078          0.0990388        1.63408e-06        4.06828e-21        2.01118e-22        2.17955e-20        7.12394e-21         0.00131592           0.120394        4.36346e-11        2.98154e-13         4.2017e-19            0.73276
143         0.00360449        2.51184e-05        4.27311e-06             101325           0.170119        4.27311e-06             1992.1                  0           0.992212            4.43843        1.02505e+07         3.9203e-05        3.31246e-06        0.000181687          0.0446786         0.00155601          0.0990545         1.6164e-06        3.83564e-21        1.89367e-22        2.06735e-20        6.81831e-21          0.0012901           0.120435        4.15171e-11        2.86845e-13        3.92844e-19            0.73276
144         0.00362961        2.51184e-05        4.27248e-06             101325           0.170094        4.27248e-06            1992.45                  0            0.99246            4.30835        9.88419e+06        3.84816e-05        3.22005e-06        0.000178314          0.0446683         0.00154225          0.0990691        1.60015e-06        3.62883e-21        1.78942e-22        1.96718e-20        6.54283e-21         0.00126623           0.120473        3.96173e-11        2.76585e-13        3.68751e-19            0.73276
145         0.00365473        2.51184e-05        4.27191e-06             101325           0.170071        4.27191e-06            1992.76                  0           0.992689            4.19452        9.55681e+06        3.78226e-05        3.13646e-06        0.000175236           0.044659         0.00152957          0.0990824        1.58539e-06        3.44644e-21        1.69765e-22        1.87848e-20        6.29666e-21         0.00124441           0.120507        3.79278e-11        2.67365e-13         3.4767e-19            0.73276
146         0.00367984        2.51184e-05        4.27139e-06             101325            0.17005        4.27139e-06            1993.05                  0           0.992898             4.0964        9.26761e+06        3.72287e-05         3.0618e-06        0.000172465          0.0446507         0.00151805          0.0990945        1.57214e-06        3.28733e-21        1.61772e-22        1.80079e-20         6.0792e-21         0.00122472           0.120538        3.64425e-11         2.5918e-13        3.29411e-19            0.73276
147         0.00370496        2.51184e-05        4.27093e-06             101325           0.170032        4.27093e-06             1993.3                  0           0.993086            4.01332        9.01588e+06         3.6703e-05        2.99627e-06        0.000170016          0.0446433         0.00150779          0.0991052        1.56047e-06        3.15057e-21        1.54912e-22        1.73378e-20        5.89013e-21         0.00120728           0.120565        3.51571e-11        2.52035e-13         3.1382e-19            0.73276
148         0.00373008        2.51184e-05        4.27054e-06             101325           0.170016        4.27054e-06            1993.52                  0           0.993251            3.94454        8.80097e+06        3.62492e-05        2.94011e-06        0.000167904           0.044637         0.00149887          0.0991145        1.55044e-06        3.03551e-21        1.49146e-22         1.6772e-20        5.72939e-21         0.00119221           0.120589         3.4069e-11         2.4594e-13        3.00779e-19            0.73276
149          0.0037552        2.51184e-05        4.27021e-06             101325           0.170003        4.27021e-06            1993.71                  0           0.993392            3.88924        8.62227e+06        3.58711e-05         2.8936e-06        0.000166145          0.0446317          0.0014914          0.0991223         1.5421e-06        2.94174e-21        1.44453e-22        1.63096e-20        5.59719e-21         0.00117965           0.120609        3.31776e-11        2.40914e-13        2.90204e-19            0.73276
150         0.00378032        2.51184e-05        4.26994e-06             101325           0.169993        4.26994e-06            1993.85                  0           0.993508            3.84648         8.4793e+06        3.55731e-05        2.85713e-06         0.00016476          0.0446276         0.00148549          0.0991284        1.53556e-06        2.86915e-21        1.40822e-22        1.59507e-20        5.49408e-21         0.00116974           0.120624        3.24847e-11        2.36985e-13        2.82051e-19            0.73276
151         0.00380544        2.51184e-05        4.26976e-06             101325           0.169985        4.26976e-06            1993.95                  0           0.993598            3.81534        8.37173e+06        3.53597e-05        2.83112e-06         0.00016377          0.0446246         0.00148124          0.0991328        1.53088e-06        2.81789e-21         1.3826e-22        1.56968e-20        5.42085e-21         0.00116265           0.120635        3.19939e-11        2.34191e-13        2.76312e-19            0.73276
152         0.00383055        2.51184e-05        4.26965e-06             101325           0.169981        4.26965e-06            1994.01                  0           0.993659            3.79497        8.29952e+06        3.52358e-05        2.81605e-06        0.000163194          0.0446229         0.00147877          0.0991353        1.52817e-06        2.78838e-21        1.36785e-22        1.55504e-20        5.37852e-21         0.00115852           0.120642        3.17107e-11        2.32575e-13        2.73014e-19            0.73276
