# Time 0.00093
# eta = 0.002
# length = -7.56672e-05
#--- 	  	 LEM Line data  --- 
#(1) wafer              (2) x             (3) dx              (4) m              (5) p            (6) rho              (7) m              (8) T              (9) Z             (10) C          (11) dCdt       (12) heatRel                  (13) Y_H2                  (14) Y_H                  (15) Y_O                  (16) Y_O2                  (17) Y_OH                  (18) Y_H2O                  (19) Y_HO2                  (20) Y_CH2                  (21) Y_CH2(S)                  (22) Y_CH3                  (23) Y_CH4                  (24) Y_CO                  (25) Y_CO2                  (26) Y_HCO                  (27) Y_CH2O                  (28) Y_CH2OH                  (29) Y_N2
0        1.25592e-05        2.51184e-05        2.82795e-05             101325            1.12585        2.82795e-05            301.545                  0                  0                  0        9.17312e+06        1.89008e-07        2.96648e-17        9.65691e-14           0.222465        4.74245e-12        7.63815e-05        5.68752e-08        1.82873e-16        9.52021e-18        7.39563e-07          0.0446066        7.34723e-06        8.28713e-05        1.41063e-16        5.33322e-07        2.12305e-20            0.73276
1        3.76776e-05        2.51184e-05        2.82265e-05             101325            1.12374        2.82265e-05             302.11                  0        0.000757081        4.27606e-07            26.2461        2.67726e-07        5.21912e-17        1.08172e-13           0.222417        6.51695e-12        0.000104532        7.72474e-08         3.2982e-16        1.72084e-17        1.01345e-06          0.0445935        1.04895e-05        0.000112816        2.56599e-16        7.45312e-07        3.87649e-20            0.73276
2         6.2796e-05        2.51184e-05        2.81561e-05             101325            1.12093        2.81561e-05            302.865                  0        0.000994342        5.90467e-07            44.6671        3.86167e-07        9.47889e-17        1.01873e-13           0.222351        8.95416e-12        0.000142454        1.03954e-07        6.19235e-16        3.24106e-17        1.38395e-06          0.0445757        1.53209e-05        0.000152333         4.8838e-16         1.0517e-06        7.41297e-20            0.73276
3        8.79144e-05        2.51184e-05        2.80551e-05             101325            1.11691        2.80551e-05            303.954                  0         0.00135036         8.6441e-07            81.3349        5.72347e-07        1.79874e-16        8.41857e-14           0.222257        1.25718e-11        0.000197464        1.41985e-07        1.20456e-15        6.33302e-17        1.92259e-06          0.0445499        2.30339e-05        0.000208688        9.66823e-16        1.51958e-06        1.48023e-19            0.73276
4        0.000113033        2.51184e-05        2.79137e-05             101325            1.11128        2.79137e-05            305.491                  0         0.00186166        1.32039e-06            152.885        8.56722e-07        3.53252e-16         6.0995e-14           0.222123        1.78858e-11        0.000275621        1.95261e-07        2.38317e-15        1.26081e-16        2.68859e-06          0.0445132        3.49818e-05        0.000287391         1.9537e-15        2.21566e-06        3.03744e-19            0.73276
5        0.000138151        2.51184e-05        2.77199e-05             101325            1.10357        2.77199e-05            307.623                  0         0.00258144        2.09308e-06            291.252        1.28201e-06        7.11679e-16        3.86157e-14           0.221937        2.56898e-11        0.000384786        2.68971e-07        4.74439e-15         2.5314e-16         3.7583e-06          0.0444618        5.30929e-05        0.000395355        3.98814e-15        3.23083e-06        6.35679e-19            0.73276
6         0.00016327        2.51184e-05        2.74594e-05             101325             1.0932        2.74594e-05            310.535                  0         0.00357738        3.43481e-06            555.199        1.90667e-06        1.46164e-15        2.12932e-14           0.221681        3.72537e-11        0.000534926        3.69964e-07        9.45872e-15        5.10434e-16        5.22775e-06          0.0443909        8.00475e-05        0.000541019        8.19089e-15        4.68589e-06        1.35544e-18            0.73276
7        0.000188388        2.51184e-05        2.71165e-05             101325            1.07955        2.71165e-05            314.453                  0         0.00493377        5.83094e-06            1050.23        2.80884e-06        3.05394e-15          1.021e-14           0.221336        5.47003e-11        0.000738446        5.07366e-07        1.88768e-14         1.0339e-15        7.21521e-06          0.0442946        0.000119482        0.000734465        1.69351e-14        6.73787e-06        2.95608e-18            0.73276
8        0.000213506        2.51184e-05        2.66749e-05             101325            1.06197        2.66749e-05            319.647                  0         0.00675364        1.02418e-05            1961.38        4.09015e-06        6.50552e-15        4.32003e-15           0.220876        8.17274e-11         0.00101045          6.935e-07        3.78064e-14        2.11044e-15        9.86311e-06          0.0441656        0.000176199        0.000987449        3.53775e-14        9.58561e-06        6.64124e-18            0.73276
9        0.000238625        2.51184e-05        2.61189e-05             101325            1.03983        2.61189e-05            326.433                  0         0.00916009        1.86281e-05            3606.25        5.87881e-06        1.41988e-14        1.78526e-15           0.220273        1.24969e-10         0.00136888        9.45245e-07        7.62868e-14        4.36087e-15        1.33387e-05          0.0439951        0.000256345         0.00131332        7.50508e-14        1.34737e-05         1.5501e-17            0.73276
10        0.000263743        2.51184e-05        2.54364e-05             101325            1.01266        2.54364e-05            335.168                  0          0.0122967        3.51162e-05            6519.43        8.33111e-06        3.19093e-14        1.15411e-15           0.219492        1.96574e-10         0.00183446          1.286e-06         1.5567e-13        9.15954e-15        1.78332e-05          0.0437731        0.000367524          0.0017268        1.62465e-13        1.86932e-05        3.78752e-17            0.73276
11        0.000288862        2.51184e-05        2.46205e-05             101325           0.980179        2.46205e-05             346.24                  0          0.0163261         6.8631e-05            11585.7        1.16303e-05        7.40697e-14        1.98045e-15           0.218497        3.19055e-10         0.00243037        1.74842e-06         3.2193e-13        1.95984e-14        2.35583e-05          0.0434883        0.000518782         0.00224358        3.59936e-13        2.55773e-05        9.73199e-17            0.73276
12         0.00031398        2.51184e-05        2.36726e-05             101325           0.942442        2.36726e-05            360.056                  0          0.0214271        0.000138891            20249.6        1.59819e-05        1.77512e-13        5.66839e-15           0.217246        5.34227e-10         0.00318161        2.37807e-06        6.74335e-13        4.26761e-14         3.0742e-05          0.0431285        0.000720419         0.00287981        8.16079e-13        3.44923e-05        2.62866e-16            0.73276
13        0.000339098        2.51184e-05        2.26035e-05             101325           0.899878        2.26035e-05             377.02                  0          0.0277892        0.000290008              34843        2.16059e-05        4.37395e-13        1.92315e-14             0.2157        9.19108e-10         0.00411403        3.23797e-06        1.42554e-12          9.414e-14        3.96212e-05           0.042681        0.000983625         0.00365146        1.88696e-12         4.5822e-05        7.41875e-16            0.73276
14        0.000364217        2.51184e-05        2.14335e-05             101325           0.853297        2.14335e-05            397.513                  0          0.0356052        0.000620795              59102        2.87258e-05        1.10024e-12        7.23242e-14           0.213816        1.61279e-09         0.00525326        4.41399e-06        3.02265e-12        2.08764e-13        5.04361e-05          0.0421331         0.00131994         0.00457372        4.42129e-12        5.99488e-05        2.16414e-15            0.73276
15        0.000389335        2.51184e-05        2.01905e-05             101325           0.803813        2.01905e-05            421.868                  0          0.0450642         0.00135031            98984.3        3.75567e-05        2.80538e-12        2.92777e-13           0.211558        2.85845e-09         0.00662358        6.02082e-06        6.37908e-12         4.6096e-13        6.34242e-05          0.0414729         0.00174068         0.00566043        1.04135e-11         7.7234e-05         6.4401e-15            0.73276
16        0.000414454        2.51184e-05         1.8907e-05             101325           0.752717         1.8907e-05            450.354                  0           0.056343         0.00295306             163980        4.82949e-05        7.22195e-12        1.24055e-12            0.20889         5.0635e-09           0.008247        8.20803e-06         1.3297e-11         1.0036e-12        7.88185e-05          0.0406895         0.00225633         0.00692378        2.44603e-11        9.80006e-05        1.93267e-14            0.73276
17        0.000439572        2.51184e-05         1.7616e-05             101325           0.701318         1.7616e-05            483.164                  0          0.0696012         0.00642176             269245        6.11107e-05        1.87988e-11        5.36658e-12           0.205782        8.87999e-09          0.0101427         1.1166e-05        2.72188e-11        2.13762e-12        9.68491e-05          0.0397735         0.00287617         0.00837422        5.69675e-11        0.000122522        5.81839e-14            0.73276
18         0.00046469        2.51184e-05        1.63471e-05             101325           0.650802        1.63471e-05             520.42                  0           0.084978          0.0137467             439163        7.61459e-05        4.98571e-11        2.32611e-11           0.202207        1.53176e-08          0.0123271        1.51309e-05        5.46407e-11        4.43864e-12         0.00011775          0.0387166         0.00360809          0.0100207        1.31347e-10        0.000151015        1.76591e-13            0.73276
19        0.000489809        2.51184e-05        1.51246e-05             101325           0.602133        1.51246e-05            562.173                  0           0.102593          0.0287553             713621        9.35149e-05        1.36094e-10        9.96909e-11           0.198145        2.59601e-08          0.0148138         2.0389e-05        1.08294e-10        9.02278e-12        0.000141768           0.037512         0.00445859          0.0118708        3.01214e-10        0.000183643        5.48464e-13            0.73276
20        0.000514927        2.51184e-05        1.39661e-05             101325           0.556011        1.39661e-05            608.421                  0           0.122549          0.0586509        1.16047e+06        0.000113309        3.84703e-10        4.18295e-10           0.193576        4.35739e-08          0.0176147        2.72773e-05        2.16165e-10        1.82539e-11        0.000169179          0.0361537         0.00543295          0.0139315        6.95415e-10        0.000220513        1.77267e-12            0.73276
21        0.000540046        2.51184e-05        1.28826e-05             101325           0.512877        1.28826e-05             659.12                  0           0.144937            0.11745        1.90473e+06        0.000135604        1.12169e-09        1.70278e-09           0.188485        7.40889e-08          0.0207398        3.61807e-05        4.50844e-10        3.79729e-11          0.0002003          0.0346367          0.0065355          0.0162092        1.64573e-09        0.000261677        5.98806e-12            0.73276
22        0.000565164        2.51184e-05        1.18797e-05             101325           0.472946        1.18797e-05              714.2                  0           0.169837           0.236014         3.2068e+06        0.000160461        3.32503e-09        6.66034e-09           0.182854        1.32981e-07          0.0241984        4.75163e-05        1.02721e-09        8.48124e-11        0.000235517          0.0329562         0.00776981            0.01871        4.06202e-09        0.000307134        2.08176e-11            0.73276
23        0.000590282        2.51184e-05        1.09582e-05             101325           0.436263        1.09582e-05             773.57                  0           0.197326           0.495905        5.68335e+06        0.000187936         9.8242e-09         2.4784e-08           0.176672        2.64637e-07          0.0279986        6.16957e-05          2.614e-09        2.09302e-10        0.000275317          0.0311078         0.00913881          0.0214399        1.05186e-08        0.000356819        7.24728e-11            0.73276
24        0.000615401        2.51184e-05        1.01164e-05             101325           0.402749        1.01164e-05             837.13                  0           0.227474            1.14419        1.09184e+07        0.000218077        2.84063e-08        8.69663e-08           0.169927          5.969e-07          0.0321472         7.9042e-05        7.25979e-09        5.63881e-10        0.000320343          0.0290877          0.0106447          0.0244042        2.82396e-08        0.000410598        2.46093e-10            0.73276
25        0.000640519        2.51184e-05        9.35026e-06             101325           0.372247        9.35026e-06            904.765                  0           0.260343            2.95771        2.30656e+07        0.000250925        7.93719e-08        2.86033e-07            0.16261        1.48313e-06          0.0366489        9.96293e-05        2.09244e-08        1.58694e-09        0.000371464          0.0268928          0.0122888          0.0276072        7.66756e-08        0.000468244        8.00029e-10            0.73276
26        0.000665638        2.51184e-05        8.65489e-06             101325           0.344564        8.65489e-06            976.336                  0           0.295978            8.29526        5.27734e+07        0.000286505        2.12974e-07        8.79674e-07           0.154719        3.84399e-06          0.0415038        0.000123003        5.97934e-08        4.45729e-09        0.000429779          0.0245218          0.0140702          0.0310508        2.04907e-07        0.000529379         2.4623e-09            0.73276
27        0.000690756        2.51184e-05        8.02508e-06             101325            0.31949        8.02508e-06            1051.65                  0           0.334388              23.83        1.26105e+08        0.000324792        5.47565e-07        2.53157e-06           0.146267        9.92442e-06           0.046703        0.000147743        1.64473e-07        1.21061e-08        0.000496267          0.0219772           0.015985          0.0347324        5.27034e-07         0.00059334        7.12731e-09            0.73276
28        0.000715874        2.51184e-05        7.45592e-06             101325           0.296831        7.45592e-06            1130.42                  0           0.375516            66.8248        3.02965e+08        0.000365685         1.3475e-06        6.83752e-06           0.137274        2.48308e-05          0.0522278        0.000170945        4.28209e-07        3.12125e-08        0.000570596          0.0192663          0.0180247          0.0386469        1.28406e-06        0.000658889        1.93161e-08           0.732759
29        0.000740993        2.51184e-05        6.94326e-06             101325           0.276421        6.94326e-06            1212.13                  0           0.419244            177.487        7.10311e+08        0.000408878        3.16455e-06        1.73863e-05           0.127777        5.93119e-05          0.0580434        0.000187949        1.04301e-06        7.54425e-08        0.000648216           0.016406          0.0201738          0.0427883        2.92713e-06        0.000723472        4.87596e-08           0.732759
30        0.000766111        2.51184e-05         6.4844e-06             101325           0.258154         6.4844e-06            1295.89                  0           0.465365             437.67        1.58704e+09        0.000453465         7.0404e-06        4.16594e-05           0.117848        0.000133848          0.0640778        0.000193232        2.34284e-06        1.68466e-07        0.000715419           0.013436          0.0223985          0.0471473          6.154e-06        0.000781401        1.13417e-07           0.732758
31         0.00079123        2.51184e-05        6.07914e-06             101325           0.242019        6.07914e-06            1379.98                  0           0.513451            982.748        3.29701e+09        0.000497071        1.46473e-05        9.38126e-05           0.107636        0.000282207          0.0701846        0.000183099        4.73043e-06        3.38899e-07        0.000745251          0.0104419          0.0246211          0.0517063        1.16648e-05        0.000820376        2.37485e-07           0.732757
32        0.000816348        2.51184e-05        5.73079e-06             101325           0.228151        5.73079e-06            1461.35                  0           0.562626            1959.36        6.17045e+09        0.000534428        2.79504e-05        0.000197093          0.0974461        0.000547917          0.0760959        0.000158284        8.19491e-06        5.87099e-07        0.000704071         0.00757939          0.0266755          0.0564321        1.92135e-05         0.00081755        4.27637e-07           0.732756
33        0.000841466        2.51184e-05        5.44583e-06             101325           0.216806        5.44583e-06            1535.35                  0           0.611284            3356.25        9.96396e+09        0.000556611        4.77734e-05        0.000381089          0.0877977        0.000962594            0.08141        0.000124212        1.13766e-05        8.20192e-07        0.000579767         0.00506977           0.028269          0.0612634        2.61583e-05        0.000744872        6.18081e-07           0.732756
34        0.000866585        2.51184e-05        5.22916e-06             101325            0.20818        5.22916e-06            1596.98                  0           0.657016            4777.85        1.31966e+10        0.000555119        7.18547e-05        0.000663852          0.0793355         0.00150745          0.0857061        8.91728e-05        1.20167e-05        8.78708e-07        0.000410008         0.00311852            0.02905          0.0660981         2.8259e-05        0.000598002        6.80238e-07           0.732756
35        0.000891703        2.51184e-05        5.07646e-06             101325           0.202101        5.07646e-06            1643.88                  0           0.697311            5581.44        1.39132e+10         0.00053145        9.54994e-05         0.00102006          0.0725222         0.00209841          0.0887762        6.02992e-05        9.88304e-06        7.36661e-07        0.000255368         0.00178924          0.0288459           0.070794        2.43783e-05        0.000420123        5.82106e-07           0.732756
36        0.000916822        2.51184e-05        4.97333e-06             101325           0.197996        4.97333e-06            1677.74                  0            0.73086            5485.15        1.19804e+10        0.000497987        0.000115039          0.0013822          0.0674038         0.00263637          0.0907326        4.02419e-05        6.82277e-06          5.187e-07        0.000146636         0.00097986          0.0278127          0.0752043        1.77012e-05        0.000265626        4.16217e-07           0.732757
37         0.00094194        2.51184e-05        4.90294e-06             101325           0.195193        4.90294e-06            1702.27                  0            0.75801            4788.09        8.99438e+09        0.000466823        0.000129355         0.00168941          0.0636965         0.00306781          0.0918731        2.77888e-05        4.25917e-06          3.295e-07          8.069e-05        0.000522733          0.0262858          0.0792282        1.15163e-05         0.00015711        2.67387e-07           0.732758
38        0.000967058        2.51184e-05        4.85229e-06             101325           0.193177        4.85229e-06             1720.9                  0           0.779964            3929.56        6.30716e+09        0.000443142        0.000138906          0.0019173          0.0610211         0.00338918          0.0924977        2.04942e-05        2.52291e-06        1.98025e-07        4.35161e-05        0.000275234          0.0245681           0.082827         7.0363e-06        8.95258e-05        1.62037e-07           0.732758
39        0.000992177        2.51184e-05        4.81327e-06             101325           0.191623        4.81327e-06            1735.92                  0           0.797968            3158.22        4.37457e+09        0.000426882        0.000144607         0.00206971          0.0590522         0.00362018          0.0928277        1.62996e-05        1.45477e-06        1.15553e-07         2.3267e-05          0.0001441          0.0228528          0.0860072        4.15269e-06        5.00106e-05        9.51543e-08           0.732759
40          0.0010173        2.51184e-05        4.78129e-06             101325            0.19035        4.78129e-06            1748.69                  0           0.813005            2543.88        3.12907e+09        0.000416036        0.000147351          0.0021615          0.0575571         0.00378373          0.0930028        1.38629e-05        8.27475e-07        6.63753e-08        1.24083e-05        7.53321e-05          0.0212397          0.0887998        2.40606e-06        2.76547e-05        5.49324e-08           0.732759
41         0.00104241        2.51184e-05         4.7538e-06             101325           0.189256         4.7538e-06            1759.99                  0            0.82578            2074.92        2.36372e+09        0.000408497        0.000147873         0.00220841          0.0563818         0.00389866          0.0931043        1.23982e-05        4.67605e-07        3.78141e-08        6.62256e-06        3.94199e-05          0.0197703           0.091245        1.38238e-06        1.52218e-05        3.14227e-08           0.732759
42         0.00106753        2.51184e-05        4.72943e-06             101325           0.188286        4.72943e-06            1770.23                  0           0.836789             1718.6         1.8959e+09        0.000402657        0.000146752         0.00222342          0.0554281         0.00397865          0.0931766        1.14676e-05        2.63577e-07        2.14575e-08        3.54429e-06        2.06784e-05          0.0184543          0.0933849        7.93271e-07        8.36702e-06         1.7891e-08           0.732759
43         0.00109265        2.51184e-05        4.70739e-06             101325           0.187408        4.70739e-06            1779.65                  0           0.846382             1444.2        1.60165e+09        0.000397467         0.00014443         0.00221625          0.0546329         0.00403326          0.0932424        1.08322e-05        1.48542e-07        1.21583e-08        1.90432e-06        1.08841e-05          0.0172855          0.0952593        4.57583e-07        4.60192e-06        1.01662e-08            0.73276
44         0.00111777        2.51184e-05         4.6872e-06             101325           0.186604         4.6872e-06            1788.41                  0           0.854819            1228.59        1.40598e+09        0.000392314        0.000141248         0.00219381          0.0539556         0.00406904          0.0933126        1.03632e-05        8.38099e-08        6.88948e-09        1.02796e-06         5.7519e-06          0.0162512          0.0969046        2.67153e-07        2.53572e-06         5.7745e-09            0.73276
45         0.00114289        2.51184e-05        4.66857e-06             101325           0.185863        4.66857e-06            1796.59                  0           0.862295            1055.69         1.2662e+09        0.000386885        0.000137465         0.00216096          0.0533688         0.00409055          0.0933912        9.99081e-06         4.7379e-08         3.9076e-09        5.57725e-07        3.05321e-06          0.0153361          0.0983531        1.59177e-07        1.40083e-06        3.28187e-09            0.73276
46         0.00116801        2.51184e-05        4.65129e-06             101325           0.185175        4.65129e-06            1804.26                  0           0.868963            914.562        1.15876e+09        0.000381056         0.00013328         0.00212112          0.0528538         0.00410103          0.0934793        9.67697e-06        2.68477e-08        2.21958e-09        3.04212e-07        1.62834e-06          0.0145252           0.099633        9.77637e-08         7.7623e-07        1.86737e-09            0.73276
47         0.00119312        2.51184e-05        4.63521e-06             101325           0.184535        4.63521e-06            1811.47                  0           0.874946            797.736        1.07089e+09        0.000374807        0.000128844         0.00207667          0.0523972         0.00410281          0.0935761        9.40074e-06        1.52527e-08        1.26299e-09        1.66833e-07        8.72685e-07          0.0138044           0.100769        6.25902e-08        4.31546e-07         1.0641e-09            0.73276
48         0.00121824        2.51184e-05         4.6202e-06             101325           0.183937         4.6202e-06            1818.25                  0           0.880345            699.992        9.95659e+08         0.00036818        0.000124273          0.0020293          0.0519888         0.00409763          0.0936802        9.15026e-06         8.6882e-09        7.20032e-10        9.19883e-08        4.70039e-07          0.0131613           0.101781        4.22072e-08        2.40741e-07        6.07368e-10            0.73276
49         0.00124336        2.51184e-05        4.60616e-06             101325           0.183378        4.60616e-06            1824.66                  0           0.885243            617.564        9.29276e+08        0.000361243        0.000119655         0.00198023          0.0516211         0.00408685          0.0937898        8.91863e-06        4.96182e-09        4.11294e-10        5.09901e-08        2.54445e-07          0.0125851           0.102687        3.01816e-08        1.34763e-07        3.47272e-10            0.73276
50         0.00126848        2.51184e-05        4.59299e-06             101325           0.182854        4.59299e-06             1830.7                  0           0.889707            547.639        8.69593e+08        0.000354072        0.000115055         0.00193035          0.0512879         0.00407151          0.0939035        8.70167e-06        2.84082e-09        2.35394e-10        2.84103e-08        1.38432e-07          0.0120662           0.103503        2.29007e-08        7.56981e-08        1.98902e-10            0.73276
51          0.0012936        2.51184e-05        4.58062e-06             101325           0.182361        4.58062e-06            1836.42                  0           0.893798            488.043        8.15328e+08        0.000346741        0.000110523         0.00188029          0.0509844         0.00405245          0.0940199        8.49672e-06        1.63037e-09        1.34977e-10        1.59081e-08        7.56897e-08          0.0115968           0.104241        1.83342e-08        4.26643e-08        1.14116e-10            0.73276
52         0.00131872        2.51184e-05        4.56897e-06             101325           0.181898        4.56897e-06            1841.85                  0           0.897562            437.054        7.65661e+08        0.000339318        0.000106094         0.00183055          0.0507066         0.00403035          0.0941377        8.30198e-06        9.37804e-10         7.7539e-11        8.94986e-09        4.15877e-08          0.0111699           0.104911        1.53385e-08        2.41262e-08        6.55803e-11            0.73276
53         0.00134383        2.51184e-05          4.558e-06             101325           0.181461          4.558e-06            1846.99                  0           0.901043            393.278        7.20017e+08        0.000331861        0.000101792         0.00178144          0.0504511         0.00400578          0.0942559        8.11619e-06        5.40584e-10        4.46216e-11        5.05786e-09          2.296e-08          0.0107798           0.105524        1.32672e-08         1.3688e-08        3.77479e-11            0.73276
54         0.00136895        2.51184e-05        4.54764e-06             101325           0.181048        4.54764e-06            1851.87                  0           0.904274            355.571        6.77957e+08         0.00032442        9.76346e-05         0.00173324          0.0502152          0.0039792          0.0943737        7.93839e-06        3.12238e-10         2.5722e-11        2.87054e-09        1.27351e-08          0.0104215           0.106087        1.17526e-08        7.79156e-09        2.17611e-11            0.73276
55         0.00139407        2.51184e-05        4.53783e-06             101325           0.180658        4.53783e-06            1856.51                  0           0.907286            322.983        6.39125e+08        0.000317037        9.36329e-05         0.00168611          0.0499964         0.00395101          0.0944905        7.76783e-06        1.80688e-10        1.48516e-11        1.63569e-09        7.09572e-09          0.0100909           0.106607        1.05841e-08        4.45035e-09        1.25638e-11            0.73276
56         0.00141919        2.51184e-05        4.52855e-06             101325           0.180288        4.52855e-06            1860.93                  0           0.910104            294.722        6.03216e+08        0.000309742        8.97923e-05         0.00164018          0.0497928         0.00392152          0.0946057         7.6039e-06         1.0475e-10        8.58874e-12        9.35575e-10        3.97089e-09         0.00978438           0.107089        9.63945e-09        2.55134e-09        7.26428e-12            0.73276
57         0.00144431        2.51184e-05        4.51974e-06             101325           0.179938        4.51974e-06            1865.15                  0            0.91275            270.124        5.69962e+08        0.000302563        8.61151e-05         0.00159554          0.0496026         0.00389101          0.0947189        7.44609e-06        6.08301e-11        4.97454e-12        5.37031e-10        2.23156e-09         0.00949897           0.107537        8.84676e-09        1.46886e-09        4.20619e-12            0.73276
58         0.00146943        2.51184e-05        4.51138e-06             101325           0.179604        4.51138e-06            1869.17                  0           0.915244            248.634        5.39125e+08        0.000295517        8.26006e-05         0.00155222          0.0494245         0.00385972            0.09483        7.29396e-06        3.53835e-11        2.88558e-12        3.09296e-10         1.2592e-09         0.00923211           0.107956         8.1626e-09        8.50047e-10        2.43897e-12            0.73276
59         0.00149454        2.51184e-05        4.50342e-06             101325           0.179288        4.50342e-06            1873.01                  0             0.9176            229.782         5.1049e+08        0.000288621        7.92463e-05         0.00151025          0.0492571         0.00382784          0.0949385        7.14712e-06        2.06147e-11        1.67634e-12        1.78701e-10        7.13303e-10         0.00898161            0.10835        7.56006e-09        4.95273e-10        1.41628e-12            0.73276
60         0.00151966        2.51184e-05        4.49584e-06             101325           0.178986        4.49584e-06            1876.69                  0           0.919833            213.175        4.83862e+08        0.000281883         7.6048e-05         0.00146965          0.0490992         0.00379552          0.0950445        7.00523e-06        1.20291e-11        9.75304e-13        1.03557e-10        4.05591e-10         0.00874561           0.108721        7.02178e-09         2.9127e-10        8.23623e-13            0.73276
61         0.00154478        2.51184e-05        4.48861e-06             101325           0.178698        4.48861e-06            1880.21                  0           0.921955            198.481        4.59067e+08         0.00027531        7.30005e-05         0.00143038          0.0489501         0.00376292          0.0951478        6.86799e-06        7.03011e-12        5.68286e-13        6.01838e-11         2.3146e-10          0.0085225           0.109071        6.53609e-09        1.73587e-10        4.79703e-13            0.73276
62          0.0015699        2.51184e-05        4.48171e-06             101325           0.178423        4.48171e-06            1883.58                  0           0.923976            185.422        4.35946e+08        0.000268907        7.00981e-05         0.00139245          0.0488088         0.00373013          0.0952484        6.73512e-06        4.11491e-12        3.31627e-13        3.50725e-11        1.32551e-10         0.00831091           0.109404        6.09474e-09        1.05452e-10        2.79845e-13            0.73276
63         0.00159502        2.51184e-05        4.47511e-06             101325           0.178161        4.47511e-06            1886.82                  0           0.925906            173.762        4.14355e+08        0.000262675        6.73343e-05          0.0013558          0.0486745         0.00369725          0.0953463        6.60637e-06        2.41231e-12        1.93821e-13        2.04927e-11        7.61652e-11         0.00810966            0.10972        5.69161e-09        6.58286e-11        1.63539e-13            0.73276
64         0.00162014        2.51184e-05        4.46879e-06             101325           0.177909        4.46879e-06            1889.92                  0           0.927753            163.302        3.94164e+08        0.000256612        6.47028e-05         0.00132042          0.0485468         0.00366437          0.0954415         6.4815e-06        1.41639e-12        1.13457e-13        1.20043e-11        4.39088e-11         0.00791772           0.110022        5.32196e-09        4.26559e-11        9.57559e-14            0.73276
65         0.00164526        2.51184e-05        4.46274e-06             101325           0.177668        4.46274e-06            1892.91                  0           0.929523            153.876        3.75257e+08        0.000250719        6.21969e-05         0.00128625          0.0484249         0.00363154           0.095534        6.36031e-06        8.32957e-13        6.65203e-14        7.04941e-12        2.53937e-11          0.0077342            0.11031        4.98198e-09        2.89999e-11        5.61923e-14            0.73276
66         0.00167037        2.51184e-05        4.45694e-06             101325           0.177437        4.45694e-06            1895.79                  0           0.931224            145.343        3.57528e+08        0.000244992        5.98102e-05         0.00125325          0.0483085         0.00359881           0.095624        6.24259e-06        4.90642e-13        3.90653e-14        4.14973e-12        1.47314e-11         0.00755833           0.110586        4.66851e-09        2.08657e-11        3.30624e-14            0.73276
67         0.00169549        2.51184e-05        4.45136e-06             101325           0.177215        4.45136e-06            1898.56                  0            0.93286            137.581         3.4088e+08        0.000239426        5.75361e-05         0.00122138           0.048197         0.00356624          0.0957114        6.12817e-06        2.89483e-13        2.29804e-14        2.44862e-12        8.57181e-12         0.00738943           0.110852        4.37885e-09        1.59461e-11        1.95167e-14            0.73276
68         0.00172061        2.51184e-05          4.446e-06             101325           0.177002          4.446e-06            1901.23                  0           0.934437            130.491        3.25226e+08        0.000234019        5.53686e-05         0.00119059            0.04809         0.00353384          0.0957963        6.01686e-06        1.71086e-13        1.35418e-14        1.44824e-12        5.00247e-12          0.0072269           0.111107        4.11071e-09        1.29056e-11         1.1569e-14            0.73276
69         0.00174573        2.51184e-05        4.44085e-06             101325           0.176797        4.44085e-06            1903.81                  0           0.935959            123.987        3.10488e+08        0.000228765        5.33015e-05         0.00116084          0.0479873         0.00350164          0.0958789        5.90852e-06        1.01288e-13          7.994e-15        8.58563e-13        2.92789e-12         0.00707021           0.111353        3.86207e-09        1.09691e-11        6.89582e-15            0.73276
70         0.00177085        2.51184e-05        4.43588e-06             101325           0.176599        4.43588e-06             1906.3                  0           0.937429            117.995        2.96594e+08        0.000223659        5.13292e-05         0.00113207          0.0478885         0.00346968          0.0959592        5.80299e-06        6.00721e-14        4.72764e-15         5.1016e-13        1.71856e-12         0.00691891           0.111591        3.63114e-09        9.68556e-12        4.14142e-15            0.73276
71         0.00179597        2.51184e-05        4.43109e-06             101325           0.176408        4.43109e-06             1908.7                  0           0.938853            112.453         2.8348e+08        0.000218695        4.94462e-05         0.00110425          0.0477933         0.00343794          0.0960372        5.70013e-06        3.56925e-14        2.80116e-15        3.03837e-13        1.01156e-12         0.00677259           0.111821        3.41635e-09        8.79185e-12        2.51322e-15            0.73276
72         0.00182108        2.51184e-05        4.42647e-06             101325           0.176224        4.42647e-06            1911.03                  0           0.940231            107.308        2.71086e+08        0.000213869        4.76474e-05         0.00107733          0.0477015         0.00340646          0.0961132         5.5998e-06        2.12466e-14        1.66289e-15        1.81374e-13        5.97071e-13         0.00663086           0.112044        3.21631e-09        8.13391e-12         1.5473e-15            0.73276
73          0.0018462        2.51184e-05        4.42201e-06             101325           0.176047        4.42201e-06            1913.29                  0           0.941569            102.514         2.5936e+08        0.000209175        4.59278e-05         0.00105126          0.0476128         0.00337522          0.0961872        5.50189e-06        1.26717e-14        9.89111e-16         1.0852e-13        3.53389e-13         0.00649341            0.11226        3.02974e-09        7.62113e-12        9.71642e-16            0.73276
74         0.00187132        2.51184e-05        4.41769e-06             101325           0.175875        4.41769e-06            1915.47                  0           0.942868            98.0335        2.48251e+08        0.000204608        4.42828e-05         0.00102601          0.0475271         0.00334424          0.0962592        5.40626e-06         7.5723e-15        5.89525e-16        6.50807e-14        2.09731e-13         0.00635994           0.112469        2.85553e-09        7.20001e-12        6.26498e-16            0.73276
75         0.00189644        2.51184e-05        4.41352e-06             101325           0.175709        4.41352e-06            1917.59                  0            0.94413            93.8319        2.37716e+08        0.000200162        4.27081e-05         0.00100154          0.0474441         0.00331351          0.0963293        5.31282e-06        4.53414e-15        3.52093e-16        3.91205e-14        1.24809e-13         0.00623018           0.112673        2.69267e-09        6.83869e-12        4.17869e-16            0.73276
76         0.00192156        2.51184e-05        4.40948e-06             101325           0.175548        4.40948e-06            1919.65                  0           0.945359            89.8806        2.27715e+08        0.000195832        4.11997e-05        0.000977809          0.0473637         0.00328303          0.0963977        5.22146e-06        2.72056e-15        2.10733e-16        2.35708e-14        7.44726e-14         0.00610389           0.112872        2.54024e-09        6.51806e-12        2.90347e-16            0.73276
77         0.00194668        2.51184e-05        4.40556e-06             101325           0.175392        4.40556e-06            1921.65                  0           0.946556            86.1545        2.18209e+08        0.000191614        3.97537e-05        0.000954778          0.0472856          0.0032528          0.0964645        5.13206e-06        1.63584e-15        1.26401e-16        1.42356e-14        4.45565e-14         0.00598085           0.113065        2.39742e-09        6.22649e-12        2.11202e-16            0.73276
78         0.00197179        2.51184e-05        4.40176e-06             101325            0.17524        4.40176e-06            1923.59                  0           0.947722             82.632        2.09166e+08        0.000187501        3.83665e-05        0.000932414          0.0472099         0.00322281          0.0965296        5.04455e-06        9.85767e-16        7.59878e-17        8.61817e-15        2.67291e-14         0.00586086           0.113254        2.26347e-09        5.95679e-12        1.61057e-16            0.73276
79         0.00199691        2.51184e-05        4.39807e-06             101325           0.175094        4.39807e-06            1925.48                  0            0.94886            79.2942        2.00554e+08         0.00018349        3.70349e-05        0.000910686          0.0471363         0.00319305          0.0965932        4.95883e-06        5.95375e-16        4.57868e-17        5.23015e-15        1.60774e-14         0.00574375           0.113438        2.13771e-09        5.70442e-12         1.2841e-16            0.73276
80         0.00202203        2.51184e-05        4.39449e-06             101325           0.174951        4.39449e-06            1927.32                  0           0.949971            76.1246        1.92345e+08        0.000179576        3.57557e-05        0.000889563          0.0470647         0.00316352          0.0966553        4.87482e-06        3.60441e-16        2.76554e-17        3.18195e-15        9.69621e-15         0.00562933           0.113617        2.01952e-09        5.46642e-12        1.06414e-16            0.73276
81         0.00204715        2.51184e-05        4.39101e-06             101325           0.174812        4.39101e-06            1929.11                  0           0.951057            73.1089        1.84513e+08        0.000175755         3.4526e-05        0.000869014           0.046995          0.0031342          0.0967161        4.79244e-06        2.18756e-16        1.67461e-17         1.9408e-15        5.86334e-15         0.00551747           0.113793        1.90836e-09        5.24076e-12        9.09779e-17            0.73276
82         0.00207227        2.51184e-05        4.38762e-06             101325           0.174678        4.38762e-06            1930.86                  0           0.952119            70.2344        1.77034e+08        0.000172023         3.3343e-05        0.000849012          0.0469272         0.00310509          0.0967755        4.71161e-06        1.33121e-16        1.01675e-17        1.18692e-15        3.55506e-15         0.00540802           0.113965        1.80371e-09        5.02604e-12        7.96474e-17            0.73276
83         0.00209739        2.51184e-05        4.38433e-06             101325           0.174546        4.38433e-06            1932.56                  0           0.953158              67.49        1.69887e+08        0.000168375        3.22044e-05        0.000829532           0.046861         0.00307618          0.0968337        4.63227e-06         8.1245e-17        6.19108e-18         7.2789e-16        2.16128e-15         0.00530086           0.114134        1.70512e-09        4.82119e-12        7.09416e-17            0.73276
84          0.0021225        2.51184e-05        4.38112e-06             101325           0.174419        4.38112e-06            1934.22                  0           0.954176            64.8658         1.6305e+08        0.000164808        3.11076e-05        0.000810547          0.0467965         0.00304746          0.0968907        4.55434e-06        4.97464e-17        3.78189e-18         4.4771e-16        1.31747e-15         0.00519586           0.114298        1.61216e-09         4.6254e-12        6.39604e-17            0.73276
85         0.00214762        2.51184e-05        4.37799e-06             101325           0.174294        4.37799e-06            1935.84                  0           0.955173            62.3532        1.56505e+08        0.000161319        3.00506e-05        0.000792037          0.0467335         0.00301891          0.0969465        4.47777e-06        3.05743e-17        2.31861e-18        2.76266e-16        8.05287e-16         0.00509292            0.11446        1.52445e-09        4.43801e-12        5.81518e-17            0.73276
86         0.00217274        2.51184e-05        4.37493e-06             101325           0.174172        4.37493e-06            1937.43                  0           0.956151            59.9444        1.50236e+08        0.000157904        2.90312e-05        0.000773977           0.046672         0.00299054          0.0970013         4.4025e-06        1.88751e-17        1.42753e-18        1.71088e-16        4.93571e-16         0.00499193           0.114619        1.44164e-09        4.25846e-12        5.31728e-17            0.73276
87         0.00219786        2.51184e-05        4.37195e-06             101325           0.174054        4.37195e-06            1938.98                  0            0.95711            57.6325        1.44226e+08        0.000154559        2.80476e-05        0.000756349          0.0466119         0.00296232           0.097055        4.32847e-06        1.17164e-17        8.83413e-19         1.0639e-16        3.03359e-16         0.00489281           0.114775         1.3634e-09        4.08626e-12        4.88069e-17            0.73276
88         0.00222298        2.51184e-05        4.36905e-06             101325           0.173938        4.36905e-06             1940.5                  0           0.958051            55.4115        1.38462e+08        0.000151283         2.7098e-05        0.000739132          0.0465532         0.00293425          0.0971077        4.25563e-06        7.32314e-18        5.50164e-19        6.64812e-17        1.86982e-16         0.00479547           0.114928        1.28944e-09          3.921e-12        4.49141e-17            0.73276
89          0.0022481        2.51184e-05         4.3662e-06             101325           0.173825         4.3662e-06            1941.98                  0           0.958976            53.2757        1.32929e+08        0.000148072        2.61807e-05        0.000722309          0.0464957         0.00290632          0.0971595        4.18393e-06        4.61806e-18        3.45392e-19        4.17904e-17        1.15589e-16         0.00469983           0.115078        1.21949e-09        3.76229e-12        4.14015e-17            0.73276
90         0.00227322        2.51184e-05        4.36343e-06             101325           0.173714        4.36343e-06            1943.44                  0           0.959884            51.2202        1.27615e+08        0.000144923        2.52943e-05        0.000705863          0.0464395         0.00287853          0.0972104        4.11334e-06        2.94615e-18        2.19095e-19        2.64652e-17        7.16736e-17         0.00460582           0.115226         1.1533e-09         3.6098e-12        3.82056e-17            0.73276
91         0.00229833        2.51184e-05        4.36071e-06             101325           0.173606        4.36071e-06            1944.86                  0           0.960777            49.2406        1.22509e+08        0.000141835        2.44372e-05        0.000689779          0.0463844         0.00285085          0.0972604         4.0438e-06         1.9082e-18         1.4086e-19        1.69189e-17        4.45873e-17         0.00451337           0.115371        1.09063e-09        3.46319e-12        3.52808e-17            0.73276
92         0.00232345        2.51184e-05        4.35805e-06             101325             0.1735        4.35805e-06            1946.25                  0           0.961656            47.3328        1.17601e+08        0.000138804        2.36083e-05        0.000674041          0.0463305          0.0028233          0.0973095        3.97529e-06        1.26031e-18         9.2142e-20         1.0948e-17        2.78346e-17         0.00442242           0.115514        1.03128e-09         3.3222e-12        3.25935e-17            0.73276
93         0.00234857        2.51184e-05        4.35545e-06             101325           0.173397        4.35545e-06            1947.62                  0            0.96252            45.4933         1.1288e+08        0.000135829        2.28061e-05        0.000658637          0.0462777         0.00279584          0.0973579        3.90777e-06        8.53147e-19        6.16083e-20        7.19536e-18        1.74439e-17         0.00433292           0.115654        9.75054e-10        3.18656e-12        3.01173e-17            0.73276
94         0.00237369        2.51184e-05         4.3529e-06             101325           0.173295         4.3529e-06            1948.97                  0            0.96337            43.7186        1.08338e+08        0.000132908        2.20297e-05        0.000643554          0.0462259         0.00276849          0.0974055        3.84121e-06        5.95034e-19        4.23145e-20        4.82311e-18        1.09805e-17         0.00424481           0.115793        9.21767e-10        3.05601e-12        2.78315e-17            0.73276
95         0.00239881        2.51184e-05        4.35041e-06             101325           0.173196        4.35041e-06            1950.28                  0           0.964207            42.0059        1.03966e+08         0.00013004        2.12778e-05        0.000628779          0.0461752         0.00274124          0.0974524        3.77557e-06        4.29563e-19        2.99947e-20        3.31266e-18        6.94787e-18         0.00415806           0.115929        8.71254e-10        2.93034e-12        2.57185e-17            0.73276
96         0.00242393        2.51184e-05        4.34796e-06             101325           0.173099        4.34796e-06            1951.57                  0           0.965031            40.3524        9.97563e+07        0.000127221        2.05496e-05        0.000614303          0.0461255         0.00271407          0.0974986        3.71084e-06        3.21926e-19        2.20213e-20        2.34213e-18        4.42385e-18         0.00407261           0.116063         8.2336e-10        2.80934e-12        2.37634e-17            0.73276
97         0.00244904        2.51184e-05        4.34557e-06             101325           0.173003        4.34557e-06            1952.84                  0           0.965843            38.7555        9.57018e+07        0.000124451        1.98441e-05        0.000600115          0.0460767         0.00268698           0.097544        3.64699e-06        2.50589e-19        1.67714e-20        1.71126e-18        2.83868e-18         0.00398843           0.116196        7.77942e-10        2.69281e-12        2.19534e-17            0.73276
98         0.00247416        2.51184e-05        4.34321e-06             101325            0.17291        4.34321e-06            1954.09                  0           0.966643            37.2131        9.17957e+07        0.000121728        1.91605e-05        0.000586205          0.0460289         0.00265997          0.0975889        3.58401e-06        2.02185e-19         1.3239e-20        1.29508e-18        1.83942e-18         0.00390548           0.116326        7.34867e-10        2.58056e-12        2.02768e-17            0.73276
99         0.00249928        2.51184e-05        4.34091e-06             101325           0.172818        4.34091e-06            1955.31                  0           0.967431             35.723        8.80319e+07        0.000119052        1.84978e-05        0.000572566           0.045982         0.00263303           0.097633        3.52186e-06        1.68392e-19        1.07988e-20        1.01535e-18        1.20687e-18         0.00382374           0.116454        6.94009e-10        2.47244e-12        1.87235e-17            0.73276
100          0.0025244        2.51184e-05        4.33865e-06             101325           0.172728        4.33865e-06            1956.52                  0           0.968208            34.2833        8.44045e+07         0.00011642        1.78555e-05        0.000559189           0.045936         0.00260617          0.0976766        3.46055e-06        1.44008e-19        9.06053e-21        8.22978e-19          8.045e-19         0.00374318           0.116581        6.55253e-10        2.36828e-12        1.72842e-17            0.73276
101         0.00254952        2.51184e-05        4.33643e-06             101325           0.172639        4.33643e-06             1957.7                  0           0.968973            32.8922        8.09082e+07        0.000113833        1.72328e-05        0.000546068          0.0458909         0.00257937          0.0977196        3.40005e-06        1.25768e-19        7.77932e-21        6.87002e-19         5.4708e-19         0.00366377           0.116706        6.18491e-10        2.26794e-12        1.59504e-17            0.73276
102         0.00257464        2.51184e-05        4.33425e-06             101325           0.172553        4.33425e-06            1958.86                  0           0.969728             31.548        7.75378e+07        0.000111288        1.66291e-05        0.000533196          0.0458466         0.00255263          0.0977619        3.34035e-06        1.11612e-19         6.8009e-21        5.87846e-19        3.81235e-19         0.00358549           0.116829        5.83622e-10        2.17127e-12        1.47145e-17            0.73276
103         0.00259975        2.51184e-05        4.33211e-06             101325           0.172467        4.33211e-06               1960                  0           0.970473            30.2494        7.42888e+07        0.000108785        1.60437e-05        0.000520566          0.0458032         0.00252596          0.0978037        3.28146e-06        1.00229e-19        6.02735e-21        5.13066e-19        2.73455e-19         0.00350832            0.11695        5.50552e-10        2.07816e-12        1.35694e-17            0.73276
104         0.00262487        2.51184e-05        4.33001e-06             101325           0.172384        4.33001e-06            1961.13                  0           0.971206            28.9947        7.11566e+07        0.000106323         1.5476e-05        0.000508174          0.0457606         0.00249935           0.097845        3.22336e-06        9.07827e-20        5.39602e-21        4.54708e-19        2.02638e-19         0.00343226            0.11707        5.19191e-10        1.98847e-12        1.25086e-17            0.73276
105         0.00264999        2.51184e-05        4.32794e-06             101325           0.172302        4.32794e-06            1962.23                  0            0.97193            27.7828        6.81372e+07        0.000103902        1.49257e-05        0.000496015          0.0457188          0.0024728          0.0978856        3.16604e-06        8.27308e-20         4.8664e-21        4.07657e-19         1.5546e-19         0.00335728           0.117187        4.89456e-10        1.90209e-12         1.1526e-17            0.73276
106         0.00267511        2.51184e-05        4.32592e-06             101325           0.172221        4.32592e-06            1963.32                  0           0.972643            26.6124        6.52267e+07         0.00010152        1.43921e-05        0.000484084          0.0456778         0.00244632          0.0979258        3.10951e-06        7.57181e-20        4.41196e-21        3.68592e-19        1.23481e-19         0.00328338           0.117303        4.61268e-10        1.81892e-12        1.06162e-17            0.73276
107         0.00270023        2.51184e-05        4.32393e-06             101325           0.172142        4.32393e-06            1964.39                  0           0.973346            25.4823        6.24214e+07        9.91784e-05        1.38748e-05        0.000472377          0.0456377          0.0024199          0.0979654        3.05377e-06        6.95082e-20        4.01501e-21        3.35339e-19        1.01335e-19         0.00321054           0.117418        4.34553e-10        1.73885e-12          9.774e-18            0.73276
108         0.00272535        2.51184e-05        4.32198e-06             101325           0.172064        4.32198e-06            1965.43                  0            0.97404            24.3914         5.9718e+07        9.68756e-05        1.33734e-05         0.00046089          0.0455983         0.00239355          0.0980045        2.99881e-06        6.39402e-20        3.66355e-21        3.06452e-19        8.56032e-20         0.00313877           0.117531        4.09241e-10        1.66179e-12        8.99468e-18            0.73276
109         0.00275046        2.51184e-05        4.32006e-06             101325           0.171988        4.32006e-06            1966.47                  0           0.974723            23.3388        5.71131e+07        9.46114e-05        1.28874e-05        0.000449622          0.0455597         0.00236727           0.098043        2.94465e-06        5.89021e-20        3.34921e-21        2.80957e-19        7.40942e-20         0.00306806           0.117642        3.85267e-10        1.58764e-12        8.27382e-18            0.73276
110         0.00277558        2.51184e-05        4.31817e-06             101325           0.171913        4.31817e-06            1967.48                  0           0.975397            22.3234        5.46038e+07        9.23856e-05        1.24164e-05        0.000438568          0.0455219         0.00234106          0.0980811        2.89128e-06        5.43136e-20        3.06597e-21        2.58181e-19        6.54005e-20         0.00299841           0.117751        3.62566e-10        1.51632e-12        7.60732e-18            0.73276
111          0.0028007        2.51184e-05        4.31632e-06             101325           0.171839        4.31632e-06            1968.48                  0            0.97606            21.3443        5.21872e+07        9.01978e-05        1.19602e-05        0.000427727          0.0454849         0.00231492          0.0981186        2.83871e-06        5.01149e-20        2.80939e-21        2.37651e-19        5.86122e-20         0.00292981           0.117859        3.41081e-10        1.44774e-12        6.99137e-18            0.73276
112         0.00282582        2.51184e-05        4.31451e-06             101325           0.171767        4.31451e-06            1969.46                  0           0.976714            20.4006        4.98605e+07        8.80481e-05        1.15184e-05        0.000417096          0.0454486         0.00228887          0.0981556        2.78696e-06        4.62604e-20        2.57608e-21        2.19023e-19        5.31381e-20         0.00286227           0.117965        3.20753e-10        1.38183e-12        6.42241e-18            0.73276
113         0.00285094        2.51184e-05        4.31272e-06             101325           0.171696        4.31272e-06            1970.42                  0           0.977358            19.4916        4.76211e+07        8.59362e-05        1.10905e-05        0.000406674          0.0454131         0.00226291          0.0981921        2.73602e-06        4.27139e-20        2.36335e-21        2.02041e-19        4.85912e-20         0.00279579            0.11807        3.01529e-10        1.31849e-12        5.89715e-18            0.73276
114         0.00287606        2.51184e-05        4.31097e-06             101325           0.171626        4.31097e-06            1971.37                  0           0.977992            18.6162        4.54665e+07         8.3862e-05        1.06764e-05        0.000396459          0.0453784         0.00223705          0.0982281        2.68591e-06        3.94457e-20        2.16901e-21        1.86505e-19        4.47161e-20         0.00273037           0.118172        2.83358e-10        1.25767e-12        5.41249e-18            0.73276
115         0.00290118        2.51184e-05        4.30926e-06             101325           0.171558        4.30926e-06             1972.3                  0           0.978616            17.7739        4.33944e+07        8.18256e-05        1.02757e-05         0.00038645          0.0453444         0.00221128          0.0982636        2.63665e-06        3.64309e-20        1.99123e-21        1.72259e-19        4.13422e-20         0.00266603           0.118273        2.66191e-10        1.19929e-12        4.96556e-18            0.73276
116         0.00292629        2.51184e-05        4.30757e-06             101325           0.171491        4.30757e-06            1973.21                  0            0.97923            16.9637        4.14024e+07         7.9827e-05        9.88814e-06        0.000376646          0.0453112         0.00218563          0.0982985        2.58824e-06        3.36479e-20        1.82846e-21        1.59173e-19        3.83542e-20         0.00260277           0.118373        2.49981e-10        1.14328e-12        4.55369e-18            0.73276
117         0.00295141        2.51184e-05        4.30592e-06             101325           0.171425        4.30592e-06            1974.11                  0           0.979834            16.1851        3.94885e+07        7.78663e-05        9.51343e-06        0.000367047          0.0452788          0.0021601          0.0983329        2.54069e-06         3.1078e-20        1.67932e-21        1.47137e-19        3.56728e-20         0.00254059            0.11847        2.34683e-10        1.08957e-12        4.17435e-18            0.73276
118         0.00297653        2.51184e-05         4.3043e-06             101325            0.17136         4.3043e-06            1974.99                  0           0.980429            15.4372        3.76504e+07        7.59436e-05        9.15133e-06        0.000357652          0.0452471          0.0021347          0.0983669        2.49403e-06        2.87043e-20        1.54264e-21        1.36058e-19        3.32426e-20         0.00247952           0.118566        2.20255e-10         1.0381e-12        3.82521e-18            0.73276
119         0.00300165        2.51184e-05        4.30271e-06             101325           0.171297        4.30271e-06            1975.86                  0           0.981012            14.7194        3.58863e+07        7.40589e-05        8.80157e-06         0.00034846          0.0452162         0.00210944          0.0984002        2.44826e-06        2.65119e-20        1.41732e-21        1.25855e-19        3.10236e-20         0.00241955           0.118661        2.06655e-10        9.88799e-13        3.50409e-18            0.73276
120         0.00302677        2.51184e-05        4.30116e-06             101325           0.171235        4.30116e-06             1976.7                  0           0.981586             14.031        3.41942e+07        7.22127e-05        8.46393e-06        0.000339472          0.0451861         0.00208434          0.0984331         2.4034e-06        2.44869e-20        1.30242e-21        1.16455e-19        2.89864e-20          0.0023607           0.118753        1.93844e-10        9.41615e-13        3.20894e-18            0.73276
121         0.00305189        2.51184e-05        4.29963e-06             101325           0.171175        4.29963e-06            1977.53                  0           0.982149            13.3713        3.25721e+07        7.04049e-05        8.13816e-06        0.000330687          0.0451567          0.0020594          0.0984654        2.35948e-06         2.2617e-20        1.19706e-21        1.07792e-19        2.71087e-20         0.00230298           0.118844        1.81785e-10        8.96483e-13        2.93787e-18            0.73276
122           0.003077        2.51184e-05        4.29814e-06             101325           0.171115        4.29814e-06            1978.35                  0           0.982702            12.7397        3.10184e+07         6.8636e-05        7.82404e-06        0.000322106          0.0451281         0.00203464          0.0984972        2.31649e-06        2.08905e-20        1.10046e-21        9.98076e-20        2.53731e-20         0.00224641           0.118933        1.70441e-10        8.53345e-13        2.68908e-18            0.73276
123         0.00310212        2.51184e-05        4.29669e-06             101325           0.171057        4.29669e-06            1979.14                  0           0.983244            12.1356        2.95312e+07        6.69063e-05        7.52135e-06         0.00031373          0.0451003         0.00201008          0.0985284        2.27447e-06        1.92971e-20        1.01189e-21        9.24486e-20        2.37655e-20         0.00219099            0.11902        1.59778e-10        8.12144e-13        2.46093e-18            0.73276
124         0.00312724        2.51184e-05        4.29526e-06             101325           0.171001        4.29526e-06            1979.92                  0           0.983775            11.5583        2.81089e+07        6.52159e-05        7.22988e-06         0.00030556          0.0450732         0.00198574           0.098559        2.23343e-06        1.78269e-20        9.30707e-22        8.56661e-20        2.22744e-20         0.00213676           0.119105        1.49763e-10        7.72824e-13        2.25186e-18            0.73276
125         0.00315236        2.51184e-05        4.29387e-06             101325           0.170945        4.29387e-06            1980.68                  0           0.984295            11.0073        2.67499e+07        6.35654e-05        6.94942e-06        0.000297595          0.0450469         0.00196162          0.0985891        2.19339e-06        1.64709e-20        8.56299e-22        7.94155e-20        2.08898e-20         0.00208372           0.119188        1.40364e-10         7.3533e-13        2.06043e-18            0.73276
126         0.00317748        2.51184e-05        4.29251e-06             101325           0.170891        4.29251e-06            1981.43                  0           0.984804             10.482        2.54526e+07        6.19552e-05        6.67979e-06        0.000289838          0.0450214         0.00193775          0.0986186        2.15437e-06        1.52208e-20        7.88121e-22        7.36558e-20        1.96033e-20         0.00203189            0.11927        1.31549e-10        6.99609e-13         1.8853e-18            0.73276
127          0.0032026        2.51184e-05        4.29118e-06             101325           0.170838        4.29118e-06            1982.15                  0           0.985302            9.98181        2.42154e+07        6.03856e-05        6.42078e-06        0.000282289          0.0449967         0.00191416          0.0986474        2.11638e-06         1.4069e-20        7.25668e-22        6.83495e-20        1.84074e-20         0.00198129           0.119349        1.23291e-10        6.65608e-13         1.7252e-18            0.73276
128         0.00322771        2.51184e-05        4.28989e-06             101325           0.170787        4.28989e-06            1982.86                  0           0.985788            9.50621         2.3037e+07        5.88571e-05        6.17221e-06         0.00027495          0.0449727         0.00189085          0.0986757        2.07944e-06        1.30083e-20        6.68481e-22        6.34621e-20        1.72955e-20         0.00193194           0.119427        1.15562e-10        6.33276e-13        1.57897e-18            0.73276
129         0.00325283        2.51184e-05        4.28863e-06             101325           0.170737        4.28863e-06            1983.55                  0           0.986263            9.05465        2.19159e+07        5.73704e-05        5.93391e-06        0.000267823          0.0449495         0.00186786          0.0987033        2.04358e-06         1.2032e-20        6.16134e-22        5.89617e-20        1.62616e-20         0.00188387           0.119502        1.08333e-10        6.02565e-13        1.44553e-18            0.73276
130         0.00327795        2.51184e-05         4.2874e-06             101325           0.170688         4.2874e-06            1984.22                  0           0.986725            8.62665        2.08507e+07         5.5926e-05        5.70571e-06        0.000260909          0.0449271         0.00184521          0.0987303        2.00881e-06         1.1134e-20         5.6824e-22        5.48192e-20        1.53003e-20         0.00183709           0.119576        1.01581e-10        5.73425e-13        1.32387e-18            0.73276
131         0.00330307        2.51184e-05        4.28621e-06             101325            0.17064        4.28621e-06            1984.88                  0           0.987175             8.2217        1.98401e+07        5.45245e-05        5.48744e-06        0.000254212          0.0449055         0.00182293          0.0987566        1.97515e-06        1.03088e-20        5.24442e-22        5.10078e-20        1.44067e-20         0.00179163           0.119647        9.52802e-11        5.45811e-13        1.21306e-18            0.73276
132         0.00332819        2.51184e-05        4.28506e-06             101325           0.170594        4.28506e-06            1985.51                  0           0.987613            7.83934         1.8883e+07        5.31666e-05        5.27895e-06        0.000247733          0.0448847         0.00180105          0.0987822        1.94263e-06        9.55086e-21        4.84415e-22        4.75027e-20        1.35763e-20         0.00174753           0.119716        8.94077e-11        5.19676e-13        1.11222e-18            0.73276
133         0.00335331        2.51184e-05        4.28394e-06             101325            0.17055        4.28394e-06            1986.12                  0           0.988038            7.47913         1.7978e+07        5.18531e-05        5.08011e-06        0.000241476          0.0448646         0.00177959          0.0988071        1.91126e-06        8.85549e-21        4.47857e-22        4.42813e-20         1.2805e-20          0.0017048           0.119784        8.39415e-11        4.94978e-13        1.02056e-18            0.73276
134         0.00337842        2.51184e-05        4.28286e-06             101325           0.170507        4.28286e-06            1986.72                  0            0.98845            7.14064         1.7124e+07        5.05848e-05        4.89077e-06        0.000235443          0.0448454          0.0017586          0.0988312        1.88107e-06        8.21813e-21        4.14497e-22        4.13229e-20        1.20891e-20         0.00166349           0.119848        7.88607e-11        4.71675e-13        9.37343e-19            0.73276
135         0.00340354        2.51184e-05        4.28182e-06             101325           0.170466        4.28182e-06            1987.29                  0           0.988848            6.82345        1.63199e+07        4.93628e-05        4.71082e-06        0.000229639           0.044827         0.00173811          0.0988546        1.85208e-06        7.63463e-21        3.84082e-22        3.86082e-20        1.14252e-20         0.00162362           0.119911        7.41454e-11        4.49727e-13        8.61876e-19            0.73276
136         0.00342866        2.51184e-05        4.28082e-06             101325           0.170426        4.28082e-06            1987.84                  0           0.989232            6.52717        1.55647e+07        4.81879e-05        4.54014e-06        0.000224067          0.0448094         0.00171815          0.0988772        1.82431e-06        7.10114e-21        3.56383e-22          3.612e-20          1.081e-20         0.00158524           0.119971        6.97769e-11        4.29095e-13        7.93533e-19            0.73276
137         0.00345378        2.51184e-05        4.27985e-06             101325           0.170387        4.27985e-06            1988.38                  0           0.989602            6.25144        1.48573e+07        4.70613e-05        4.37865e-06        0.000218733          0.0447925         0.00169878           0.098899        1.79778e-06        6.61413e-21        3.31191e-22        3.38422e-20        1.02408e-20         0.00154839           0.120029        6.57377e-11        4.09745e-13        7.31737e-19            0.73276
138          0.0034789        2.51184e-05        4.27893e-06             101325            0.17035        4.27893e-06            1988.88                  0           0.989958            5.99589        1.41969e+07        4.59844e-05        4.22627e-06        0.000213641          0.0447766         0.00168004            0.09892        1.77252e-06        6.17036e-21        3.08316e-22        3.17604e-20        9.71508e-21         0.00151311           0.120085        6.20114e-11        3.91644e-13        6.75958e-19            0.73276
139         0.00350402        2.51184e-05        4.27805e-06             101325           0.170315        4.27805e-06            1989.37                  0           0.990298            5.76016        1.35824e+07        4.49585e-05        4.08294e-06        0.000208797          0.0447614         0.00166197            0.09894        1.74856e-06        5.76685e-21        2.87584e-22        2.98614e-20        9.23041e-21         0.00147946           0.120138        5.85828e-11         3.7476e-13        6.25714e-19            0.73276
140         0.00352914        2.51184e-05        4.27721e-06             101325           0.170282        4.27721e-06            1989.83                  0           0.990623            5.54391        1.30131e+07        4.39852e-05        3.94861e-06        0.000204208          0.0447472         0.00164464          0.0989591        1.72593e-06         5.4009e-21        2.68839e-22        2.81334e-20        8.78476e-21         0.00144749           0.120188        5.54376e-11        3.59068e-13        5.80564e-19            0.73276
141         0.00355425        2.51184e-05        4.27642e-06             101325           0.170251        4.27642e-06            1990.27                  0           0.990931            5.34679        1.24882e+07        4.30662e-05        3.82329e-06        0.000199881          0.0447337         0.00162809          0.0989772        1.70465e-06        5.07005e-21         2.5194e-22        2.65656e-20        8.37629e-21         0.00141727           0.120235        5.25631e-11        3.44542e-13        5.40111e-19            0.73276
142         0.00357937        2.51184e-05        4.27568e-06             101325           0.170221        4.27568e-06            1990.68                  0           0.991222            5.16841        1.20068e+07        4.22035e-05        3.70698e-06        0.000195826          0.0447212          0.0016124          0.0989943        1.68477e-06        4.77211e-21        2.36762e-22        2.51487e-20        8.00342e-21         0.00138887            0.12028        4.99477e-11        3.31164e-13        5.03999e-19            0.73276
143         0.00360449        2.51184e-05        4.27499e-06             101325           0.170193        4.27499e-06            1991.06                  0           0.991495             5.0084        1.15683e+07        4.13992e-05        3.59973e-06         0.00019205          0.0447096         0.00159762          0.0990102        1.66631e-06        4.50511e-21        2.23193e-22        2.38743e-20         7.6648e-21         0.00136236           0.120321        4.75809e-11        3.18916e-13        4.71907e-19            0.73276
144         0.00362961        2.51184e-05        4.27434e-06             101325           0.170168        4.27434e-06            1991.42                  0           0.991749            4.86632        1.11719e+07        4.06558e-05        3.50161e-06        0.000188564          0.0446989         0.00158384          0.0990251        1.64933e-06        4.26734e-21        2.11135e-22        2.27352e-20        7.35932e-21         0.00133784            0.12036         4.5454e-11        3.07788e-13        4.43555e-19            0.73276
145         0.00365473        2.51184e-05        4.27376e-06             101325           0.170144        4.27376e-06            1991.74                  0           0.991984            4.74168         1.0817e+07        3.99761e-05        3.41275e-06        0.000185381          0.0446891         0.00157114          0.0990387        1.63387e-06        4.05733e-21        2.00506e-22        2.17255e-20        7.08614e-21         0.00131539           0.120395        4.35595e-11        2.97773e-13        4.18701e-19            0.73276
146         0.00367985        2.51184e-05        4.27322e-06             101325           0.170123        4.27322e-06            1992.03                  0           0.992198            4.63394         1.0503e+07         3.9363e-05        3.33331e-06        0.000182513          0.0446804         0.00155959           0.099051        1.61999e-06        3.87385e-21        1.91237e-22        2.08404e-20        6.84465e-21         0.00129512           0.120427        4.18916e-11        2.88873e-13        3.97138e-19            0.73276
147         0.00370496        2.51184e-05        4.27275e-06             101325           0.170105        4.27275e-06             1992.3                  0           0.992391            4.54244        1.02292e+07          3.882e-05        3.26351e-06        0.000179977          0.0446726         0.00154929          0.0990619        1.60773e-06        3.71595e-21        1.83271e-22        2.00761e-20        6.63456e-21         0.00127716           0.120455        4.04463e-11        2.81095e-13        3.78698e-19            0.73276
148         0.00373008        2.51184e-05        4.27235e-06             101325           0.170088        4.27235e-06            1992.52                  0            0.99256            4.46647        9.99501e+06        3.83509e-05        3.20364e-06        0.000177787           0.044666         0.00154034          0.0990714        1.59718e-06        3.58294e-21        1.76571e-22        1.94305e-20        6.45585e-21         0.00126162            0.12048        3.92215e-11        2.74453e-13        3.63253e-19            0.73276
149          0.0037552        2.51184e-05        4.27201e-06             101325           0.170075        4.27201e-06            1992.71                  0           0.992705            4.40516        9.80003e+06        3.79598e-05        3.15403e-06        0.000175963          0.0446604         0.00153284          0.0990793        1.58841e-06        3.47445e-21        1.71111e-22        1.89024e-20        6.30881e-21         0.00124867             0.1205        3.82173e-11        2.68972e-13        3.50715e-19            0.73276
150         0.00378032        2.51184e-05        4.27174e-06             101325           0.170064        4.27174e-06            1992.86                  0           0.992825             4.3576         9.6438e+06        3.76514e-05        3.11509e-06        0.000174526          0.0446561         0.00152689          0.0990856        1.58152e-06        3.39039e-21        1.66885e-22        1.84924e-20        6.19407e-21         0.00123844           0.120516        3.74359e-11        2.64684e-13        3.41039e-19            0.73276
151         0.00380544        2.51184e-05        4.27155e-06             101325           0.170056        4.27155e-06            1992.96                  0           0.992917            4.32284        9.52612e+06        3.74305e-05        3.08732e-06        0.000173497           0.044653         0.00152263          0.0990901        1.57659e-06          3.331e-21        1.63901e-22        1.82022e-20        6.11256e-21         0.00123112           0.120528        3.68821e-11        2.61633e-13        3.34223e-19            0.73276
152         0.00383056        2.51184e-05        4.27144e-06             101325           0.170052        4.27144e-06            1993.02                  0            0.99298            4.30004        9.44705e+06        3.73021e-05        3.07121e-06        0.000172899          0.0446512         0.00152014          0.0990927        1.57373e-06        3.29678e-21        1.62182e-22        1.80348e-20        6.06542e-21         0.00122686           0.120534        3.65623e-11        2.59867e-13        3.30304e-19            0.73276
