# Time 0.000975
# eta = 0.002
# length = -0.000138243
#--- 	  	 LEM Line data  --- 
#(1) wafer              (2) x             (3) dx              (4) m              (5) p            (6) rho              (7) m              (8) T              (9) Z             (10) C          (11) dCdt       (12) heatRel                  (13) Y_H2                  (14) Y_H                  (15) Y_O                  (16) Y_O2                  (17) Y_OH                  (18) Y_H2O                  (19) Y_HO2                  (20) Y_CH2                  (21) Y_CH2(S)                  (22) Y_CH3                  (23) Y_CH4                  (24) Y_CO                  (25) Y_CO2                  (26) Y_HCO                  (27) Y_CH2O                  (28) Y_CH2OH                  (29) Y_N2
0        1.25592e-05        2.51184e-05        2.82675e-05             101325            1.12537        2.82675e-05            301.673                  0                  0                  0       5.11713e-310        2.22049e-07        3.26339e-17        5.58196e-14           0.222454        5.16347e-12        8.30916e-05        6.06861e-08        2.16895e-16        1.12982e-17        8.06427e-07          0.0446034        8.78697e-06        8.90592e-05        1.69367e-16        6.07702e-07        2.52598e-20            0.73276
1        3.76776e-05        2.51184e-05         2.8211e-05             101325            1.12312         2.8211e-05            302.276                  0        0.000818513        4.71499e-07            30.4399        3.12592e-07        5.77279e-17        6.22736e-14           0.222402        7.06622e-12        0.000113304          8.216e-08        3.87709e-16        2.02426e-17        1.10061e-06          0.0445893        1.24598e-05        0.000120784        3.05365e-16        8.44864e-07        4.57439e-20            0.73276
2         6.2796e-05        2.51184e-05        2.81369e-05             101325            1.12017        2.81369e-05            303.071                  0          0.0010708         6.4982e-07             51.441         4.4624e-07        1.05388e-16        5.82276e-14           0.222333        9.63802e-12        0.000153406        1.09918e-07        7.17047e-16        3.75601e-17        1.49214e-06          0.0445705        1.79951e-05        0.000161984        5.72535e-16         1.1816e-06        8.62406e-20            0.73276
3        8.79145e-05        2.51184e-05        2.80319e-05             101325            1.11599        2.80319e-05            304.205                  0         0.00144443        9.46656e-07            92.4923        6.53562e-07        2.00242e-16        4.76785e-14           0.222234         1.3415e-11        0.000210988        1.49066e-07        1.37039e-15        7.21179e-17        2.05498e-06          0.0445434        2.67099e-05        0.000220088        1.11366e-15        1.68956e-06         1.6935e-19            0.73276
4        0.000113033        2.51184e-05        2.78862e-05             101325            1.11019        2.78862e-05            305.792                  0          0.0019754        1.43671e-06            171.193        9.66563e-07        3.91661e-16        3.41886e-14           0.222096        1.89172e-11        0.000292118        2.03481e-07        2.66282e-15        1.41033e-16        2.84798e-06          0.0445053        4.00444e-05        0.000300495         2.2105e-15         2.4374e-06        3.41649e-19            0.73276
5        0.000138151        2.51184e-05        2.76879e-05             101325            1.10229        2.76879e-05            307.978                  0         0.00271645        2.26125e-06            320.888        1.42963e-06        7.82301e-16         2.1414e-14           0.221904        2.69454e-11        0.000404639        2.78299e-07        5.21096e-15        2.78391e-16        3.94661e-06          0.0444522        6.00251e-05        0.000409961         4.4362e-15        3.51773e-06        7.03589e-19            0.73276
6         0.00016327        2.51184e-05        2.74231e-05             101325            1.09175        2.74231e-05            310.945                  0         0.00373445         3.6833e-06            602.144        2.10286e-06        1.58884e-15        1.16919e-14           0.221643         3.8782e-11         0.00055846        3.80298e-07        1.02272e-14        5.52694e-16        5.44537e-06          0.0443794        8.94357e-05        0.000556707        8.97012e-15        5.05268e-06        1.47839e-18            0.73276
7        0.000188388        2.51184e-05        2.70765e-05             101325            1.07795        2.70765e-05            314.916                  0         0.00511243        6.20571e-06            1122.52        3.06576e-06        3.28063e-15        5.57333e-15           0.221292        5.65707e-11        0.000765877        5.18532e-07        2.01266e-14        1.10406e-15        7.46027e-06          0.0442811        0.000132012        0.000750544        1.82883e-14        7.19971e-06        3.18211e-18            0.73276
8        0.000213507        2.51184e-05        2.66321e-05             101325            1.06026        2.66321e-05            320.158                  0         0.00695165        1.08178e-05            2068.97        4.42079e-06         6.9096e-15        2.38688e-15           0.220827        8.40415e-11         0.00104183        7.05252e-07        3.98156e-14        2.22617e-15        1.01307e-05          0.0441499        0.000192634         0.00100292        3.77314e-14        1.01569e-05        7.06567e-18            0.73276
9        0.000238625        2.51184e-05        2.60749e-05             101325            1.03808        2.60749e-05             326.98                  0         0.00937307        1.95289e-05            3760.23        6.29618e-06        1.49249e-14        1.08986e-15           0.220219         1.2787e-10         0.00140405        9.57276e-07        7.94779e-14        4.55054e-15        1.36204e-05          0.0439774        0.000277495         0.00132685        7.91618e-14        1.41663e-05        1.63181e-17            0.73276
10        0.000263743        2.51184e-05         2.5393e-05             101325            1.01093         2.5393e-05            335.735                  0          0.0125178        3.65457e-05             6730.1        8.84705e-06        3.32274e-14        9.41638e-16           0.219435        2.00245e-10         0.00187301        1.29795e-06        1.60654e-13         9.4669e-15        1.81163e-05          0.0437535        0.000394188         0.00173675         1.6967e-13        1.95147e-05        3.94852e-17            0.73276
11        0.000288862        2.51184e-05        2.45798e-05             101325           0.978556        2.45798e-05            346.806                  0          0.0165459        7.09198e-05            11859.3        1.22541e-05        7.64745e-14        1.93237e-15           0.218437        3.23675e-10          0.0024716        1.75989e-06        3.29475e-13        2.00838e-14        2.38265e-05          0.0434671         0.00055168         0.00224809        3.72532e-13        2.65293e-05        1.00534e-16            0.73276
12         0.00031398        2.51184e-05        2.36365e-05             101325           0.941004        2.36365e-05            360.596                  0          0.0216338        0.000142548            20582.8        1.67192e-05        1.81858e-13         5.6647e-15           0.217187        5.39839e-10         0.00322455        2.38856e-06        6.85065e-13        4.33997e-14        3.09752e-05           0.043106        0.000760119         0.00287689        8.37744e-13        3.55687e-05        2.69201e-16            0.73276
13        0.000339099        2.51184e-05        2.25737e-05             101325           0.898691        2.25737e-05            377.507                  0          0.0279692        0.000295719            35215.1        2.24572e-05        4.45011e-13        1.91783e-14           0.215643        9.25266e-10         0.00415748        3.24684e-06        1.43882e-12        9.50832e-14        3.97971e-05          0.0426578         0.00103047         0.00363915        1.92268e-12        4.70082e-05        7.53556e-16            0.73276
14        0.000364217        2.51184e-05         2.1411e-05             101325           0.852402         2.1411e-05            397.917                  0          0.0357441        0.000629182            59462.5        2.96862e-05        1.11256e-12        7.18674e-14           0.213764        1.61782e-09         0.00529588        4.42035e-06        3.03357e-12        2.09589e-13        5.05313e-05          0.0421099         0.00137401         0.00455021        4.47495e-12        6.12218e-05        2.18167e-15            0.73276
15        0.000389335        2.51184e-05        2.01757e-05             101325           0.803223        2.01757e-05            422.162                  0          0.0451473         0.00136095            99232.7        3.86155e-05        2.82198e-12        2.90115e-13           0.211513        2.85804e-09         0.00666392        6.02331e-06        6.37135e-12        4.60405e-13        6.34158e-05          0.0414504         0.00180173         0.00562425        1.04782e-11        7.85635e-05        6.44868e-15            0.73276
16        0.000414454        2.51184e-05        1.88995e-05             101325           0.752418        1.88995e-05            450.514                  0          0.0563571         0.00296165             163933        4.94364e-05        7.23505e-12         1.2267e-12           0.208854        5.04851e-09         0.00828362        8.20469e-06        1.32284e-11        9.98149e-13        7.86853e-05          0.0406685         0.00232384         0.00687387        2.44898e-11        9.93509e-05        1.92411e-14            0.73276
17        0.000439572        2.51184e-05        1.76149e-05             101325           0.701275        1.76149e-05            483.172                  0          0.0695349         0.00641333             268579        6.23149e-05        1.87709e-11        5.29784e-12           0.205758        8.83331e-09          0.0101743         1.1154e-05        2.69936e-11        2.11892e-12        9.65729e-05          0.0397545         0.00294938            0.00831        5.68009e-11        0.000123854        5.76499e-14            0.73276
18        0.000464691        2.51184e-05        1.63513e-05             101325           0.650967        1.63513e-05            520.263                  0          0.0848226          0.0136815             437315        7.73899e-05        4.96397e-11        2.29298e-11           0.202197          1.521e-08          0.0123524        1.51065e-05        5.40587e-11        4.38875e-12        0.000117316          0.0387004         0.00368601         0.00994201        1.30525e-10        0.000152288        1.74292e-13            0.73276
19        0.000489809        2.51184e-05        1.51327e-05             101325           0.602456        1.51327e-05            561.844                  0           0.102343          0.0285429             709611        9.47738e-05        1.35139e-10        9.81443e-11           0.198149        2.57445e-08          0.0148319        2.03471e-05        1.06945e-10        8.90494e-12        0.000141165          0.0374991         0.00454007           0.011778        2.98515e-10        0.000184817        5.39651e-13            0.73276
20        0.000514928        2.51184e-05         1.3977e-05             101325           0.556443         1.3977e-05            607.918                  0             0.1222          0.0581032        1.15256e+06        0.000114558        3.81044e-10        4.11355e-10           0.193596        4.31704e-08          0.0176247        2.72117e-05        2.13148e-10        1.79901e-11        0.000168397          0.0361447         0.00551675          0.0138253        6.87634e-10         0.00022155        1.74008e-12            0.73276
21        0.000540046        2.51184e-05        1.28952e-05             101325           0.513376        1.28952e-05            658.447                  0           0.144489           0.116185        1.88963e+06        0.000136816        1.10862e-09        1.67319e-09           0.188521        7.33376e-08           0.020741        3.60839e-05        4.43903e-10        3.73776e-11        0.000199334           0.034632         0.00662034          0.0160905        1.62423e-09        0.000262544        5.86883e-12            0.73276
22        0.000565164        2.51184e-05         1.1893e-05             101325           0.473479         1.1893e-05            713.362                  0           0.169291           0.233189        3.17764e+06        0.000161612        3.28122e-09        6.54197e-09           0.182908        1.31487e-07          0.0241903        4.73798e-05        1.00993e-09        8.33815e-11        0.000234363          0.0329561         0.00785439          0.0185799         4.0028e-09        0.000307799        2.03875e-11            0.73276
23        0.000590283        2.51184e-05        1.09718e-05             101325           0.436804        1.09718e-05            772.576                  0           0.196685            0.48934        5.62399e+06        0.000189002        9.68657e-09        2.43441e-08           0.176743        2.61303e-07          0.0279808        6.15108e-05        2.56708e-09        2.05565e-10        0.000273969          0.0311126         0.00922185          0.0212997        1.03546e-08        0.000357259        7.09702e-11            0.73276
24        0.000615401        2.51184e-05        1.01297e-05             101325           0.403279        1.01297e-05            835.991                  0           0.226742            1.12741        1.07882e+07        0.000219036        2.80019e-08        8.54577e-08           0.170014        5.88626e-07          0.0321195        7.88015e-05        7.12595e-09        5.53549e-10        0.000318795          0.0290976           0.010725          0.0242554        2.77874e-08        0.000410792         2.4109e-10            0.73276
25         0.00064052        2.51184e-05        9.36304e-06             101325           0.372756        9.36304e-06            903.492                  0           0.259526            2.91073        2.27607e+07        0.000251756        7.82571e-08        2.81267e-07           0.162713        1.46153e-06          0.0366111        9.93307e-05        2.05422e-08        1.55808e-09        0.000369706          0.0269079          0.0123651          0.0274512        7.54596e-08        0.000468179         7.8434e-10            0.73276
26        0.000665638        2.51184e-05        8.66692e-06             101325           0.345043        8.66692e-06            974.943                  0           0.295082            8.15885         5.2036e+07         0.00028719        2.10075e-07        8.65767e-07           0.154839        3.78775e-06           0.041456        0.000122654        5.87389e-08        4.37886e-09          0.0004278          0.0245422          0.0141417           0.030889         2.0178e-07        0.000529052        2.41625e-09            0.73276
27        0.000690757        2.51184e-05        8.03626e-06             101325           0.319935        8.03626e-06            1050.15                  0           0.333421            23.4417        1.24325e+08        0.000325316        5.40413e-07        2.49388e-06           0.146402        9.78301e-06          0.0466457        0.000147371        1.61721e-07        1.19036e-08        0.000494064          0.0220027          0.0160506          0.0345666        5.19462e-07        0.000592758        7.00136e-09            0.73276
28        0.000715875        2.51184e-05         7.4662e-06             101325            0.29724         7.4662e-06            1128.83                  0           0.374488            65.7804        2.98796e+08        0.000366037        1.33074e-06        6.74207e-06           0.137423        2.44927e-05          0.0521615        0.000170602        4.21496e-07        3.07227e-08        0.000568204          0.0192968          0.0180837          0.0384786        1.26699e-06        0.000658082        1.89964e-08           0.732759
29        0.000740993        2.51184e-05         6.9526e-06             101325           0.276793         6.9526e-06            1210.48                  0           0.418164            174.891         7.0103e+08        0.000409055        3.12743e-06        1.71595e-05           0.127938        5.85509e-05          0.0579692        0.000187719         1.0279e-06        7.43472e-08        0.000645775           0.016441          0.0202259          0.0426191        2.89178e-06        0.000722511        4.80124e-08           0.732759
30        0.000766112        2.51184e-05         6.4928e-06             101325           0.258487         6.4928e-06            1294.19                  0           0.464247            431.829        1.56788e+09         0.00045348        6.96387e-06        4.11546e-05           0.118018        0.000132253          0.0639975        0.000193202        2.31224e-06        1.66256e-07        0.000713264          0.0134745          0.0224437          0.0469787        6.08846e-06        0.000780441        1.11843e-07           0.732758
31         0.00079123        2.51184e-05        6.08655e-06             101325           0.242314        6.08655e-06            1378.28                  0           0.512311            971.217        3.26171e+09        0.000496977        1.45042e-05        9.27691e-05           0.107812        0.000279152          0.0701016         0.00018331        4.67759e-06        3.35084e-07        0.000743946          0.0104819          0.0246605          0.0515399        1.15617e-05        0.000819721         2.3464e-07           0.732757
32        0.000816349        2.51184e-05        5.73714e-06             101325           0.228404        5.73714e-06            1459.73                  0           0.561491            1940.41        6.11602e+09         0.00053434        2.77174e-05        0.000195126          0.0976208        0.000542712          0.0760157        0.000158699        8.12581e-06         5.8206e-07        0.000704164         0.00761756          0.0267123          0.0562696        1.90906e-05        0.000817681        4.23697e-07           0.732756
33        0.000841467        2.51184e-05        5.45103e-06             101325           0.217013        5.45103e-06            1533.87                  0            0.61019            3332.59        9.90205e+09        0.000556705        4.74617e-05        0.000377815          0.0879606         0.00095498          0.0813399        0.000124725        1.13239e-05        8.16191e-07         0.00058121         0.00510217          0.0283084          0.0611066         2.6075e-05        0.000746201        6.14766e-07           0.732756
34        0.000866585        2.51184e-05        5.23321e-06             101325           0.208342        5.23321e-06            1595.72                  0           0.656008            4758.85        1.31587e+10        0.000555508        7.15295e-05        0.000659309          0.0794762         0.00149818           0.085652        8.96539e-05         1.2011e-05        8.77997e-07        0.000411961         0.00314235          0.0290972          0.0659494        2.82702e-05        0.000600294        6.79455e-07           0.732756
35        0.000891704        2.51184e-05        5.07954e-06             101325           0.202224        5.07954e-06            1642.85                  0           0.696425            5576.28        1.39214e+10        0.000532052        9.52386e-05         0.00101509          0.0726358         0.00208906          0.0887393        6.06652e-05        9.91102e-06        7.38487e-07        0.000257005         0.00180455          0.0289019          0.0706555        2.44632e-05        0.000422515        5.83413e-07           0.732756
36        0.000916822        2.51184e-05        4.97572e-06             101325           0.198091        4.97572e-06            1676.89                  0           0.730103            5493.53        1.20201e+10         0.00049862        0.000114883         0.00137794           0.067492         0.00262824          0.0907097        4.04841e-05        6.85617e-06        5.21079e-07        0.000147711         0.00098876          0.0278738          0.0750776        1.78004e-05        0.000267477        4.18063e-07           0.732757
37        0.000941941        2.51184e-05        4.90488e-06             101325            0.19527        4.90488e-06            1701.55                  0           0.757367            4802.95        9.03936e+09        0.000467372        0.000129305         0.00168652          0.0637647         0.00306135          0.0918593        2.79383e-05        4.28463e-06        3.31389e-07        8.13158e-05        0.000527609          0.0263476           0.079114        1.15951e-05        0.000158316        2.68896e-07           0.732758
38        0.000967059        2.51184e-05        4.85396e-06             101325           0.193243        4.85396e-06            1720.25                  0           0.779413            3945.05        6.34362e+09         0.00044359        0.000138947         0.00191588          0.0610748          0.0033843          0.0924891        2.05855e-05        2.53931e-06        1.99276e-07        4.38606e-05        0.000277822          0.0246273          0.0827247        7.08907e-06        9.02434e-05        1.63052e-07           0.732758
39        0.000992178        2.51184e-05        4.81478e-06             101325           0.191683        4.81478e-06            1735.32                  0           0.797489            3171.84        4.40029e+09        0.000427257        0.000144722         0.00206955          0.0590958         0.00361656          0.0928217        1.63572e-05        1.46455e-06        1.16315e-07        2.34516e-05        0.000145451          0.0229077           0.085916        4.18515e-06        5.04176e-05        9.57791e-08           0.732759
40          0.0010173        2.51184e-05        4.78268e-06             101325           0.190405        4.78268e-06            1748.13                  0           0.812584            2555.17        3.14643e+09        0.000416376        0.000147524         0.00216231          0.0575935          0.0037811          0.0929979        1.39017e-05        8.33087e-07        6.68195e-08         1.2506e-05        7.60323e-05          0.0212898          0.0887185        2.42516e-06        2.78797e-05        5.52995e-08           0.732759
41         0.00104241        2.51184e-05        4.75511e-06             101325           0.189308        4.75511e-06            1759.45                  0           0.825405            2084.17        2.37561e+09        0.000408829        0.000148091         0.00220994          0.0564131         0.00389678          0.0930996        1.24266e-05         4.7076e-07        3.80671e-08        6.67395e-06        3.97815e-05          0.0198157          0.0911723        1.39335e-06        1.53445e-05         3.1633e-08           0.732759
42         0.00106753        2.51184e-05        4.73068e-06             101325           0.188335        4.73068e-06            1769.71                  0           0.836451            1726.24         1.9045e+09        0.000403001        0.000147003         0.00222549          0.0554556         0.00397737          0.0931716        1.14902e-05         2.6533e-07        2.15997e-08        3.57128e-06        2.08649e-05          0.0184953          0.0933197        7.99501e-07        8.43334e-06        1.80097e-08           0.732759
43         0.00109265        2.51184e-05        4.70858e-06             101325           0.187455        4.70858e-06            1779.15                  0           0.846075            1450.61        1.60832e+09        0.000397832        0.000144706          0.0022187          0.0546575         0.00403245           0.093237        1.08516e-05         1.4951e-07        1.22376e-08        1.91849e-06        1.09804e-05          0.0173227          0.0952005        4.61106e-07        4.63764e-06        1.02327e-08            0.73276
44         0.00111777        2.51184e-05        4.68835e-06             101325            0.18665        4.68835e-06            1787.92                  0           0.854537            1234.06        1.41154e+09        0.000392707        0.000141543         0.00219655          0.0539779         0.00406864          0.0933066        1.03806e-05        8.43427e-08        6.93345e-09         1.0354e-06        5.80173e-06           0.016285          0.0968513        2.69154e-07        2.55492e-06        5.81149e-09            0.73276
45         0.00114289        2.51184e-05        4.66969e-06             101325           0.185907        4.66969e-06            1796.11                  0           0.862034            1060.41        1.27108e+09        0.000387307        0.000137774         0.00216393          0.0533894         0.00409049          0.0933848         1.0007e-05        4.76717e-08        3.93192e-09        5.61648e-07        3.07904e-06           0.015367          0.0983044        1.60327e-07        1.41115e-06        3.30239e-09            0.73276
46         0.00116801        2.51184e-05        4.65238e-06             101325           0.185218        4.65238e-06            1803.79                  0            0.86872            918.681        1.16321e+09        0.000381505        0.000133598         0.00212426          0.0528729         0.00410127          0.0934724        9.69244e-06        2.70083e-08        2.23301e-09        3.06283e-07        1.64177e-06          0.0145537          0.0995882        9.84404e-08        7.81777e-07        1.87872e-09            0.73276
47         0.00119312        2.51184e-05        4.63628e-06             101325           0.184577        4.63628e-06               1811                  0           0.874717            801.364        1.07504e+09        0.000375283         0.00012917         0.00207994          0.0524151         0.00410332          0.0935688        9.41573e-06        1.53408e-08        1.27039e-09        1.67929e-07        8.79678e-07          0.0138309           0.100727        6.30027e-08        4.34529e-07        1.07038e-09            0.73276
48         0.00121824        2.51184e-05        4.62125e-06             101325           0.183978        4.62125e-06             1817.8                  0           0.880128            703.213        9.99593e+08        0.000368681        0.000124604         0.00203269          0.0520058          0.0040984          0.0936724        9.16494e-06        8.73645e-09        7.24107e-10        9.25691e-08        4.73692e-07          0.0131862           0.101742        4.24718e-08        2.42346e-07        6.10832e-10            0.73276
49         0.00124336        2.51184e-05        4.60718e-06             101325           0.183419        4.60718e-06             1824.2                  0           0.885034            620.446        9.33037e+08        0.000361768        0.000119989         0.00198372          0.0516373         0.00408785          0.0937817        8.93312e-06        4.98825e-09        4.13534e-10        5.12985e-08        2.56358e-07          0.0126086            0.10265        3.03625e-08        1.35628e-07        3.49182e-10            0.73276
50         0.00126848        2.51184e-05          4.594e-06             101325           0.182894          4.594e-06            1830.25                  0           0.889506            550.234         8.7321e+08        0.000354619        0.000115392         0.00193393          0.0513036         0.00407273          0.0938951        8.71606e-06        2.85527e-09        2.36624e-10        2.85742e-08        1.39435e-07          0.0120887           0.103467        2.30336e-08        7.61637e-08        1.99953e-10            0.73276
51          0.0012936        2.51184e-05        4.58162e-06             101325           0.182401        4.58162e-06            1835.98                  0           0.893602            490.398        8.18825e+08         0.00034731        0.000110862         0.00188396          0.0509996         0.00405388          0.0940111        8.51109e-06        1.63826e-09        1.35651e-10        1.59953e-08        7.62173e-08          0.0116184           0.104206        1.84391e-08        4.29152e-08        1.14694e-10            0.73276
52         0.00131872        2.51184e-05        4.56997e-06             101325           0.181937        4.56997e-06             1841.4                  0            0.89737            439.208        7.69055e+08        0.000339907        0.000106434          0.0018343          0.0507215           0.004032          0.0941286         8.3164e-06        9.42101e-10        7.79074e-11        8.99621e-09        4.18654e-08           0.011191           0.104878        1.54265e-08        2.42612e-08        6.58966e-11            0.73276
53         0.00134384        2.51184e-05        4.55899e-06             101325             0.1815        4.55899e-06            1846.54                  0           0.900853            395.264        7.23323e+08        0.000332471        0.000102134         0.00178528          0.0504658         0.00400763          0.0942464        8.13071e-06        5.42915e-10        4.48222e-11        5.08246e-09        2.31063e-08          0.0108005           0.105492        1.33446e-08        1.37606e-08        3.79206e-11            0.73276
54         0.00136895        2.51184e-05        4.54862e-06             101325           0.181087        4.54862e-06            1851.42                  0           0.904085            357.416        6.81189e+08        0.000325052        9.79791e-05         0.00173716          0.0502297         0.00398127          0.0943639        7.95308e-06        3.13496e-10        2.58308e-11        2.88355e-09        1.28122e-08           0.010442           0.106055         1.1823e-08        7.83057e-09        2.18551e-11            0.73276
55         0.00139407        2.51184e-05        4.53882e-06             101325           0.180697        4.53882e-06            1856.06                  0           0.907096            324.712        6.42295e+08        0.000317689        9.39794e-05         0.00169013          0.0500109         0.00395328          0.0944804        7.78273e-06        1.81363e-10        1.49103e-11        1.64254e-09        7.13628e-09          0.0101113           0.106575        1.06497e-08        4.47124e-09        1.26146e-11            0.73276
56         0.00141919        2.51184e-05        4.52954e-06             101325           0.180328        4.52954e-06            1860.48                  0           0.909913            296.356        6.06337e+08        0.000310417        9.01414e-05          0.0016443          0.0498074         0.00392402          0.0945952        7.61908e-06        1.05108e-10        8.62008e-12        9.39151e-10        3.99219e-09         0.00980489           0.107056        9.70167e-09        2.56249e-09        7.29157e-12            0.73276
57         0.00144431        2.51184e-05        4.52074e-06             101325           0.179977        4.52074e-06            1864.69                  0           0.912557            271.682        5.73044e+08        0.000303261        8.64671e-05         0.00159976          0.0496174         0.00389374          0.0947081        7.46159e-06        6.10185e-11        4.99114e-12        5.38878e-10        2.24271e-09         0.00951972           0.107504        8.90639e-09        1.47479e-09        4.22071e-12            0.73276
58         0.00146943        2.51184e-05        4.51238e-06             101325           0.179644        4.51238e-06             1868.7                  0           0.915046             250.13        5.42178e+08        0.000296241        8.29562e-05         0.00155655          0.0494394         0.00386269          0.0948187        7.30983e-06        3.54808e-11        2.89425e-12        3.10236e-10          1.265e-09         0.00925321           0.107923        8.22023e-09        8.53187e-10         2.4466e-12            0.73276
59         0.00149455        2.51184e-05        4.50443e-06             101325           0.179328        4.50443e-06            1872.54                  0           0.917398             231.23        5.13523e+08         0.00028937         7.9606e-05         0.00151471          0.0492723         0.00383106          0.0949269        7.16342e-06        2.06638e-11        1.68079e-12        1.79167e-10        7.16297e-10         0.00900317           0.108316        7.61611e-09        4.96933e-10        1.42023e-12            0.73276
60         0.00151966        2.51184e-05        4.49687e-06             101325           0.179027        4.49687e-06            1876.21                  0           0.919625            214.587        4.86885e+08         0.00028266        7.64124e-05         0.00147424          0.0491148         0.00379901          0.0950324        7.02202e-06        1.20531e-11        9.77522e-13        1.03781e-10        4.07118e-10         0.00876774           0.108686        7.07656e-09         2.9215e-10        8.25622e-13            0.73276
61         0.00154478        2.51184e-05        4.48965e-06             101325           0.178739        4.48965e-06            1879.72                  0           0.921741            199.866        4.62086e+08        0.000276117        7.33703e-05         0.00143512           0.048966         0.00376669          0.0951353        6.88531e-06        7.04121e-12        5.69351e-13        6.02852e-11        2.32226e-10         0.00854531           0.109035        6.58985e-09        1.74062e-10        4.80682e-13            0.73276
62          0.0015699        2.51184e-05        4.48276e-06             101325           0.178465        4.48276e-06            1883.08                  0           0.923755            186.789        4.38969e+08        0.000269745        7.04738e-05         0.00139734          0.0488252          0.0037342          0.0952354        6.75303e-06        4.11959e-12        3.32108e-13        3.51138e-11        1.32925e-10          0.0083345           0.109367        6.14768e-09        1.05718e-10        2.80302e-13            0.73276
63         0.00159502        2.51184e-05        4.47618e-06             101325           0.178203        4.47618e-06             1886.3                  0           0.925677            175.118        4.17389e+08        0.000263545        6.77167e-05         0.00136086          0.0486914         0.00370164          0.0953327        6.62491e-06        2.41391e-12        1.94013e-13        2.05058e-11        7.63414e-11         0.00813412           0.109682         5.7439e-09        6.59908e-11        1.63735e-13            0.73276
64         0.00162014        2.51184e-05        4.46989e-06             101325           0.177953        4.46989e-06             1889.4                  0           0.927515            164.654        3.97216e+08        0.000257519        6.50924e-05         0.00132564          0.0485642         0.00366908          0.0954274        6.50074e-06        1.41662e-12        1.13514e-13        1.20051e-11        4.39865e-11         0.00794314           0.109982        5.37374e-09        4.27677e-11        9.58277e-14            0.73276
65         0.00164526        2.51184e-05        4.46386e-06             101325           0.177712        4.46386e-06            1892.38                  0           0.929276            155.229        3.78332e+08        0.000251662        6.25943e-05         0.00129166           0.048443         0.00363661          0.0955193         6.3803e-06        8.32647e-13        6.65196e-14        7.04557e-12         2.5424e-11         0.00776067           0.110268        5.03337e-09        2.90888e-11        5.62078e-14            0.73276
66         0.00167037        2.51184e-05        4.45807e-06             101325           0.177482        4.45807e-06            1895.24                  0           0.930966              146.7        3.60631e+08        0.000245974         6.0216e-05         0.00125886          0.0483272         0.00360426          0.0956086        6.26339e-06        4.90178e-13        3.90432e-14        4.14477e-12        1.47399e-11         0.00758593           0.110543        4.71961e-09        2.09455e-11        3.30555e-14            0.73276
67         0.00169549        2.51184e-05        4.45252e-06             101325           0.177261        4.45252e-06            1897.99                  0           0.932591            138.949        3.44016e+08         0.00024045        5.79509e-05          0.0012272          0.0482164         0.00357207          0.0956953        6.14982e-06        2.89033e-13        2.29538e-14        2.44399e-12        8.57119e-12         0.00741825           0.110806        4.42977e-09        1.60234e-11        1.95032e-14            0.73276
68         0.00172061        2.51184e-05        4.44719e-06             101325           0.177049        4.44719e-06            1900.65                  0           0.934156            131.872        3.28399e+08        0.000235087        5.57929e-05         0.00119663          0.0481103          0.0035401          0.0957796        6.03944e-06        1.70709e-13        1.35175e-14        1.44444e-12        4.99863e-12         0.00725702            0.11106        4.16151e-09        1.29835e-11        1.15556e-14            0.73276
69         0.00174573        2.51184e-05        4.44206e-06             101325           0.176845        4.44206e-06            1903.21                  0           0.935665            125.384        3.13702e+08        0.000229878        5.37359e-05         0.00116711          0.0480083         0.00350834          0.0958614        5.93207e-06        1.00994e-13         7.9743e-15        8.55629e-13        2.92348e-12         0.00710172           0.111304        3.91281e-09        1.10488e-11         6.8851e-15            0.73276
70         0.00177085        2.51184e-05        4.43713e-06             101325           0.176648        4.43713e-06            1905.68                  0           0.937122            119.411        2.99854e+08         0.00022482        5.17741e-05         0.00113858          0.0479104         0.00347684          0.0959409        5.82757e-06        5.98531e-14        4.71259e-15        5.07988e-13        1.71461e-12         0.00695188           0.111539        3.68189e-09        9.76754e-12        4.13381e-15            0.73276
71         0.00179597        2.51184e-05        4.43237e-06             101325           0.176459        4.43237e-06            1908.07                  0           0.938531             113.89        2.86787e+08        0.000219907        4.99021e-05         0.00111101          0.0478161          0.0034456          0.0960181         5.7258e-06        3.55341e-14        2.79008e-15        3.02271e-13        1.00839e-12          0.0068071           0.111767        3.46715e-09        8.87622e-12        2.50843e-15            0.73276
72         0.00182109        2.51184e-05        4.42779e-06             101325           0.176276        4.42779e-06            1910.38                  0           0.939895            108.768        2.74444e+08        0.000215133        4.81147e-05         0.00108435          0.0477252         0.00341463          0.0960933        5.62662e-06        2.11344e-14        1.65496e-15        1.80267e-13        5.94668e-13         0.00666699           0.111987        3.26719e-09        8.22062e-12        1.54478e-15            0.73276
73          0.0018462        2.51184e-05        4.42336e-06             101325             0.1761        4.42336e-06            1912.61                  0           0.941217            103.999        2.62771e+08        0.000210494        4.64069e-05         0.00105856          0.0476375         0.00338394          0.0961663         5.5299e-06        1.25934e-14        9.83528e-16        1.07748e-13        3.51631e-13         0.00653123             0.1122        3.08074e-09        7.71012e-12        9.70835e-16            0.73276
74         0.00187132        2.51184e-05        4.41908e-06             101325            0.17593        4.41908e-06            1914.78                  0             0.9425            99.5447        2.51718e+08        0.000205983        4.47741e-05         0.00103359          0.0475528         0.00335353          0.0962374        5.43554e-06         7.5183e-15         5.8565e-16         6.4547e-14        2.08476e-13         0.00639952           0.112407        2.90668e-09        7.29119e-12        6.26929e-16            0.73276
75         0.00189644        2.51184e-05        4.41495e-06             101325           0.175765        4.41495e-06            1916.87                  0           0.943745            95.3704        2.41241e+08        0.000201595        4.32119e-05         0.00100941          0.0474708          0.0033234          0.0963066        5.34342e-06        4.49721e-15        3.49431e-16        3.87548e-14        1.23928e-13          0.0062716           0.112608        2.74397e-09          6.932e-12        4.19167e-16            0.73276
76         0.00192156        2.51184e-05        4.41095e-06             101325           0.175606        4.41095e-06            1918.91                  0           0.944956            91.4473        2.31298e+08        0.000197326        4.17162e-05        0.000985982          0.0473915         0.00329355           0.096374        5.25342e-06        2.69547e-15        2.08919e-16        2.33218e-14        7.38623e-14         0.00614721           0.112804        2.59171e-09        6.61345e-12        2.92234e-16            0.73276
77         0.00194668        2.51184e-05        4.40707e-06             101325           0.175452        4.40707e-06            1920.88                  0           0.946135            87.7501        2.21853e+08         0.00019317        4.02832e-05        0.000963262          0.0473146         0.00326398          0.0964397        5.16545e-06         1.6189e-15        1.25173e-16        1.40668e-14        4.41374e-14         0.00602614           0.112994        2.44906e-09        6.32393e-12        2.13477e-16            0.73276
78          0.0019718        2.51184e-05        4.40332e-06             101325           0.175302        4.40332e-06             1922.8                  0           0.947282             84.257         2.1287e+08        0.000189122        3.89093e-05        0.000941217            0.04724         0.00323467          0.0965038        5.07942e-06        9.74371e-16        7.51603e-17        8.50421e-15        2.64434e-14         0.00590819           0.113179        2.31527e-09        6.05626e-12        1.63579e-16            0.73276
79         0.00199691        2.51184e-05        4.39967e-06             101325           0.175157        4.39967e-06            1924.66                  0           0.948401             80.949         2.0432e+08        0.000185177        3.75911e-05        0.000919816          0.0471675         0.00320563          0.0965663        4.99524e-06        5.87739e-16        4.52315e-17        5.15344e-15        1.58836e-14         0.00579318            0.11336        2.18967e-09         5.8059e-12        1.31079e-16            0.73276
80         0.00202203        2.51184e-05        4.39614e-06             101325           0.175017        4.39614e-06            1926.48                  0           0.949492            77.8094        1.96173e+08        0.000181331        3.63254e-05        0.000899027          0.0470972         0.00317684          0.0966273        4.91281e-06        3.55339e-16        2.72841e-17        3.13044e-15        9.56537e-15         0.00568092           0.113536        2.07164e-09        5.56989e-12        1.09163e-16            0.73276
81         0.00204715        2.51184e-05         4.3927e-06             101325            0.17488         4.3927e-06            1928.24                  0           0.950557            74.8237        1.88403e+08         0.00017758        3.51092e-05         0.00087882          0.0470287         0.00314829          0.0966869        4.83206e-06        2.15356e-16        1.64986e-17        1.90628e-15        5.77528e-15         0.00557128           0.113709        1.96062e-09         5.3462e-12        9.37604e-17            0.73276
82         0.00207227        2.51184e-05        4.38937e-06             101325           0.174747        4.38937e-06            1929.96                  0           0.951598            71.9791        1.80986e+08        0.000173919        3.39399e-05        0.000859166          0.0469621         0.00311999          0.0967452        4.75292e-06        1.30861e-16        1.00028e-17        1.16382e-15        3.49593e-15          0.0054641           0.113877        1.85609e-09        5.13342e-12        8.24322e-17            0.73276
83         0.00209739        2.51184e-05        4.38612e-06             101325           0.174618        4.38612e-06            1931.63                  0           0.952616            69.2643        1.73899e+08        0.000170343        3.28149e-05         0.00084004          0.0468972          0.0030919          0.0968021         4.6753e-06        7.97464e-17        6.08193e-18        7.12461e-16        2.12166e-15         0.00535926           0.114042        1.75759e-09        4.93048e-12        7.37075e-17            0.73276
84         0.00212251        2.51184e-05        4.38296e-06             101325           0.174492        4.38296e-06            1933.27                  0           0.953611            66.6693        1.67122e+08         0.00016685        3.17318e-05        0.000821415           0.046834         0.00306404          0.0968579        4.59914e-06        4.87557e-17        3.70974e-18        4.37419e-16        1.29096e-15         0.00525663           0.114203         1.6647e-09        4.73657e-12        6.66934e-17            0.73276
85         0.00214762        2.51184e-05        4.37988e-06             101325           0.174369        4.37988e-06            1934.86                  0           0.954586            64.1854        1.60637e+08        0.000163436        3.06882e-05        0.000803268          0.0467723         0.00303638          0.0969124        4.52438e-06        2.99216e-17        2.27109e-18        2.69413e-16         7.8756e-16          0.0051561           0.114361        1.57703e-09        4.55101e-12        6.08423e-17            0.73276
86         0.00217274        2.51184e-05        4.37688e-06             101325            0.17425        4.37688e-06            1936.42                  0            0.95554            61.8046        1.54426e+08        0.000160097        2.96822e-05        0.000785576          0.0467121         0.00300892          0.0969659        4.45096e-06        1.84471e-17        1.39639e-18        1.66533e-16        4.81727e-16         0.00505757           0.114516        1.49423e-09        4.37324e-12        5.58146e-17            0.73276
87         0.00219786        2.51184e-05        4.37396e-06             101325           0.174133        4.37396e-06            1937.94                  0           0.956476            59.5199        1.48472e+08        0.000156829        2.87118e-05        0.000768318          0.0466533         0.00298165          0.0970183        4.37881e-06        1.14378e-17        8.63138e-19        1.03372e-16        2.95449e-16         0.00496094           0.114668        1.41596e-09        4.20277e-12        5.13955e-17            0.73276
88         0.00222298        2.51184e-05         4.3711e-06             101325            0.17402         4.3711e-06            1939.42                  0           0.957394            57.3251        1.42762e+08        0.000153631        2.77752e-05        0.000751474          0.0465959         0.00295455          0.0970697        4.30789e-06        7.14359e-18        5.37098e-19        6.44896e-17        1.81701e-16         0.00486612           0.114817        1.34194e-09        4.03916e-12        4.74466e-17            0.73276
89          0.0022481        2.51184e-05        4.36832e-06             101325           0.173909        4.36832e-06            1940.88                  0           0.958294            55.2146        1.37281e+08        0.000150498        2.68706e-05        0.000735026          0.0465398         0.00292762          0.0971201        4.23814e-06        4.50417e-18          3.371e-19         4.0484e-17        1.12063e-16         0.00477303           0.114963        1.27189e-09        3.88204e-12         4.3876e-17            0.73276
90         0.00227322        2.51184e-05        4.36559e-06             101325           0.173801        4.36559e-06             1942.3                  0           0.959179            53.1831        1.32018e+08        0.000147428        2.59966e-05        0.000718957          0.0464849         0.00290084          0.0971696        4.16952e-06        2.87573e-18         2.1396e-19         2.5616e-17        6.93208e-17         0.00468159           0.115107        1.20555e-09        3.73104e-12        4.06206e-17            0.73276
91         0.00229834        2.51184e-05        4.36293e-06             101325           0.173695        4.36293e-06            1943.69                  0           0.960047            51.2263        1.26959e+08        0.000144419        2.51516e-05        0.000703248          0.0464311         0.00287422          0.0972183        4.10198e-06        1.86649e-18        1.37807e-19        1.63747e-17        4.30175e-17         0.00459173           0.115248         1.1427e-09        3.58586e-12        3.76352e-17            0.73276
92         0.00232345        2.51184e-05        4.36033e-06             101325           0.173591        4.36033e-06            1945.05                  0           0.960901              49.34        1.22095e+08        0.000141468        2.43344e-05        0.000687886          0.0463786         0.00284773           0.097266        4.03548e-06        1.23752e-18        9.04584e-20         1.0607e-17        2.67877e-17         0.00450339           0.115387        1.08312e-09        3.44619e-12        3.48865e-17            0.73276
93         0.00234857        2.51184e-05        4.35779e-06             101325            0.17349        4.35779e-06            1946.39                  0            0.96174            47.5204        1.17416e+08        0.000138573        2.35435e-05        0.000672856          0.0463271         0.00282138           0.097313        3.96998e-06        8.42776e-19        6.08205e-20        6.98961e-18        1.67464e-17          0.0044165           0.115523        1.02662e-09        3.31177e-12        3.23485e-17            0.73276
94         0.00237369        2.51184e-05         4.3553e-06             101325           0.173391         4.3553e-06             1947.7                  0           0.962565            45.7642        1.12912e+08        0.000135731        2.27779e-05        0.000658144          0.0462766         0.00279514          0.0973592        3.90545e-06        5.92762e-19        4.21084e-20        4.70716e-18        1.05165e-17           0.004331           0.115657        9.73021e-10        3.18235e-12        3.00004e-17            0.73276
95         0.00239881        2.51184e-05        4.35286e-06             101325           0.173294        4.35286e-06            1948.98                  0           0.963377            44.0682        1.08575e+08        0.000132941        2.20363e-05        0.000643738          0.0462272         0.00276902          0.0974047        3.84185e-06         4.3252e-19         3.0162e-20        3.25609e-18         6.6401e-18         0.00424685            0.11579        9.22147e-10        3.05769e-12        2.78248e-17            0.73276
96         0.00242393        2.51184e-05        4.35047e-06             101325           0.173198        4.35047e-06            1950.24                  0           0.964177            42.4296        1.04397e+08        0.000130201        2.13179e-05        0.000629626          0.0461787         0.00274301          0.0974495        3.77916e-06        3.28208e-19        2.24241e-20        2.32462e-18        4.22058e-18           0.004164            0.11592        8.73847e-10        2.93757e-12        2.58069e-17            0.73276
97         0.00244905        2.51184e-05        4.34813e-06             101325           0.173105        4.34813e-06            1951.48                  0           0.964964            40.8459         1.0037e+08        0.000127509        2.06216e-05        0.000615797          0.0461312          0.0027171          0.0974936        3.71734e-06        2.58929e-19         1.7318e-20         1.7192e-18        2.70537e-18         0.00408241           0.116048        8.27977e-10        2.82181e-12         2.3934e-17            0.73276
98         0.00247416        2.51184e-05        4.34583e-06             101325           0.173014        4.34583e-06            1952.69                  0           0.965739            39.3148        9.64881e+07        0.000124863        1.99466e-05        0.000602241          0.0460846         0.00269128           0.097537        3.65637e-06        2.11745e-19        1.38691e-20        1.31935e-18        1.75294e-18         0.00400202           0.116174        7.84405e-10        2.71021e-12        2.21945e-17            0.73276
99         0.00249928        2.51184e-05        4.34358e-06             101325           0.172924        4.34358e-06            1953.89                  0           0.966503             37.834        9.27441e+07        0.000122262         1.9292e-05         0.00058895          0.0460389         0.00266555          0.0975798        3.59623e-06        1.78615e-19        1.14725e-20        1.04986e-18        1.15175e-18         0.00392282           0.116299        7.43006e-10        2.60261e-12        2.05784e-17            0.73276
100          0.0025244        2.51184e-05        4.34138e-06             101325           0.172836        4.34138e-06            1955.06                  0           0.967255            36.4016        8.91326e+07        0.000119705         1.8657e-05        0.000575913          0.0459941         0.00263991           0.097622         3.5369e-06        1.54526e-19        9.75146e-21        8.63642e-19        7.70367e-19         0.00384476           0.116421        7.03665e-10        2.49884e-12        1.90764e-17            0.73276
101         0.00254952        2.51184e-05        4.33921e-06             101325            0.17275        4.33921e-06            1956.21                  0           0.967997            35.0158        8.56478e+07        0.000117191         1.8041e-05        0.000563123          0.0459501         0.00261434          0.0976636        3.47836e-06        1.36338e-19        8.47046e-21        7.31093e-19        5.26976e-19         0.00376782           0.116542        6.66276e-10        2.39875e-12        1.76802e-17            0.73276
102         0.00257464        2.51184e-05        4.33708e-06             101325           0.172665        4.33708e-06            1957.34                  0           0.968729            33.6748        8.22848e+07        0.000114718        1.74431e-05        0.000550574          0.0459069         0.00258885          0.0977046         3.4206e-06        1.22075e-19        7.48119e-21        6.33545e-19        3.70486e-19         0.00369196           0.116662        6.30739e-10         2.3022e-12        1.63822e-17            0.73276
103         0.00259976        2.51184e-05          4.335e-06             101325           0.172582          4.335e-06            1958.45                  0            0.96945            32.3772        7.90387e+07        0.000112285         1.6863e-05        0.000538257          0.0458645         0.00256343           0.097745         3.3636e-06        1.10483e-19         6.6898e-21        5.59164e-19         2.6892e-19         0.00361717           0.116779        5.96959e-10        2.20907e-12        1.51754e-17            0.73276
104         0.00262487        2.51184e-05        4.33295e-06             101325           0.172501        4.33295e-06            1959.55                  0           0.970161            31.1215        7.59051e+07        0.000109891        1.62998e-05        0.000526168          0.0458229         0.00253808           0.097785        3.30734e-06        1.00762e-19         6.0363e-21        5.00408e-19        2.02204e-19         0.00354343           0.116895        5.64851e-10        2.11922e-12        1.40535e-17            0.73276
105         0.00264999        2.51184e-05        4.33093e-06             101325           0.172421        4.33093e-06            1960.62                  0           0.970862            29.9064        7.28798e+07        0.000107536        1.57532e-05          0.0005143          0.0457821          0.0025128          0.0978244        3.25183e-06        9.23943e-20        5.48201e-21        4.52438e-19        1.57704e-19          0.0034707           0.117009        5.34333e-10        2.03255e-12        1.30104e-17            0.73276
106         0.00267511        2.51184e-05        4.32896e-06             101325           0.172342        4.32896e-06            1961.68                  0           0.971554            28.7305         6.9959e+07        0.000105218        1.52225e-05        0.000502648           0.045742         0.00248758          0.0978632        3.19706e-06        8.50424e-20        5.00157e-21        4.12123e-19        1.27444e-19         0.00339899           0.117122        5.05327e-10        1.94895e-12        1.20408e-17            0.73276
107         0.00270023        2.51184e-05        4.32701e-06             101325           0.172265        4.32701e-06            1962.72                  0           0.972236            27.5929        6.71389e+07        0.000102938        1.47074e-05        0.000491207          0.0457027         0.00246243          0.0979016        3.14301e-06        7.84807e-20         4.5781e-21        3.77412e-19        1.06371e-19         0.00332828           0.117233        4.77762e-10        1.86831e-12        1.11397e-17            0.73276
108         0.00272535        2.51184e-05         4.3251e-06             101325           0.172189         4.3251e-06            1963.75                  0           0.972909            26.4924        6.44163e+07        0.000100694        1.42073e-05        0.000479974          0.0456641         0.00243734          0.0979395        3.08968e-06        7.25561e-20        4.20013e-21        3.46948e-19        9.12754e-20         0.00325855           0.117342         4.5157e-10        1.79055e-12        1.03024e-17            0.73276
109         0.00275047        2.51184e-05        4.32323e-06             101325           0.172114        4.32323e-06            1964.75                  0           0.973572            25.4279        6.17879e+07        9.84856e-05        1.37219e-05        0.000468945          0.0456263         0.00241232          0.0979769        3.03708e-06        6.71616e-20        3.85962e-21        3.19812e-19        8.01103e-20          0.0031898            0.11745        4.26688e-10        1.71556e-12        9.52444e-18            0.73276
110         0.00277559        2.51184e-05        4.32139e-06             101325           0.172041        4.32139e-06            1965.74                  0           0.974227            24.3986        5.92507e+07        9.63131e-05        1.32507e-05        0.000458116          0.0455891         0.00238736          0.0980138         2.9852e-06        6.22202e-20        3.55081e-21        2.95372e-19        7.15639e-20         0.00312202           0.117557        4.03055e-10        1.64327e-12        8.80197e-18            0.73276
111          0.0028007        2.51184e-05        4.31958e-06             101325           0.171968        4.31958e-06            1966.72                  0           0.974872            23.4036        5.68019e+07        9.41758e-05        1.27935e-05        0.000447484          0.0455527         0.00236248          0.0980502        2.93405e-06        5.76747e-20        3.26938e-21        2.73183e-19        6.47916e-20          0.0030552           0.117662        3.80614e-10        1.57359e-12         8.1312e-18            0.73276
112         0.00282582        2.51184e-05         4.3178e-06             101325           0.171898         4.3178e-06            1967.68                  0           0.975509            22.4421        5.44388e+07        9.20733e-05        1.23498e-05        0.000437048           0.045517         0.00233766          0.0980861        2.88363e-06         5.3481e-20        3.01205e-21        2.52917e-19        5.92465e-20         0.00298935           0.117765        3.59311e-10        1.50645e-12        7.50866e-18            0.73276
113         0.00285094        2.51184e-05        4.31605e-06             101325           0.171828        4.31605e-06            1968.62                  0           0.976136            21.5132        5.21591e+07        9.00055e-05        1.19194e-05        0.000426804           0.045482         0.00231292          0.0981216        2.83394e-06        4.96039e-20        2.77617e-21        2.34331e-19        5.45718e-20         0.00292446           0.117867        3.39095e-10        1.44178e-12        6.93111e-18            0.73276
114         0.00287606        2.51184e-05        4.31433e-06             101325            0.17176        4.31433e-06            1969.55                  0           0.976754            20.6162        4.99602e+07        8.79722e-05        1.15019e-05        0.000416751          0.0454476         0.00228827          0.0981566        2.78498e-06        4.60144e-20        2.55958e-21        2.17235e-19        5.05324e-20         0.00286054           0.117968        3.19918e-10        1.37951e-12        6.39554e-18            0.73276
115         0.00290118        2.51184e-05        4.31264e-06             101325           0.171693        4.31264e-06            1970.46                  0           0.977364            19.7504        4.78399e+07        8.59733e-05         1.1097e-05        0.000406888           0.045414         0.00226369          0.0981912        2.73678e-06        4.26881e-20        2.36049e-21        2.01475e-19         4.6972e-20         0.00279758           0.118067        3.01733e-10        1.31956e-12        5.89913e-18            0.73276
116          0.0029263        2.51184e-05        4.31099e-06             101325           0.171627        4.31099e-06            1971.36                  0           0.977965            18.9152        4.57963e+07        8.40088e-05        1.07046e-05        0.000397213          0.0453811         0.00223921          0.0982253        2.68933e-06        3.96037e-20        2.17731e-21        1.86927e-19        4.37846e-20         0.00273559           0.118164        2.84497e-10        1.26188e-12        5.43924e-18            0.73276
117         0.00295141        2.51184e-05        4.30936e-06             101325           0.171562        4.30936e-06            1972.24                  0           0.978556            18.1098        4.38272e+07        8.20786e-05        1.03243e-05        0.000387725          0.0453489         0.00221483          0.0982589        2.64264e-06        3.67427e-20         2.0087e-21        1.73484e-19        4.08977e-20         0.00267457            0.11826        2.68167e-10        1.20641e-12        5.01341e-18            0.73276
118         0.00297653        2.51184e-05        4.30776e-06             101325           0.171498        4.30776e-06             1973.1                  0           0.979138            17.3338        4.19307e+07        8.01829e-05        9.95593e-06        0.000378425          0.0453173         0.00219055           0.098292        2.59674e-06        3.40883e-20        1.85343e-21        1.61052e-19        3.82601e-20         0.00261455           0.118354        2.52704e-10        1.15308e-12        4.61935e-18            0.73276
119         0.00300165        2.51184e-05         4.3062e-06             101325           0.171436         4.3062e-06            1973.95                  0           0.979712            16.5864        4.01051e+07        7.83218e-05        9.59923e-06         0.00036931          0.0452865         0.00216639          0.0983247        2.55162e-06        3.16255e-20        1.71041e-21        1.49551e-19         3.5835e-20         0.00255551           0.118447         2.3807e-10        1.10184e-12        4.25489e-18            0.73276
120         0.00302677        2.51184e-05        4.30466e-06             101325           0.171375        4.30466e-06            1974.79                  0           0.980276            15.8672        3.83487e+07        7.64954e-05        9.25401e-06        0.000360382          0.0452564         0.00214236          0.0983569        2.50731e-06        2.93405e-20        1.57867e-21        1.38908e-19         3.3595e-20         0.00249748           0.118538        2.24227e-10        1.05264e-12        3.91803e-18            0.73276
121         0.00305189        2.51184e-05        4.30315e-06             101325           0.171315        4.30315e-06            1975.61                  0            0.98083            15.1756        3.66597e+07        7.47039e-05        8.92005e-06        0.000351641          0.0452269         0.00211846          0.0983886        2.46382e-06        2.72209e-20        1.45731e-21        1.29057e-19        3.15193e-20         0.00244047           0.118628        2.11141e-10        1.00542e-12        3.60688e-18            0.73276
122         0.00307701        2.51184e-05        4.30168e-06             101325           0.171256        4.30168e-06            1976.41                  0           0.981376            14.5111        3.50367e+07        7.29477e-05        8.59716e-06        0.000343086          0.0451982         0.00209471          0.0984198        2.42117e-06         2.5255e-20        1.34553e-21        1.19939e-19        2.95912e-20         0.00238449           0.118716        1.98779e-10        9.60135e-13        3.31966e-18            0.73276
123         0.00310212        2.51184e-05        4.30023e-06             101325           0.171198        4.30023e-06             1977.2                  0           0.981911            13.8731        3.34781e+07        7.12271e-05        8.28517e-06         0.00033472          0.0451701         0.00207113          0.0984505        2.37937e-06        2.34322e-20        1.24257e-21        1.11499e-19        2.77974e-20         0.00232955           0.118802        1.87108e-10        9.16732e-13        3.05473e-18            0.73276
124         0.00312724        2.51184e-05        4.29881e-06             101325           0.171142        4.29881e-06            1977.97                  0           0.982437            13.2613        3.19825e+07        6.95424e-05        7.98391e-06        0.000326542          0.0451428         0.00204772          0.0984806        2.33844e-06        2.17426e-20        1.14776e-21        1.03688e-19        2.61267e-20         0.00227568           0.118887        1.76098e-10        8.75164e-13        2.81054e-18            0.73276
125         0.00315236        2.51184e-05        4.29742e-06             101325           0.171087        4.29742e-06            1978.73                  0           0.982953            12.6751        3.05487e+07        6.78941e-05        7.69321e-06        0.000318554          0.0451162          0.0020245          0.0985103        2.29839e-06        2.01771e-20        1.06047e-21        9.64601e-20        2.45695e-20         0.00222289            0.11897        1.65718e-10        8.35385e-13        2.58562e-18            0.73276
126         0.00317748        2.51184e-05        4.29607e-06             101325           0.171032        4.29607e-06            1979.47                  0           0.983459            12.1142        2.91752e+07        6.62827e-05        7.41291e-06        0.000310758          0.0450903          0.0020015          0.0985394        2.25926e-06        1.87272e-20        9.80128e-22        8.97726e-20        2.31173e-20          0.0021712           0.119051        1.55942e-10        7.97349e-13        2.37863e-18            0.73276
127          0.0032026        2.51184e-05        4.29474e-06             101325            0.17098        4.29474e-06             1980.2                  0           0.983954             11.578        2.78608e+07        6.47086e-05        7.14288e-06        0.000303156          0.0450651         0.00197873           0.098568        2.22106e-06         1.7385e-20        9.06198e-22        8.35869e-20        2.17627e-20         0.00212063            0.11913        1.46741e-10        7.61013e-13         2.1883e-18            0.73276
128         0.00322772        2.51184e-05        4.29345e-06             101325           0.170928        4.29345e-06            1980.91                  0           0.984439            11.0663        2.66044e+07        6.31726e-05        6.88297e-06        0.000295749          0.0450406          0.0019562           0.098596        2.18381e-06        1.61433e-20        8.38197e-22         7.7867e-20        2.04991e-20         0.00207121           0.119208         1.3809e-10        7.26335e-13        2.01342e-18            0.73276
129         0.00325284        2.51184e-05        4.29218e-06             101325           0.170878        4.29218e-06             1981.6                  0           0.984913            10.5785        2.54049e+07        6.16753e-05        6.63305e-06         0.00028854          0.0450169         0.00193395          0.0986234        2.14754e-06        1.49951e-20        7.75675e-22        7.25797e-20        1.93204e-20         0.00202296           0.119284        1.29963e-10        6.93272e-13         1.8529e-18            0.73276
130         0.00327795        2.51184e-05        4.29095e-06             101325           0.170829        4.29095e-06            1982.27                  0           0.985376            10.1144        2.42611e+07        6.02174e-05        6.39302e-06        0.000281532          0.0449939           0.001912          0.0986503        2.11226e-06        1.39343e-20        7.18219e-22        6.76943e-20        1.82211e-20         0.00197592           0.119358        1.22337e-10        6.61786e-13        1.70568e-18            0.73276
131         0.00330307        2.51184e-05        4.28976e-06             101325           0.170781        4.28976e-06            1982.93                  0           0.985828            9.67368        2.31721e+07        5.87997e-05        6.16275e-06        0.000274728          0.0449716         0.00189037          0.0986765        2.07801e-06        1.29548e-20        6.65448e-22        6.31827e-20        1.71962e-20         0.00193011            0.11943        1.15189e-10        6.31839e-13        1.57081e-18            0.73276
132         0.00332819        2.51184e-05        4.28859e-06             101325           0.170735        4.28859e-06            1983.56                  0           0.986268             9.2559        2.21369e+07        5.74232e-05        5.94215e-06        0.000268132          0.0449501          0.0018691           0.098702        2.04481e-06        1.20512e-20        6.17012e-22        5.90186e-20        1.62411e-20         0.00188556             0.1195        1.08498e-10        6.03392e-13        1.44738e-18            0.73276
133         0.00335331        2.51184e-05        4.28746e-06             101325            0.17069        4.28746e-06            1984.18                  0           0.986696             8.8608        2.11546e+07        5.60887e-05        5.73113e-06        0.000261747          0.0449294         0.00184821          0.0987269        2.01269e-06        1.12184e-20        5.72589e-22        5.51779e-20        1.53516e-20         0.00184231           0.119568        1.02242e-10        5.76411e-13        1.33454e-18            0.73276
134         0.00337843        2.51184e-05        4.28637e-06             101325           0.170646        4.28637e-06            1984.78                  0           0.987112            8.48808        2.02243e+07        5.47974e-05        5.52961e-06        0.000255577          0.0449094         0.00182775          0.0987511        1.98167e-06        1.04517e-20        5.31881e-22        5.16386e-20        1.45237e-20         0.00180041           0.119633        9.64016e-11        5.50862e-13        1.23152e-18            0.73276
135         0.00340355        2.51184e-05        4.28531e-06             101325           0.170604        4.28531e-06            1985.37                  0           0.987515            8.13747        1.93453e+07        5.35504e-05        5.33753e-06        0.000249629          0.0448902         0.00180774          0.0987746        1.95179e-06        9.74679e-21        4.94617e-22          4.838e-20         1.3754e-20         0.00175989           0.119697        9.09583e-11        5.26713e-13        1.13758e-18            0.73276
136         0.00342866        2.51184e-05        4.28429e-06             101325           0.170564        4.28429e-06            1985.93                  0           0.987905            7.80872        1.85167e+07         5.2349e-05        5.15484e-06        0.000243906          0.0448718         0.00178822          0.0987974        1.92307e-06        9.09953e-21        4.60545e-22        4.53835e-20        1.30391e-20         0.00172079           0.119758        8.58942e-11        5.03935e-13        1.05205e-18            0.73276
137         0.00345378        2.51184e-05        4.28331e-06             101325           0.170525        4.28331e-06            1986.47                  0           0.988281            7.50157        1.77379e+07        5.11946e-05         4.9815e-06        0.000238416          0.0448543         0.00176925          0.0988193        1.89556e-06         8.5062e-21        4.29437e-22        4.26319e-20        1.23761e-20         0.00168318           0.119818        8.11926e-11        4.82498e-13        9.74307e-19            0.73276
138          0.0034789        2.51184e-05        4.28237e-06             101325           0.170487        4.28237e-06            1986.98                  0           0.988642            7.21578        1.70081e+07        5.00889e-05         4.8175e-06        0.000233164          0.0448375         0.00175086          0.0988404        1.86928e-06        7.96335e-21        4.01083e-22        4.01094e-20        1.17624e-20         0.00164711           0.119874         7.6838e-11        4.62378e-13        9.03781e-19            0.73276
139         0.00350402        2.51184e-05        4.28147e-06             101325           0.170452        4.28147e-06            1987.48                  0           0.988989            6.95111        1.63269e+07        4.90334e-05        4.66282e-06        0.000228158          0.0448216         0.00173311          0.0988606        1.84427e-06        7.46782e-21        3.75293e-22        3.78018e-20        1.11954e-20         0.00161263           0.119928        7.28157e-11        4.43552e-13        8.39941e-19            0.73276
140         0.00352914        2.51184e-05        4.28062e-06             101325           0.170418        4.28062e-06            1987.95                  0            0.98932            6.70732        1.56935e+07        4.80301e-05        4.51751e-06        0.000223407          0.0448065         0.00171606          0.0988799        1.82057e-06        7.01671e-21        3.51893e-22        3.56962e-20         1.0673e-20         0.00157982            0.11998        6.91122e-11        4.25999e-13        7.82303e-19            0.73276
141         0.00355426        2.51184e-05        4.27981e-06             101325           0.170385        4.27981e-06             1988.4                  0           0.989635            6.48417        1.51074e+07        4.70811e-05        4.38161e-06        0.000218919          0.0447923         0.00169976          0.0988983        1.79823e-06        6.60739e-21        3.30728e-22        3.37808e-20        1.01933e-20         0.00154875           0.120029        6.57154e-11        4.09704e-13         7.3043e-19            0.73276
142         0.00357937        2.51184e-05        4.27905e-06             101325           0.170355        4.27905e-06            1988.82                  0           0.989933            6.28137        1.45682e+07        4.61886e-05        4.25518e-06        0.000214703           0.044779         0.00168429          0.0989156        1.77729e-06         6.2375e-21        3.11656e-22        3.20455e-20        9.75463e-21         0.00151949           0.120075        6.26142e-11        3.94652e-13        6.83923e-19            0.73276
143         0.00360449        2.51184e-05        4.27833e-06             101325           0.170327        4.27833e-06            1989.21                  0           0.990214            6.09863        1.40753e+07        4.53552e-05        4.13834e-06        0.000210773          0.0447667          0.0016697          0.0989318         1.7578e-06        5.90495e-21        2.94556e-22        3.04812e-20        9.35563e-21         0.00149215           0.120118         5.9799e-11        3.80837e-13        6.42429e-19            0.73276
144         0.00362961        2.51184e-05        4.27767e-06             101325             0.1703        4.27767e-06            1989.57                  0           0.990475            5.93558        1.36283e+07        4.45838e-05        4.03124e-06        0.000207138          0.0447553         0.00165608          0.0989469        1.73982e-06        5.60789e-21        2.79317e-22          2.908e-20        8.99514e-21         0.00146681           0.120157        5.72614e-11        3.68253e-13        6.05632e-19            0.73276
145         0.00365473        2.51184e-05        4.27707e-06             101325           0.170276        4.27707e-06            1989.91                  0           0.990717            5.79183        1.32268e+07        4.38773e-05        3.93406e-06        0.000203815          0.0447449          0.0016435          0.0989608         1.7234e-06        5.34476e-21        2.65849e-22        2.78355e-20        8.67232e-21         0.00144358           0.120194        5.49949e-11        3.56902e-13        5.73262e-19            0.73276
146         0.00367985        2.51184e-05        4.27652e-06             101325           0.170254        4.27652e-06            1990.21                  0           0.990938            5.66688        1.28703e+07        4.32393e-05        3.84703e-06        0.000200816          0.0447355         0.00163206          0.0989733        1.70863e-06        5.11427e-21        2.54076e-22        2.67426e-20        8.38661e-21         0.00142259           0.120227        5.29944e-11        3.46793e-13        5.45088e-19            0.73276
147         0.00370497        2.51184e-05        4.27603e-06             101325           0.170235        4.27603e-06            1990.48                  0           0.991136            5.56014        1.25585e+07        4.26735e-05        3.77044e-06         0.00019816          0.0447273         0.00162184          0.0989845        1.69556e-06        4.91546e-21        2.43937e-22        2.57974e-20        8.13778e-21         0.00140396           0.120256        5.12568e-11        3.37941e-13        5.20927e-19            0.73276
148         0.00373009        2.51184e-05        4.27561e-06             101325           0.170218        4.27561e-06            1990.71                  0           0.991311            5.47094        1.22911e+07        4.21842e-05        3.70465e-06        0.000195865          0.0447201         0.00161296          0.0989941        1.68429e-06        4.74764e-21        2.35393e-22        2.49978e-20        7.92591e-21         0.00138784           0.120281        4.97814e-11         3.3037e-13        5.00639e-19            0.73276
149          0.0037552        2.51184e-05        4.27526e-06             101325           0.170204        4.27526e-06            1990.91                  0           0.991461            5.39847        1.20677e+07        4.17759e-05        3.65007e-06        0.000193952          0.0447142         0.00160551          0.0990022        1.67491e-06         4.6105e-21        2.28419e-22         2.4343e-20        7.75145e-21         0.00137438           0.120303        4.85696e-11        3.24112e-13        4.84134e-19            0.73276
150         0.00378032        2.51184e-05        4.27498e-06             101325           0.170193        4.27498e-06            1991.06                  0           0.991585            5.34187        1.18882e+07        4.14536e-05        3.60719e-06        0.000192443          0.0447095          0.0015996          0.0990086        1.66752e-06        4.50409e-21        2.23013e-22        2.38341e-20        7.61521e-21         0.00136375           0.120319        4.76253e-11        3.19212e-13        4.71374e-19            0.73276
151         0.00380544        2.51184e-05        4.27479e-06             101325           0.170185        4.27479e-06            1991.17                  0            0.99168            5.30023        1.17527e+07        4.12227e-05        3.57658e-06        0.000191362          0.0447062         0.00159536          0.0990132        1.66223e-06        4.42882e-21        2.19192e-22        2.34736e-20        7.51837e-21         0.00135613           0.120331        4.69552e-11        3.15721e-13        4.62373e-19            0.73276
152         0.00383056        2.51184e-05        4.27467e-06             101325           0.170181        4.27467e-06            1991.23                  0           0.991745            5.27278        1.16615e+07        4.10884e-05        3.55882e-06        0.000190734          0.0447042         0.00159289          0.0990159        1.65916e-06         4.3854e-21        2.16989e-22        2.32655e-20        7.46234e-21         0.00135169           0.120338         4.6568e-11        3.13698e-13        4.57191e-19            0.73276
