# Time 0.000995
# eta = 0.002
# length = -0.000166099
#--- 	  	 LEM Line data  --- 
#(1) wafer              (2) x             (3) dx              (4) m              (5) p            (6) rho              (7) m              (8) T              (9) Z             (10) C          (11) dCdt       (12) heatRel                  (13) Y_H2                  (14) Y_H                  (15) Y_O                  (16) Y_O2                  (17) Y_OH                  (18) Y_H2O                  (19) Y_HO2                  (20) Y_CH2                  (21) Y_CH2(S)                  (22) Y_CH3                  (23) Y_CH4                  (24) Y_CO                  (25) Y_CO2                  (26) Y_HCO                  (27) Y_CH2O                  (28) Y_CH2OH                  (29) Y_N2
0        1.25592e-05        2.51184e-05        2.82623e-05             101325            1.12516        2.82623e-05            301.728                  0                  0                  0                  0        2.37386e-07        3.42366e-17         4.3366e-14           0.222449         5.3458e-12        8.60156e-05        6.22981e-08        2.32538e-16        1.21159e-17        8.35421e-07           0.044602        9.46385e-06        9.16873e-05         1.8255e-16        6.41416e-07        2.71179e-20            0.73276
1        3.76776e-05        2.51184e-05        2.82043e-05             101325            1.12285        2.82043e-05            302.348                  0         0.00084496        4.90821e-07            32.3329        3.33336e-07        6.06151e-17        4.82968e-14           0.222396        7.30364e-12        0.000117122        8.42343e-08        4.14181e-16        2.16309e-17        1.13833e-06          0.0445874         1.3382e-05        0.000124162        3.27958e-16        8.89851e-07         4.8948e-20            0.73276
2        6.27961e-05        2.51184e-05        2.81286e-05             101325            1.11984        2.81286e-05             303.16                  0         0.00110367        6.75962e-07             54.485        4.73821e-07        1.10672e-16        4.50244e-14           0.222325        9.93256e-12         0.00015816        1.12428e-07        7.61372e-16        3.98957e-17        1.53879e-06          0.0445682         1.9237e-05        0.000166061        6.11177e-16        1.23997e-06         9.1756e-20            0.73276
3        8.79145e-05        2.51184e-05        2.80219e-05             101325            1.11559        2.80219e-05            304.312                  0         0.00148476        9.82832e-07            97.4649        6.90531e-07        2.09968e-16        3.67281e-14           0.222225        1.37765e-11        0.000216839        1.52029e-07        1.44471e-15        7.60603e-17        2.11178e-06          0.0445406        2.84012e-05         0.00022488        1.18036e-15        1.76542e-06        1.78966e-19            0.73276
4        0.000113033        2.51184e-05        2.78744e-05             101325            1.10972        2.78744e-05             305.92                  0         0.00202396        1.48771e-06            179.266         1.0161e-06        4.09366e-16        2.62261e-14           0.222084        1.93573e-11        0.000299228          2.069e-07        2.78668e-15        1.47663e-16        2.91595e-06          0.0445018        4.23504e-05        0.000305971         2.3258e-15        2.53559e-06        3.58557e-19            0.73276
5        0.000138151        2.51184e-05        2.76743e-05             101325            1.10175        2.76743e-05            308.128                  0         0.00277385        2.33467e-06            333.802        1.49558e-06        8.13999e-16        1.63569e-14            0.22189        2.74785e-11        0.000413162        2.82149e-07        5.41518e-15        2.89458e-16         4.0264e-06           0.044448        6.31511e-05        0.000416022        4.63507e-15        3.64378e-06        7.33561e-19            0.73276
6         0.00016327        2.51184e-05        2.74077e-05             101325            1.09114        2.74077e-05            311.118                  0         0.00380091         3.7912e-06            622.352        2.18971e-06        1.64484e-15        8.89789e-15           0.221627        3.94279e-11        0.000568524        3.84529e-07        1.05599e-14        5.71016e-16        5.53697e-06          0.0443745        9.36283e-05        0.000563167        9.31229e-15        5.21257e-06        1.53211e-18            0.73276
7        0.000188388        2.51184e-05        2.70596e-05             101325            1.07728        2.70596e-05            315.111                  0         0.00518767        6.36746e-06            1153.25         3.1785e-06        3.37909e-15        4.23686e-15           0.221274        5.73583e-11        0.000777565        5.23062e-07        2.06622e-14        1.13418e-15        7.56274e-06          0.0442753        0.000137555        0.000757107        1.88768e-14         7.3995e-06           3.28e-18            0.73276
8        0.000213507        2.51184e-05        2.66141e-05             101325            1.05955        2.66141e-05            320.372                  0         0.00703469        1.10649e-05            2114.16        4.56468e-06        7.08339e-15        1.83448e-15           0.220807        8.50131e-11         0.00105516        7.09972e-07        4.06687e-14         2.2754e-15        1.02419e-05          0.0441433        0.000199842         0.00100916         3.8746e-14        1.04022e-05          7.248e-18            0.73276
9        0.000238625        2.51184e-05        2.60565e-05             101325            1.03735        2.60565e-05             327.21                  0         0.00946205         1.9913e-05            3824.12        6.47639e-06        1.52349e-14        8.93039e-16           0.220197        1.29086e-10         0.00141894        9.62052e-07        8.08222e-14        4.63059e-15        1.37366e-05          0.0439699        0.000286694         0.00133224        8.09201e-14        1.44617e-05        1.66665e-17            0.73276
10        0.000263743        2.51184e-05        2.53749e-05             101325            1.01021        2.53749e-05            335.973                  0          0.0126098        3.71517e-05            6816.48        9.06817e-06        3.37868e-14        8.82898e-16           0.219411         2.0178e-10         0.00188929        1.30263e-06        1.62738e-13        9.59569e-15        1.82324e-05          0.0437452        0.000405696         0.00174062         1.7273e-13         1.9863e-05        4.01674e-17            0.73276
11        0.000288862        2.51184e-05        2.45628e-05             101325           0.977879        2.45628e-05            347.044                  0          0.0166372        7.18852e-05            11970.1        1.25197e-05        7.74921e-14        1.92098e-15           0.218412        3.25605e-10         0.00248899         1.7643e-06         3.3261e-13        2.02859e-14        2.39356e-05          0.0434581        0.000565776         0.00224968        3.77848e-13        2.69305e-05        1.01887e-16            0.73276
12         0.00031398        2.51184e-05        2.36215e-05             101325           0.940405        2.36215e-05            360.823                  0          0.0217195        0.000144084            20715.8         1.7031e-05        1.83712e-13          5.666e-15           0.217162        5.42181e-10         0.00324263        2.39249e-06         6.8949e-13         4.3699e-14        3.10692e-05          0.0430965        0.000777015         0.00287541        8.46831e-13        3.60198e-05        2.71855e-16            0.73276
13        0.000339099        2.51184e-05        2.25613e-05             101325           0.898195        2.25613e-05            377.711                  0          0.0280438        0.000298107              35361        2.28151e-05        4.48211e-13        1.91576e-14           0.215619        9.27838e-10         0.00417577        3.25003e-06        1.44427e-12        9.54706e-14        3.98671e-05          0.0426481         0.00105028         0.00363381        1.93758e-12        4.75028e-05        7.58429e-16            0.73276
14        0.000364217        2.51184e-05        2.14016e-05             101325           0.852027        2.14016e-05            398.087                  0          0.0358018        0.000632676            59599.1        3.00877e-05        1.11774e-12        7.16786e-14           0.213742        1.61993e-09         0.00531379         4.4224e-06        3.03798e-12        2.09924e-13        5.05677e-05          0.0421002         0.00139674         0.00454031        4.49724e-12        6.17501e-05        2.18897e-15            0.73276
15        0.000389336        2.51184e-05        2.01694e-05             101325           0.802974        2.01694e-05            422.287                  0          0.0451822         0.00136537            99317.4        3.90559e-05        2.82913e-12        2.89006e-13           0.211494        2.85794e-09         0.00668086        6.02365e-06          6.368e-12        4.60166e-13        6.34093e-05           0.041441         0.00182726         0.00560919         1.0505e-11        7.91128e-05        6.45234e-15            0.73276
16        0.000414454        2.51184e-05        1.88963e-05             101325            0.75229        1.88963e-05            450.583                  0          0.0563637         0.00296523             163888        4.99089e-05         7.2409e-12         1.2209e-12           0.208839        5.04245e-09           0.008299        8.20247e-06        1.31999e-11        9.95892e-13        7.86275e-05          0.0406597         0.00235195         0.00685324        2.45018e-11        9.99062e-05        1.92062e-14            0.73276
17        0.000439572        2.51184e-05        1.76144e-05             101325           0.701253        1.76144e-05            483.178                  0          0.0695085         0.00640991             268271        6.28111e-05        1.87599e-11        5.26898e-12           0.205748        8.81425e-09          0.0101875         1.1148e-05        2.69008e-11        2.11122e-12        9.64564e-05          0.0397466         0.00297971         0.00828356        5.67316e-11        0.000124399        5.74311e-14            0.73276
18        0.000464691        2.51184e-05        1.63529e-05             101325           0.651033        1.63529e-05              520.2                  0          0.0847597          0.0136548             436508        7.79002e-05        4.95497e-11        2.27904e-11           0.202192         1.5166e-08           0.012363        1.50951e-05        5.38194e-11        4.36826e-12        0.000117134          0.0386937         0.00371815         0.00990972        1.30184e-10        0.000152807        1.73348e-13            0.73276
19        0.000489809        2.51184e-05         1.5136e-05             101325           0.602587         1.5136e-05             561.71                  0           0.102241          0.0284557             707897         9.5288e-05        1.34741e-10        9.74934e-11           0.198151         2.5656e-08          0.0148394        2.03282e-05         1.0639e-10        8.85655e-12        0.000140914          0.0374938         0.00457355            0.01174        2.97398e-10        0.000185293        5.36023e-13            0.73276
20        0.000514928        2.51184e-05        1.39814e-05             101325           0.556621        1.39814e-05            607.712                  0           0.122058          0.0578778        1.14922e+06        0.000115065        3.79508e-10         4.0843e-10           0.193605        4.30042e-08          0.0176288        2.71826e-05        2.11906e-10        1.78816e-11        0.000168073          0.0361411         0.00555106          0.0137818        6.84409e-10        0.000221967        1.72662e-12            0.73276
21        0.000540046        2.51184e-05        1.29004e-05             101325           0.513582        1.29004e-05            658.169                  0           0.144305           0.115663        1.88329e+06        0.000137307        1.10313e-09        1.66072e-09           0.188536        7.30268e-08          0.0207414        3.60413e-05        4.41038e-10        3.71321e-11        0.000198935          0.0346301         0.00665494          0.0160419         1.6153e-09        0.000262889        5.81941e-12            0.73276
22        0.000565165        2.51184e-05        1.18986e-05             101325             0.4737        1.18986e-05            713.015                  0           0.169067            0.23202        3.16543e+06        0.000162076        3.26275e-09        6.49207e-09            0.18293        1.30866e-07          0.0241867        4.73202e-05        1.00276e-09         8.2789e-11        0.000233885          0.0329562         0.00788875          0.0185267        3.97813e-09         0.00030806        2.02087e-11            0.73276
23        0.000590283        2.51184e-05        1.09775e-05             101325           0.437029        1.09775e-05            772.163                  0           0.196421            0.48661        5.59913e+06        0.000189429        9.62843e-09        2.41584e-08           0.176772        2.59907e-07          0.0279731        6.14305e-05        2.54755e-09        2.04011e-10        0.000273411          0.0311147         0.00925546          0.0212423         1.0286e-08        0.000357425        7.03436e-11            0.73276
24        0.000615401        2.51184e-05        1.01353e-05             101325           0.403501        1.01353e-05            835.517                  0           0.226441             1.1204        1.07335e+07        0.000219417        2.78306e-08          8.482e-08           0.170051        5.85145e-07          0.0321075        7.86974e-05        7.07003e-09        5.49236e-10        0.000318154          0.0291019          0.0107574          0.0241944        2.75977e-08        0.000410857        2.38999e-10            0.73276
25         0.00064052        2.51184e-05        9.36839e-06             101325           0.372969        9.36839e-06            902.961                  0           0.259189              2.891        2.26324e+07        0.000252084         7.7784e-08        2.79248e-07           0.162757        1.45241e-06          0.0365949        9.92018e-05         2.0382e-08        1.54599e-09        0.000368979          0.0269145          0.0123958          0.0273872        7.49479e-08        0.000468136        7.77768e-10            0.73276
26        0.000665638        2.51184e-05        8.67197e-06             101325           0.345243        8.67197e-06             974.36                  0           0.294711            8.10138        5.17248e+07        0.000287456        2.08841e-07        8.59864e-07            0.15489        3.76395e-06          0.0414355        0.000122504         5.8296e-08        4.34593e-09         0.00042698           0.024551          0.0141702          0.0308226         2.0046e-07          0.0005289        2.39693e-09            0.73276
27        0.000690757        2.51184e-05        8.04096e-06             101325           0.320122        8.04096e-06            1049.53                  0            0.33302            23.2776        1.23572e+08        0.000325515        5.37364e-07        2.47785e-06           0.146458        9.72303e-06          0.0466211         0.00014721        1.60563e-07        1.18185e-08         0.00049315          0.0220138          0.0160766          0.0344984        5.16255e-07        0.000592501        6.94841e-09            0.73276
28        0.000715875        2.51184e-05        7.47052e-06             101325           0.297412        7.47052e-06            1128.16                  0            0.37406            65.3381        2.97027e+08        0.000366164        1.32358e-06        6.70138e-06           0.137485        2.43491e-05          0.0521331        0.000170454        4.18665e-07        3.05163e-08         0.00056721            0.01931           0.018107          0.0384093        1.25974e-06        0.000657733        1.88618e-08           0.732759
29        0.000740994        2.51184e-05        6.95655e-06             101325            0.27695        6.95655e-06            1209.78                  0           0.417715            173.789        6.97084e+08         0.00040911        3.11155e-06        1.70626e-05           0.128006         5.8227e-05          0.0579374        0.000187619        1.02152e-06        7.38847e-08         0.00064476          0.0164561          0.0202463          0.0425494        2.87672e-06        0.000722098        4.76973e-08           0.732759
30        0.000766112        2.51184e-05        6.49634e-06             101325           0.258629        6.49634e-06            1293.47                  0            0.46378            429.344        1.55972e+09        0.000453469        6.93106e-06        4.09385e-05           0.118091        0.000131574           0.063963        0.000193189         2.2993e-06        1.65322e-07         0.00071237          0.0134911          0.0224612          0.0469091        6.06048e-06        0.000780031        1.11178e-07           0.732758
31         0.00079123        2.51184e-05        6.08968e-06             101325           0.242439        6.08968e-06            1377.57                  0           0.511835            966.297        3.24663e+09        0.000496921        1.44427e-05        9.23216e-05           0.107887        0.000277848          0.0700659        0.000183399        4.65521e-06        3.33468e-07        0.000743412          0.0104991          0.0246756          0.0514711        1.15176e-05        0.000819442        2.33437e-07           0.732757
32        0.000816349        2.51184e-05        5.73983e-06             101325           0.228511        5.73983e-06            1459.04                  0           0.561015             1932.3        6.09269e+09         0.00053429         2.7617e-05         0.00019428          0.0976951        0.000540486          0.0759813        0.000158877        8.09648e-06        5.79923e-07        0.000704225           0.007634          0.0267265          0.0562022        1.90377e-05         0.00081774        4.22026e-07           0.732756
33        0.000841467        2.51184e-05        5.45324e-06             101325           0.217101        5.45324e-06            1533.25                  0            0.60973             3322.4        9.87537e+09        0.000556734        4.73267e-05        0.000376402          0.0880299        0.000951717          0.0813098        0.000124946        1.13015e-05        8.14494e-07        0.000581848         0.00511614          0.0283239          0.0610415        2.60388e-05        0.000746774         6.1336e-07           0.732756
34        0.000866586        2.51184e-05        5.23493e-06             101325            0.20841        5.23493e-06            1595.19                  0           0.655584            4750.59        1.31421e+10        0.000555666        7.13874e-05         0.00065734          0.0795361          0.0014942          0.0856287        8.98613e-05        1.20088e-05        8.77712e-07        0.000412816         0.00315264          0.0291162          0.0658874        2.82745e-05        0.000601284        6.79134e-07           0.732756
35        0.000891704        2.51184e-05        5.08085e-06             101325           0.202276        5.08085e-06            1642.42                  0           0.696052            5573.92        1.39246e+10        0.000532304        9.51229e-05         0.00101292           0.072684         0.00208503          0.0887234        6.08233e-05        9.92338e-06        7.39295e-07        0.000257721         0.00181117          0.0289247          0.0705977        2.44995e-05        0.000423551        5.83994e-07           0.732756
36        0.000916823        2.51184e-05        4.97673e-06             101325            0.19813        4.97673e-06            1676.54                  0           0.729785            5496.99         1.2037e+10        0.000498886        0.000114811         0.00137606          0.0675294         0.00262474          0.0906998        4.05887e-05        6.87085e-06        5.22124e-07        0.000148181        0.000992619           0.027899          0.0750248        1.78432e-05        0.000268281        4.18875e-07           0.732757
37        0.000941941        2.51184e-05         4.9057e-06             101325           0.195303         4.9057e-06            1701.25                  0           0.757097            4809.23        9.05866e+09        0.000467603        0.000129278         0.00168522          0.0637935         0.00305857          0.0918534        2.80028e-05        4.29582e-06         3.3222e-07          8.159e-05        0.000529726          0.0263731          0.0790663        1.16293e-05        0.000158841         2.6956e-07           0.732758
38        0.000967059        2.51184e-05        4.85466e-06             101325           0.193271        4.85466e-06            1719.99                  0           0.779183            3951.61        6.35928e+09        0.000443776        0.000138959          0.0019152          0.0610974         0.00338218          0.0924855        2.06248e-05        2.54652e-06        1.99827e-07        4.40117e-05        0.000278947          0.0246518          0.0826821        7.11197e-06        9.05561e-05        1.63499e-07           0.732758
39        0.000992178        2.51184e-05         4.8154e-06             101325           0.191708         4.8154e-06            1735.08                  0            0.79729            3177.61        4.41132e+09        0.000427411        0.000144765          0.0020694           0.059114           0.003615          0.0928192        1.63819e-05        1.46886e-06         1.1665e-07        2.35327e-05        0.000146039          0.0229305           0.085878        4.19926e-06        5.05953e-05        9.60542e-08           0.732759
40          0.0010173        2.51184e-05        4.78325e-06             101325           0.190428        4.78325e-06             1747.9                  0           0.812409            2559.94        3.15384e+09        0.000416512         0.00014759         0.00216258          0.0576087         0.00377995          0.0929959        1.39182e-05        8.35565e-07        6.70155e-08         1.2549e-05        7.63372e-05          0.0213106          0.0886846        2.43348e-06         2.7978e-05        5.54614e-08           0.732759
41         0.00104241        2.51184e-05        4.75565e-06             101325           0.189329        4.75565e-06            1759.23                  0           0.825249            2088.07        2.38065e+09        0.000408962        0.000148176         0.00221052          0.0564262         0.00389595          0.0930977        1.24386e-05        4.72155e-07        3.81789e-08        6.69658e-06        3.99391e-05          0.0198345          0.0911421        1.39813e-06        1.53982e-05        3.17259e-08           0.732759
42         0.00106753        2.51184e-05        4.73119e-06             101325           0.188355        4.73119e-06             1769.5                  0           0.836311            1729.45        1.90811e+09        0.000403137        0.000147102         0.00222629           0.055467         0.00397679          0.0931696        1.14996e-05        2.66108e-07        2.16627e-08        3.58318e-06        2.09463e-05          0.0185123          0.0932926        8.02218e-07        8.46244e-06        1.80623e-08           0.732759
43         0.00109265        2.51184e-05        4.70907e-06             101325           0.187475        4.70907e-06            1778.95                  0           0.845948            1453.29         1.6111e+09        0.000397977        0.000144816         0.00221967          0.0546677         0.00403208          0.0932348        1.08596e-05        1.49941e-07        1.22727e-08        1.92475e-06        1.10225e-05          0.0173381          0.0951762        4.62645e-07        4.65335e-06        1.02621e-08            0.73276
44         0.00111777        2.51184e-05        4.68883e-06             101325           0.186669        4.68883e-06            1787.72                  0           0.854421            1236.33        1.41383e+09        0.000392862         0.00014166         0.00219764          0.0539871         0.00406843          0.0933043        1.03878e-05        8.45803e-08        6.95302e-09         1.0387e-06        5.82354e-06           0.016299          0.0968293        2.70027e-07        2.56339e-06        5.82795e-09            0.73276
45         0.00114289        2.51184e-05        4.67015e-06             101325           0.185925        4.67015e-06            1795.92                  0           0.861927            1062.37        1.27308e+09        0.000387473        0.000137897         0.00216511          0.0533978         0.00409043          0.0933822        1.00137e-05        4.78026e-08        3.94278e-09         5.6339e-07        3.09037e-06          0.0153798          0.0982844        1.60829e-07        1.41571e-06        3.31155e-09            0.73276
46         0.00116801        2.51184e-05        4.65283e-06             101325           0.185236        4.65283e-06             1803.6                  0            0.86862            920.389        1.16502e+09        0.000381682        0.000133725          0.0021255          0.0528807         0.00410133          0.0934697        9.69874e-06        2.70804e-08        2.23903e-09        3.07205e-07        1.64767e-06          0.0145654          0.0995698        9.87346e-08        7.84235e-07        1.88381e-09            0.73276
47         0.00119313        2.51184e-05        4.63671e-06             101325           0.184594        4.63671e-06            1810.82                  0           0.874624            802.863        1.07672e+09        0.000375471        0.000129299         0.00208124          0.0524224         0.00410349          0.0935659        9.42181e-06        1.53805e-08        1.27372e-09        1.68419e-07        8.82758e-07          0.0138417            0.10071        6.31811e-08        4.35855e-07         1.0732e-09            0.73276
48         0.00121824        2.51184e-05        4.62167e-06             101325           0.183995        4.62167e-06            1817.61                  0            0.88004             704.54        1.00118e+09        0.000368879        0.000124735         0.00203403          0.0520127         0.00409866          0.0936693        9.17087e-06        8.75833e-09        7.25948e-10        9.28299e-08        4.75305e-07          0.0131963           0.101726        4.25853e-08        2.43062e-07        6.12397e-10            0.73276
49         0.00124336        2.51184e-05         4.6076e-06             101325           0.183435         4.6076e-06            1824.02                  0            0.88495            621.628        9.34548e+08        0.000361975        0.000120122          0.0019851          0.0516439         0.00408821          0.0937785        8.93896e-06         5.0003e-09        4.14552e-10        5.14377e-08        2.57205e-07          0.0126181           0.102635        3.04393e-08        1.36015e-07        3.50049e-10            0.73276
50         0.00126848        2.51184e-05        4.59441e-06             101325            0.18291        4.59441e-06            1830.07                  0           0.889425            551.296        8.74659e+08        0.000354835        0.000115526         0.00193534          0.0513099         0.00407318          0.0938917        8.72185e-06        2.86191e-09        2.37186e-10        2.86487e-08        1.39881e-07          0.0120977           0.103453        2.30893e-08        7.63735e-08        2.00433e-10            0.73276
51          0.0012936        2.51184e-05        4.58203e-06             101325           0.182417        4.58203e-06             1835.8                  0           0.893523            491.358        8.20221e+08        0.000347533        0.000110996         0.00188541          0.0510057         0.00405441          0.0940076        8.51685e-06        1.64191e-09        1.35961e-10        1.60351e-08        7.64528e-08          0.0116271           0.104193        1.84824e-08        4.30289e-08        1.14959e-10            0.73276
52         0.00131872        2.51184e-05        4.57037e-06             101325           0.181953        4.57037e-06            1841.22                  0           0.897294            440.082        7.70405e+08        0.000340138        0.000106569         0.00183577          0.0507274         0.00403261           0.094125        8.32216e-06        9.44106e-10        7.80782e-11        9.01756e-09        4.19899e-08          0.0111994           0.104865        1.54624e-08        2.43229e-08        6.60431e-11            0.73276
53         0.00134384        2.51184e-05        4.55939e-06             101325           0.181516        4.55939e-06            1846.36                  0           0.900777            396.066        7.24634e+08         0.00033271        0.000102269         0.00178678          0.0504716         0.00400833          0.0942428         8.1365e-06        5.44015e-10        4.49161e-11         5.0939e-09        2.31723e-08          0.0108087           0.105479        1.33758e-08         1.3794e-08        3.80013e-11            0.73276
54         0.00136895        2.51184e-05        4.54902e-06             101325           0.181103        4.54902e-06            1851.24                  0            0.90401            358.159        6.82467e+08        0.000325298        9.81144e-05          0.0017387          0.0502355         0.00398204          0.0943601        7.95891e-06        3.14097e-10        2.58823e-11        2.88967e-09        1.28472e-08          0.0104501           0.106042        1.18512e-08        7.84866e-09        2.18994e-11            0.73276
55         0.00139407        2.51184e-05        4.53922e-06             101325           0.180713        4.53922e-06            1855.88                  0           0.907022            325.405        6.43545e+08        0.000317944        9.41152e-05         0.00169169          0.0500166         0.00395414          0.0944764        7.78864e-06         1.8169e-10        1.49384e-11        1.64581e-09        7.15484e-09          0.0101194           0.106562        1.06758e-08        4.48103e-09        1.26389e-11            0.73276
56         0.00141919        2.51184e-05        4.52994e-06             101325           0.180343        4.52994e-06             1860.3                  0           0.909838            297.008        6.07563e+08         0.00031068        9.02778e-05          0.0016459          0.0498131         0.00392496          0.0945912        7.62507e-06        1.05286e-10        8.63536e-12        9.40889e-10        4.00203e-09         0.00981295           0.107044        9.72629e-09        2.56778e-09        7.30482e-12            0.73276
57         0.00144431        2.51184e-05        4.52114e-06             101325           0.179993        4.52114e-06             1864.5                  0           0.912481              272.3        5.74252e+08        0.000303532        8.66044e-05          0.0016014          0.0496231         0.00389477          0.0947039        7.46769e-06        6.11139e-11        4.99939e-12        5.39796e-10        2.24792e-09         0.00952783           0.107492        8.92989e-09        1.47764e-09         4.2279e-12            0.73276
58         0.00146943        2.51184e-05        4.51278e-06             101325            0.17966        4.51278e-06            1868.52                  0            0.91497            250.721        5.43371e+08        0.000296521        8.30945e-05         0.00155823          0.0494452         0.00386381          0.0948144        7.31606e-06        3.55316e-11        2.89867e-12        3.10717e-10        1.26775e-09         0.00926143            0.10791        8.24285e-09        8.54725e-10        2.45047e-12            0.73276
59         0.00149455        2.51184e-05        4.50484e-06             101325           0.179344        4.50484e-06            1872.35                  0           0.917319              231.8        5.14705e+08         0.00028966        7.97456e-05         0.00151644          0.0492782         0.00383228          0.0949224         7.1698e-06        2.06905e-11        1.68313e-12        1.79416e-10        7.17743e-10         0.00901154           0.108303        7.63803e-09        4.97762e-10        1.42229e-12            0.73276
60         0.00151966        2.51184e-05        4.49728e-06             101325           0.179043        4.49728e-06            1876.01                  0           0.919545            215.139        4.88059e+08        0.000282959        7.65535e-05         0.00147601          0.0491208         0.00380033          0.0950278        7.02857e-06        1.20669e-11        9.78746e-13        1.03908e-10        4.07873e-10         0.00877631           0.108672        7.09792e-09        2.92599e-10        8.26706e-13            0.73276
61         0.00154478        2.51184e-05        4.49007e-06             101325           0.178756        4.49007e-06            1879.52                  0           0.921658            200.406        4.63257e+08        0.000276427        7.35131e-05         0.00143694          0.0489722         0.00376811          0.0951305        6.89205e-06        7.04818e-12        5.69978e-13        6.03478e-11        2.32616e-10         0.00855411           0.109022        6.61076e-09        1.74308e-10        4.81244e-13            0.73276
62          0.0015699        2.51184e-05        4.48318e-06             101325           0.178482        4.48318e-06            1882.88                  0            0.92367             187.32        4.40139e+08        0.000270066        7.06187e-05         0.00139921          0.0488315         0.00373573          0.0952304        6.75998e-06        4.12299e-12         3.3242e-13        3.51436e-11        1.33124e-10         0.00834357           0.109352        6.16822e-09        1.05858e-10        2.80586e-13            0.73276
63         0.00159502        2.51184e-05        4.47661e-06             101325            0.17822        4.47661e-06             1886.1                  0           0.925589            175.643        4.18561e+08        0.000263879        6.78638e-05         0.00136279          0.0486979         0.00370328          0.0953276         6.6321e-06        2.41547e-12        1.94163e-13         2.0519e-11        7.64408e-11          0.0081435           0.109667        5.76414e-09        6.60749e-11        1.63875e-13            0.73276
64         0.00162014        2.51184e-05        4.47032e-06             101325            0.17797        4.47032e-06            1889.19                  0           0.927424            165.176        3.98392e+08        0.000257865         6.5242e-05         0.00132765           0.048571         0.00367086           0.095422        6.50818e-06        1.41727e-12        1.13581e-13        1.20102e-11        4.40347e-11         0.00795287           0.109966        5.39375e-09        4.28234e-11        9.58929e-14            0.73276
65         0.00164526        2.51184e-05         4.4643e-06             101325            0.17773         4.4643e-06            1892.17                  0           0.929181             155.75        3.79515e+08        0.000252023        6.27468e-05         0.00129373          0.0484499         0.00363851          0.0955137        6.38801e-06         8.3286e-13        6.65455e-14        7.04695e-12        2.54463e-11         0.00777078           0.110252         5.0532e-09        2.91305e-11        5.62361e-14            0.73276
66         0.00167038        2.51184e-05        4.45852e-06             101325             0.1775        4.45852e-06            1895.02                  0           0.930868            147.222        3.61823e+08        0.000246349        6.03715e-05           0.001261          0.0483344          0.0036063          0.0956027        6.27139e-06        4.90198e-13        3.90503e-14        4.14457e-12        1.47495e-11         0.00759646           0.110526         4.7393e-09        2.09805e-11        3.30661e-14            0.73276
67         0.00169549        2.51184e-05        4.45298e-06             101325           0.177279        4.45298e-06            1897.77                  0           0.932489            139.474        3.45219e+08        0.000240841        5.81097e-05         0.00122942          0.0482239         0.00357427          0.0956892        6.15815e-06        2.88978e-13        2.29529e-14        2.44323e-12        8.57461e-12         0.00742923           0.110789        4.44936e-09        1.60557e-11        1.95059e-14            0.73276
68         0.00172061        2.51184e-05        4.44766e-06             101325           0.177068        4.44766e-06            1900.42                  0           0.934049            132.401        3.29616e+08        0.000235493        5.59551e-05         0.00119893           0.048118         0.00354245          0.0957732         6.0481e-06        1.70634e-13        1.35138e-14        1.44359e-12        4.99931e-12         0.00726848           0.111042        4.18104e-09        1.30148e-11        1.15552e-14            0.73276
69         0.00174573        2.51184e-05        4.44254e-06             101325           0.176864        4.44254e-06            1902.98                  0           0.935553            125.919        3.14934e+08        0.000230302        5.39018e-05         0.00116949          0.0480164         0.00351086          0.0958547        5.94109e-06        1.00924e-13        7.97005e-15        8.54871e-13        2.92306e-12          0.0071137           0.111285        3.93231e-09        1.10802e-11        6.88378e-15            0.73276
70         0.00177085        2.51184e-05        4.43762e-06             101325           0.176668        4.43762e-06            1905.44                  0           0.937006            119.952        3.01101e+08        0.000225262         5.1944e-05         0.00114106          0.0479187         0.00347953          0.0959339        5.83698e-06        5.97945e-14        4.70879e-15        5.07377e-13        1.71386e-12         0.00696441           0.111519        3.70137e-09        9.79939e-12        4.13257e-15            0.73276
71         0.00179597        2.51184e-05        4.43287e-06             101325           0.176479        4.43287e-06            1907.82                  0           0.938409            114.439        2.88053e+08        0.000220367        5.00761e-05         0.00111358          0.0478248         0.00344848          0.0960109        5.73561e-06        3.54887e-14        2.78703e-15        3.01806e-13        1.00763e-12          0.0068202           0.111746        3.48665e-09        8.90876e-12         2.5076e-15            0.73276
72         0.00182109        2.51184e-05         4.4283e-06             101325           0.176297         4.4283e-06            1910.13                  0           0.939768            109.326        2.75729e+08        0.000215613         4.8293e-05         0.00108702          0.0477342         0.00341771          0.0960857        5.63686e-06        2.11007e-14        1.65263e-15        1.79924e-13        5.94018e-13          0.0066807           0.111965        3.28672e-09        8.25392e-12        1.54442e-15            0.73276
73          0.0018462        2.51184e-05        4.42389e-06             101325           0.176121        4.42389e-06            1912.35                  0           0.941084            104.566        2.64076e+08        0.000210995        4.65897e-05         0.00106133          0.0476469         0.00338722          0.0961584         5.5406e-06         1.2569e-14        9.81822e-16        1.07501e-13         3.5112e-13         0.00654558           0.112178        3.10032e-09        7.74421e-12        9.70897e-16            0.73276
74         0.00187132        2.51184e-05        4.41962e-06             101325           0.175951        4.41962e-06            1914.51                  0            0.94236            100.122        2.53044e+08        0.000206505        4.49616e-05         0.00103648          0.0475625         0.00335703          0.0962292        5.44671e-06        7.50105e-15        5.84429e-16        6.43731e-14        2.08093e-13         0.00641454           0.112383        2.92631e-09        7.32607e-12        6.27324e-16            0.73276
75         0.00189644        2.51184e-05         4.4155e-06             101325           0.175787         4.4155e-06             1916.6                  0           0.943599             95.958        2.42589e+08         0.00020214        4.34042e-05         0.00101241           0.047481         0.00332713           0.096298        5.35508e-06        4.48516e-15        3.48572e-16        3.86336e-14         1.2365e-13         0.00628731           0.112583        2.76367e-09        6.96768e-12        4.19808e-16            0.73276
76         0.00192156        2.51184e-05        4.41152e-06             101325           0.175629        4.41152e-06            1918.62                  0           0.944804            92.0459        2.32669e+08        0.000197894        4.19135e-05        0.000989091           0.047402         0.00329752           0.096365        5.26561e-06        2.68716e-15        2.08322e-16        2.32381e-14        7.36648e-14         0.00616365           0.112778        2.61148e-09        6.64992e-12         2.9305e-16            0.73276
77         0.00194668        2.51184e-05        4.40766e-06             101325           0.175475        4.40766e-06            1920.59                  0           0.945975              88.36        2.23247e+08        0.000193762        4.04856e-05         0.00096649          0.0473256         0.00326819          0.0964303        5.17819e-06         1.6132e-15        1.24763e-16        1.40094e-14        4.39991e-14         0.00604334           0.112967        2.46891e-09         6.3612e-12        2.14411e-16            0.73276
78          0.0019718        2.51184e-05        4.40392e-06             101325           0.175326        4.40392e-06             1922.5                  0           0.947115            84.8786        2.14289e+08        0.000189739        3.91168e-05        0.000944569          0.0472514         0.00323915           0.096494        5.09272e-06        9.70498e-16        7.48805e-17         8.4651e-15        2.63476e-14         0.00592617           0.113151        2.33521e-09        6.09433e-12        1.64589e-16            0.73276
79         0.00199691        2.51184e-05        4.40029e-06             101325           0.175182        4.40029e-06            1924.35                  0           0.948226            81.5825        2.05764e+08        0.000185819        3.78038e-05        0.000923295          0.0471794         0.00321037          0.0965561        5.00912e-06        5.85119e-16        4.50419e-17         5.1269e-15        1.58179e-14         0.00581196            0.11333        2.20969e-09        5.84477e-12        1.32136e-16            0.73276
80         0.00202203        2.51184e-05        4.39678e-06             101325           0.175042        4.39678e-06            1926.15                  0            0.94931             78.455        1.97642e+08           0.000182        3.65435e-05        0.000902636          0.0471095         0.00318187          0.0966166         4.9273e-06        3.53575e-16        2.71562e-17         3.1125e-15        9.52054e-15         0.00570054           0.113505        2.09174e-09        5.60955e-12        1.10245e-16            0.73276
81         0.00204715        2.51184e-05        4.39336e-06             101325           0.174906        4.39336e-06            1927.91                  0           0.950367            75.4815        1.89897e+08        0.000178275        3.53328e-05        0.000882562          0.0470416         0.00315362          0.0966758        4.84718e-06        2.14173e-16        1.64127e-17         1.8942e-15        5.74485e-15         0.00559176           0.113676         1.9808e-09        5.38666e-12        9.48521e-17            0.73276
82         0.00207227        2.51184e-05        4.39004e-06             101325           0.174774        4.39004e-06            1929.61                  0             0.9514            72.6491        1.82505e+08        0.000174642         3.4169e-05        0.000863045          0.0469754         0.00312562          0.0967336        4.76868e-06         1.3007e-16        9.94542e-18         1.1557e-15        3.47536e-15         0.00548546           0.113843        1.87634e-09        5.17468e-12        8.35237e-17            0.73276
83         0.00209739        2.51184e-05        4.38681e-06             101325           0.174645        4.38681e-06            1931.28                  0           0.952409            69.9465        1.75444e+08        0.000171095        3.30495e-05        0.000844057           0.046911         0.00309786          0.0967901        4.69174e-06        7.92199e-17        6.04367e-18        7.07013e-16        2.10779e-15         0.00538153           0.114007        1.77792e-09        4.97254e-12        7.47919e-17            0.73276
84         0.00212251        2.51184e-05        4.38367e-06             101325            0.17452        4.38367e-06             1932.9                  0           0.953396            67.3638        1.68692e+08        0.000167631        3.19718e-05        0.000825574          0.0468483         0.00307033          0.0968453        4.61627e-06        4.84064e-17        3.68435e-18        4.33774e-16        1.28163e-15         0.00527983           0.114166        1.68509e-09        4.77941e-12        6.77659e-17            0.73276
85         0.00214763        2.51184e-05        4.38062e-06             101325           0.174398        4.38062e-06            1934.48                  0           0.954361            64.8919        1.62232e+08        0.000164246        3.09338e-05        0.000807571          0.0467871         0.00304301          0.0968994        4.54222e-06         2.9691e-17        2.25432e-18         2.6698e-16        7.81298e-16         0.00518025           0.114323        1.59747e-09        4.59462e-12        6.18999e-17            0.73276
86         0.00217274        2.51184e-05        4.37764e-06             101325            0.17428        4.37764e-06            1936.03                  0           0.955307            62.5231        1.56045e+08        0.000160937        2.99333e-05        0.000790026          0.0467275         0.00301591          0.0969524        4.46952e-06        1.82957e-17        1.38538e-18        1.64914e-16        4.77529e-16         0.00508269           0.114476        1.51471e-09        4.41761e-12         5.6855e-17            0.73276
87         0.00219786        2.51184e-05        4.37473e-06             101325           0.174164        4.37473e-06            1937.53                  0           0.956233            60.2502        1.50116e+08          0.0001577        2.89684e-05        0.000772916          0.0466692           0.002989          0.0970042        4.39811e-06        1.13392e-17        8.55974e-19        1.02298e-16        2.92637e-16         0.00498704           0.114627        1.43647e-09        4.24788e-12        5.24173e-17            0.73276
88         0.00222298        2.51184e-05         4.3719e-06             101325           0.174052         4.3719e-06            1939.01                  0           0.957142            58.0668         1.4443e+08        0.000154532        2.80372e-05        0.000756223          0.0466123         0.00296228          0.0970551        4.32794e-06        7.08016e-18         5.3249e-19         6.3781e-17        1.79819e-16         0.00489322           0.114774        1.36247e-09          4.085e-12        4.84487e-17            0.73276
89          0.0022481        2.51184e-05        4.36914e-06             101325           0.173941        4.36914e-06            1940.45                  0           0.958033            55.9674        1.38972e+08        0.000151431        2.71381e-05        0.000739926          0.0465567         0.00293574           0.097105        4.25897e-06        4.46412e-18        3.34189e-19        4.00197e-17        1.10805e-16         0.00480115           0.114919        1.29242e-09        3.92858e-12        4.48577e-17            0.73276
90         0.00227322        2.51184e-05        4.36644e-06             101325           0.173834        4.36644e-06            1941.86                  0           0.958907            53.9469        1.33731e+08        0.000148393        2.62693e-05        0.000724008          0.0465024         0.00290936           0.097154        4.19113e-06        2.85119e-18        2.12174e-19        2.53152e-17          6.848e-17         0.00471074           0.115061        1.22608e-09        3.77827e-12        4.15814e-17            0.73276
91         0.00229834        2.51184e-05         4.3638e-06             101325           0.173729         4.3638e-06            1943.24                  0           0.959766            52.0005        1.28695e+08        0.000145416        2.54296e-05        0.000708453          0.0464492         0.00288315           0.097202        4.12438e-06        1.85222e-18        1.36765e-19         1.6183e-17         4.2456e-17         0.00462192             0.1152        1.16321e-09        3.63374e-12        3.85747e-17            0.73276
92         0.00232345        2.51184e-05        4.36122e-06             101325           0.173626        4.36122e-06            1944.59                  0            0.96061            50.1242        1.23852e+08        0.000142497        2.46174e-05        0.000693245          0.0463972         0.00285709          0.0972493        4.05869e-06        1.23003e-18        8.99055e-20        1.04881e-17        2.64131e-17         0.00453463           0.115337        1.10359e-09        3.49469e-12        3.58044e-17            0.73276
93         0.00234857        2.51184e-05         4.3587e-06             101325           0.173526         4.3587e-06            1945.91                  0           0.961439            48.3141        1.19192e+08        0.000139634        2.38315e-05        0.000678369          0.0463462         0.00283116          0.0972957          3.994e-06        8.39735e-19        6.05881e-20        6.91922e-18        1.64969e-17         0.00444879           0.115472        1.04704e-09        3.36086e-12        3.32446e-17            0.73276
94         0.00237369        2.51184e-05        4.35623e-06             101325           0.173428        4.35623e-06            1947.21                  0           0.962254            46.5669        1.14708e+08        0.000136825        2.30707e-05         0.00066381          0.0462963         0.00280537          0.0973413        3.93029e-06        5.92626e-19        4.20842e-20        4.66898e-18        1.03507e-17         0.00436436           0.115605        9.93367e-10        3.23199e-12        3.08743e-17            0.73276
95         0.00239881        2.51184e-05        4.35382e-06             101325           0.173332        4.35382e-06            1948.48                  0           0.963056            44.8794        1.10388e+08        0.000134068        2.23338e-05        0.000649558          0.0462474          0.0027797          0.0973862        3.86752e-06         4.3426e-19        3.02715e-20        3.23921e-18        6.53027e-18         0.00428128           0.115736        9.42406e-10        3.10784e-12        2.86765e-17            0.73276
96         0.00242393        2.51184e-05        4.35145e-06             101325           0.173237        4.35145e-06            1949.72                  0           0.963845            43.2487        1.06227e+08         0.00013136        2.16199e-05        0.000635598          0.0461995         0.00275415          0.0974304        3.80566e-06         3.3114e-19        2.26175e-20        2.32174e-18        4.14825e-18          0.0041995           0.115864        8.94002e-10         2.9882e-12        2.66362e-17            0.73276
97         0.00244905        2.51184e-05        4.34913e-06             101325           0.173145        4.34913e-06            1950.95                  0           0.964622            41.6723        1.02215e+08          0.0001287        2.09279e-05        0.000621921          0.0461525         0.00272871          0.0974739        3.74467e-06        2.62598e-19        1.75626e-20        1.72543e-18        2.65814e-18         0.00411898           0.115991        8.48012e-10        2.87288e-12        2.47407e-17            0.73276
98         0.00247417        2.51184e-05        4.34686e-06             101325           0.173055        4.34686e-06            1952.15                  0           0.965387            40.1478        9.83469e+07        0.000126087         2.0257e-05        0.000608515          0.0461065         0.00270337          0.0975168        3.68454e-06        2.15848e-19         1.4143e-20        1.33142e-18        1.72253e-18         0.00403966           0.116115        8.04301e-10        2.76167e-12        2.29786e-17            0.73276
99         0.00249928        2.51184e-05        4.34463e-06             101325           0.172966        4.34463e-06            1953.33                  0           0.966141            38.6729        9.46156e+07        0.000123518        1.96063e-05        0.000595372          0.0460613         0.00267813           0.097559        3.62524e-06        1.82951e-19        1.17613e-20        1.06557e-18        1.13258e-18         0.00396152           0.116238        7.62747e-10        2.65441e-12        2.13397e-17            0.73276
100          0.0025244        2.51184e-05        4.34245e-06             101325           0.172879        4.34245e-06            1954.49                  0           0.966883            37.2457        9.10151e+07        0.000120993         1.8975e-05        0.000582482          0.0460169         0.00265297          0.0976006        3.56674e-06        1.58963e-19        1.00458e-20        8.81522e-19        7.58727e-19         0.00388452           0.116359        7.23234e-10        2.55093e-12        1.98149e-17            0.73276
101         0.00254952        2.51184e-05         4.3403e-06             101325           0.172794         4.3403e-06            1955.62                  0           0.967615            35.8644          8.754e+07         0.00011851        1.83623e-05        0.000569836          0.0459734         0.00262791          0.0976416        3.50902e-06        1.40788e-19        8.76411e-21        7.50162e-19        5.20361e-19         0.00380862           0.116478        6.85655e-10        2.45109e-12         1.8396e-17            0.73276
102         0.00257464        2.51184e-05         4.3382e-06             101325            0.17271         4.3382e-06            1956.74                  0           0.968336            34.5272        8.41851e+07        0.000116067        1.77677e-05        0.000557428          0.0459307         0.00260292          0.0976821        3.45207e-06        1.26479e-19        7.77013e-21        6.53146e-19        3.67219e-19          0.0037338           0.116596        6.49911e-10        2.35474e-12        1.70752e-17            0.73276
103         0.00259976        2.51184e-05        4.33614e-06             101325           0.172628        4.33614e-06            1957.84                  0           0.969047            33.2325        8.09454e+07        0.000113665        1.71905e-05         0.00054525          0.0458888         0.00257801           0.097722        3.39588e-06        1.14804e-19        6.97146e-21        5.78861e-19        2.67872e-19         0.00366003           0.116712        6.15908e-10        2.26175e-12        1.58457e-17            0.73276
104         0.00262488        2.51184e-05        4.33411e-06             101325           0.172547        4.33411e-06            1958.92                  0           0.969749            31.9789        7.78166e+07        0.000111301          1.663e-05        0.000533295          0.0458476         0.00255318          0.0977613        3.34042e-06        1.04976e-19        6.30913e-21        5.19913e-19        2.02617e-19         0.00358729           0.116826        5.83561e-10          2.172e-12         1.4701e-17            0.73276
105         0.00264999        2.51184e-05        4.33212e-06             101325           0.172468        4.33212e-06            1959.99                  0            0.97044            30.7651        7.47945e+07        0.000108975        1.60857e-05        0.000521558          0.0458073         0.00252841          0.0978001         3.2857e-06        9.64863e-20        5.74505e-21        4.71562e-19        1.59066e-19         0.00351556           0.116939        5.52788e-10        2.08537e-12        1.36354e-17            0.73276
106         0.00267511        2.51184e-05        4.33016e-06             101325            0.17239        4.33016e-06            1961.03                  0           0.971122            29.5898        7.18752e+07        0.000106686        1.55571e-05        0.000510034          0.0457676         0.00250372          0.0978385        3.23169e-06        8.90033e-20        5.25433e-21        4.30743e-19        1.29411e-19         0.00344481            0.11705        5.23512e-10        2.00176e-12        1.26434e-17            0.73276
107         0.00270023        2.51184e-05        4.32824e-06             101325           0.172313        4.32824e-06            1962.06                  0           0.971795            28.4518        6.90549e+07        0.000104433        1.50438e-05        0.000498716          0.0457287         0.00247909          0.0978763        3.17839e-06        8.23056e-20        4.82038e-21        3.95454e-19        1.08712e-19         0.00337504           0.117159        4.95663e-10        1.92106e-12          1.172e-17            0.73276
108         0.00272535        2.51184e-05        4.32635e-06             101325           0.172238        4.32635e-06            1963.07                  0           0.972459            27.3502        6.63303e+07        0.000102216        1.45452e-05        0.000487602          0.0456905         0.00245452          0.0979137        3.12579e-06        7.62427e-20        4.43191e-21        3.64365e-19        9.38348e-20         0.00330623           0.117268        4.69174e-10        1.84317e-12        1.08606e-17            0.73276
109         0.00275047        2.51184e-05        4.32449e-06             101325           0.172164        4.32449e-06            1964.07                  0           0.973114            26.2838        6.36983e+07        0.000100034         1.4061e-05        0.000476687           0.045653         0.00243003          0.0979505         3.0739e-06        7.07096e-20        4.08101e-21        3.36581e-19        8.27828e-20         0.00323837           0.117374         4.4398e-10        1.76801e-12        1.00609e-17            0.73276
110         0.00277559        2.51184e-05        4.32267e-06             101325           0.172092        4.32267e-06            1965.05                  0            0.97376            25.2517        6.11557e+07        9.78864e-05        1.35907e-05        0.000465967          0.0456162          0.0024056          0.0979869        3.02271e-06        6.56305e-20        3.76199e-21        3.11483e-19         7.4279e-20         0.00317146           0.117479        4.20024e-10         1.6955e-12        9.31695e-18            0.73276
111          0.0028007        2.51184e-05        4.32088e-06             101325            0.17202        4.32088e-06            1966.01                  0           0.974397            24.2531        5.86998e+07        9.57731e-05        1.31341e-05        0.000455439          0.0455801         0.00238124          0.0980228        2.97221e-06        6.09491e-20        3.47062e-21        2.88635e-19        6.75024e-20         0.00310547           0.117583        3.97249e-10        1.62555e-12        8.62499e-18            0.73276
112         0.00282582        2.51184e-05        4.31912e-06             101325            0.17195        4.31912e-06            1966.96                  0           0.975025            23.2872        5.63281e+07        9.36936e-05        1.26907e-05        0.000445101          0.0455447         0.00235695          0.0980583        2.92242e-06        5.66218e-20        3.20362e-21        2.67717e-19        6.19218e-20         0.00304042           0.117685        3.75602e-10        1.55809e-12         7.9816e-18            0.73276
113         0.00285094        2.51184e-05        4.31739e-06             101325           0.171881        4.31739e-06            1967.89                  0           0.975645            22.3531        5.40379e+07        9.16476e-05        1.22602e-05        0.000434949          0.0455099         0.00233273          0.0980933        2.87333e-06        5.26139e-20        2.95839e-21         2.4849e-19        5.71911e-20          0.0029763           0.117786        3.55032e-10        1.49304e-12        7.38359e-18            0.73276
114         0.00287606        2.51184e-05        4.31568e-06             101325           0.171813        4.31568e-06            1968.81                  0           0.976256            21.4501         5.1827e+07         8.9635e-05        1.18424e-05        0.000424983          0.0454758         0.00230859          0.0981279        2.82495e-06        4.88967e-20        2.73278e-21        2.30767e-19        5.30828e-20         0.00291311           0.117885        3.35493e-10        1.43034e-12        6.82796e-18            0.73276
115         0.00290118        2.51184e-05        4.31401e-06             101325           0.171747        4.31401e-06            1969.71                  0           0.976858            20.5776        4.96931e+07        8.76556e-05        1.14369e-05          0.0004152          0.0454424         0.00228453           0.098162        2.77728e-06         4.5446e-20        2.52498e-21        2.14397e-19        4.94453e-20         0.00285084           0.117983        3.16938e-10        1.36992e-12        6.31192e-18            0.73276
116          0.0029263        2.51184e-05        4.31237e-06             101325           0.171682        4.31237e-06             1970.6                  0           0.977452             19.735        4.76343e+07        8.57093e-05        1.10436e-05          0.0004056          0.0454097         0.00226056          0.0981957        2.73034e-06        4.22406e-20        2.33344e-21        1.99257e-19        4.61763e-20          0.0027895           0.118079        2.99326e-10        1.31172e-12        5.83287e-18            0.73276
117         0.00295142        2.51184e-05        4.31076e-06             101325           0.171617        4.31076e-06            1971.48                  0           0.978037            18.9215        4.56485e+07        8.37961e-05        1.06621e-05         0.00039618          0.0453777         0.00223668          0.0982289        2.68412e-06        3.92621e-20        2.15679e-21        1.85239e-19        4.32055e-20         0.00272911           0.118174        2.82616e-10        1.25569e-12        5.38837e-18            0.73276
118         0.00297653        2.51184e-05        4.30917e-06             101325           0.171554        4.30917e-06            1972.33                  0           0.978613            18.1366         4.3734e+07         8.1916e-05        1.02922e-05        0.000386941          0.0453463          0.0022129          0.0982616        2.63865e-06        3.64938e-20        1.99382e-21        1.72253e-19        4.04832e-20         0.00266965           0.118268        2.66768e-10        1.20176e-12        4.97614e-18            0.73276
119         0.00300165        2.51184e-05        4.30762e-06             101325           0.171492        4.30762e-06            1973.18                  0           0.979181            17.3798         4.1889e+07        8.00692e-05        9.93366e-06        0.000377881          0.0453155         0.00218923          0.0982939        2.59393e-06        3.39207e-20        1.84343e-21        1.60218e-19        3.79738e-20         0.00261115            0.11836        2.51745e-10        1.14988e-12        4.59405e-18            0.73276
120         0.00302677        2.51184e-05        4.30609e-06             101325           0.171432        4.30609e-06            1974.01                  0            0.97974            16.6506        4.01118e+07        7.82558e-05        9.58636e-06        0.000369002          0.0452855         0.00216567          0.0983257        2.54997e-06        3.15291e-20        1.70463e-21         1.4906e-19        3.56508e-20         0.00255361            0.11845        2.37512e-10        1.10001e-12         4.2401e-18            0.73276
121         0.00305189        2.51184e-05         4.3046e-06             101325           0.171372         4.3046e-06            1974.82                  0           0.980289            15.9484        3.84008e+07         7.6476e-05        9.25006e-06        0.000360302          0.0452561         0.00214224          0.0983571        2.50679e-06        2.93066e-20        1.57654e-21        1.38715e-19        3.34936e-20         0.00249704           0.118539        2.24035e-10        1.05208e-12        3.91242e-18            0.73276
122         0.00307701        2.51184e-05        4.30313e-06             101325           0.171314        4.30313e-06            1975.62                  0            0.98083            15.2728        3.67547e+07          7.473e-05         8.9246e-06        0.000351783          0.0452274         0.00211896           0.098388        2.46441e-06        2.72414e-20        1.45833e-21        1.29122e-19        3.14863e-20         0.00244146           0.118626        2.11282e-10        1.00605e-12        3.60925e-18            0.73276
123         0.00310213        2.51184e-05        4.30169e-06             101325           0.171256        4.30169e-06             1976.4                  0           0.981362            14.6233         3.5172e+07        7.30183e-05        8.60979e-06        0.000343446          0.0451994         0.00209582          0.0984184        2.42284e-06        2.53231e-20        1.34925e-21        1.20228e-19        2.96155e-20         0.00238689           0.118712        1.99222e-10         9.6188e-13        3.32895e-18            0.73276
124         0.00312724        2.51184e-05        4.30028e-06             101325             0.1712        4.30028e-06            1977.17                  0           0.981884            13.9995        3.36513e+07        7.13411e-05        8.30548e-06         0.00033529           0.045172         0.00207285          0.0984483        2.38209e-06        2.35417e-20        1.24861e-21        1.11982e-19        2.78702e-20         0.00233333           0.118796        1.87824e-10        9.19518e-13        3.06998e-18            0.73276
125         0.00315236        2.51184e-05         4.2989e-06             101325           0.171145         4.2989e-06            1977.92                  0           0.982396             13.401        3.21914e+07         6.9699e-05        8.01152e-06        0.000327319          0.0451453         0.00205006          0.0984777         2.3422e-06         2.1888e-20        1.15578e-21        1.04338e-19        2.62409e-20         0.00228081           0.118879        1.77061e-10        8.78923e-13        2.83089e-18            0.73276
126         0.00317748        2.51184e-05        4.29755e-06             101325           0.171091        4.29755e-06            1978.66                  0           0.982899            12.8275        3.07912e+07        6.80924e-05        7.72777e-06        0.000319533          0.0451194         0.00202747          0.0985066        2.30317e-06        2.03535e-20        1.07018e-21        9.72545e-20        2.47193e-20         0.00222934           0.118959        1.66904e-10        8.40052e-13        2.61032e-18            0.73276
127          0.0032026        2.51184e-05        4.29622e-06             101325           0.171039        4.29622e-06            1979.38                  0           0.983392            12.2784        2.94495e+07        6.65219e-05         7.4541e-06        0.000311934          0.0450941         0.00200509           0.098535        2.26504e-06        1.89304e-20        9.91259e-22         9.0691e-20         2.3298e-20         0.00217896           0.119039        1.57329e-10        8.02866e-13        2.40701e-18            0.73276
128         0.00322772        2.51184e-05        4.29493e-06             101325           0.170987        4.29493e-06            1980.09                  0           0.983875            11.7536        2.81651e+07        6.49882e-05         7.1904e-06        0.000304525          0.0450695         0.00198295          0.0985628        2.22781e-06        1.76112e-20        9.18534e-22        8.46117e-20        2.19703e-20         0.00212969           0.119116        1.48309e-10        7.67324e-13        2.21977e-18            0.73276
129         0.00325284        2.51184e-05        4.29367e-06             101325           0.170937        4.29367e-06            1980.78                  0           0.984347            11.2526        2.69372e+07        6.34919e-05        6.93655e-06        0.000297308          0.0450457         0.00196107          0.0985901        2.19152e-06        1.63892e-20        8.51545e-22        7.89831e-20        2.07301e-20         0.00208154           0.119192        1.39821e-10         7.3339e-13        2.04747e-18            0.73276
130         0.00327795        2.51184e-05        4.29244e-06             101325           0.170888        4.29244e-06            1981.45                  0           0.984809            10.7752        2.57647e+07        6.20339e-05        6.69245e-06        0.000290287          0.0450225         0.00193948          0.0986167        2.15619e-06        1.52579e-20        7.89871e-22        7.37739e-20        1.95721e-20         0.00203456           0.119265        1.31841e-10        7.01028e-13        1.88907e-18            0.73276
131         0.00330307        2.51184e-05        4.29125e-06             101325           0.170841        4.29125e-06            1982.11                  0            0.98526            10.3211        2.46468e+07        6.06149e-05        6.45801e-06        0.000283464          0.0450001         0.00191819          0.0986428        2.12185e-06        1.42114e-20        7.33123e-22        6.89556e-20         1.8491e-20         0.00198878           0.119337        1.24348e-10        6.70201e-13        1.74361e-18            0.73276
132         0.00332819        2.51184e-05        4.29009e-06             101325           0.170794        4.29009e-06            1982.74                  0           0.985699            9.88999        2.35826e+07        5.92359e-05        6.23316e-06        0.000276844          0.0449784         0.00189724          0.0986683        2.08852e-06        1.32442e-20        6.80942e-22        6.45015e-20        1.74824e-20         0.00194422           0.119407        1.17321e-10        6.40876e-13        1.61016e-18            0.73276
133         0.00335331        2.51184e-05        4.28896e-06             101325           0.170749        4.28896e-06            1983.36                  0           0.986127            9.48163        2.25713e+07        5.78981e-05        6.01783e-06        0.000270431          0.0449574         0.00187666          0.0986931        2.05624e-06        1.23511e-20        6.32998e-22        6.03872e-20        1.65419e-20         0.00190093           0.119475        1.10739e-10        6.13023e-13        1.48788e-18            0.73276
134         0.00337843        2.51184e-05        4.28786e-06             101325           0.170706        4.28786e-06            1983.96                  0           0.986543             9.0958        2.16122e+07        5.66024e-05        5.81196e-06         0.00026423          0.0449373         0.00185648          0.0987172        2.02503e-06        1.15275e-20        5.88987e-22        5.65899e-20        1.56656e-20         0.00185895           0.119541        1.04584e-10         5.8661e-13        1.37597e-18            0.73276
135         0.00340355        2.51184e-05         4.2868e-06             101325           0.170664         4.2868e-06            1984.54                  0           0.986946            8.73227        2.07046e+07        5.53503e-05        5.61551e-06        0.000258246          0.0449178         0.00183675          0.0987406        1.99493e-06        1.07687e-20        5.48628e-22        5.30889e-20          1.485e-20         0.00181833           0.119605        9.88364e-11        5.61608e-13        1.27369e-18            0.73276
136         0.00342867        2.51184e-05        4.28578e-06             101325           0.170623        4.28578e-06            1985.11                  0           0.987336            8.39085        1.98479e+07        5.41429e-05        5.42845e-06        0.000252484          0.0448992         0.00181749          0.0987633        1.96597e-06        1.00708e-20        5.11665e-22        4.98648e-20        1.40917e-20         0.00177911           0.119667        9.34804e-11        5.37992e-13        1.18035e-18            0.73276
137         0.00345378        2.51184e-05         4.2848e-06             101325           0.170584         4.2848e-06            1985.65                  0           0.987713            8.07133        1.90414e+07         5.2982e-05        5.25078e-06        0.000246952          0.0448814         0.00179876          0.0987852        1.93818e-06        9.42995e-21        4.77861e-22        4.69002e-20        1.33878e-20         0.00174134           0.119726        8.84994e-11        5.15737e-13        1.09533e-18            0.73276
138          0.0034789        2.51184e-05        4.28385e-06             101325           0.170546        4.28385e-06            1986.17                  0           0.988076            7.77354        1.82847e+07         5.1869e-05        5.08249e-06        0.000241656          0.0448643          0.0017806          0.0988063        1.91161e-06        8.84259e-21        4.47001e-22        4.41789e-20        1.27354e-20         0.00170509           0.119783        8.38782e-11        4.94821e-13        1.01803e-18            0.73276
139         0.00350402        2.51184e-05        4.28295e-06             101325            0.17051        4.28295e-06            1986.66                  0           0.988424            7.49727        1.75772e+07        5.08059e-05        4.92361e-06        0.000236604          0.0448482         0.00176306          0.0988266         1.8863e-06        8.30554e-21        4.18886e-22        4.16863e-20        1.21323e-20         0.00167043           0.119838        7.96028e-11        4.75224e-13        9.47909e-19            0.73276
140         0.00352914        2.51184e-05        4.28209e-06             101325           0.170476        4.28209e-06            1987.14                  0           0.988756            7.24236        1.69185e+07        4.97946e-05         4.7742e-06        0.000231806          0.0448328          0.0017462          0.0988459        1.86229e-06        7.81584e-21        3.93339e-22        3.94091e-20        1.15761e-20         0.00163741           0.119889        7.56603e-11         4.5693e-13        8.84472e-19            0.73276
141         0.00355426        2.51184e-05        4.28128e-06             101325           0.170444        4.28128e-06            1987.58                  0           0.989073            7.00858        1.63081e+07        4.88373e-05        4.63432e-06        0.000227269          0.0448184         0.00173008          0.0988642        1.83962e-06        7.37082e-21        3.70197e-22        3.73353e-20        1.10649e-20         0.00160612           0.119939        7.20387e-11        4.39926e-13        8.27267e-19            0.73276
142         0.00357938        2.51184e-05        4.28051e-06             101325           0.170413        4.28051e-06            1988.01                  0           0.989373            6.79572        1.57456e+07        4.79365e-05        4.50408e-06        0.000223007          0.0448049         0.00171476          0.0988816        1.81836e-06        6.96807e-21        3.49317e-22        3.54544e-20        1.05971e-20         0.00157665           0.119985        6.87276e-11        4.24201e-13        7.75885e-19            0.73276
143         0.00360449        2.51184e-05        4.27979e-06             101325           0.170385        4.27979e-06             1988.4                  0           0.989655            6.60352        1.52308e+07        4.70949e-05        4.38361e-06        0.000219029          0.0447923         0.00170032          0.0988978        1.79854e-06        6.60545e-21        3.30569e-22         3.3757e-20        1.01713e-20         0.00154908           0.120028        6.57176e-11        4.09752e-13        7.29958e-19            0.73276
144         0.00362961        2.51184e-05        4.27913e-06             101325           0.170358        4.27913e-06            1988.77                  0           0.989918            6.43167        1.47632e+07        4.63153e-05        4.27309e-06        0.000215349          0.0447806         0.00168683           0.098913        1.78025e-06        6.28111e-21        3.13842e-22        3.22353e-20        9.78638e-21         0.00152352           0.120068        6.30011e-11        3.96577e-13        6.89164e-19            0.73276
145         0.00365473        2.51184e-05        4.27852e-06             101325           0.170334        4.27852e-06            1989.11                  0           0.990161             6.2798        1.43426e+07         4.5601e-05        4.17273e-06        0.000211982            0.04477         0.00167437          0.0989268        1.76353e-06        5.99346e-21        2.99042e-22        3.08825e-20        9.44145e-21         0.00150009           0.120105        6.05718e-11        3.84682e-13        6.53221e-19            0.73276
146         0.00367985        2.51184e-05        4.27796e-06             101325           0.170312        4.27796e-06            1989.41                  0           0.990384            6.14746        1.39686e+07        4.49556e-05        4.08279e-06        0.000208942          0.0447605         0.00166303          0.0989394        1.74847e-06        5.74121e-21         2.8609e-22        2.96935e-20        9.13602e-21         0.00147889           0.120138        5.84253e-11        3.74079e-13        6.21895e-19            0.73276
147         0.00370497        2.51184e-05        4.27747e-06             101325           0.170292        4.27747e-06            1989.68                  0           0.990584            6.03412         1.3641e+07         4.4383e-05        4.00359e-06        0.000206249           0.044752          0.0016529          0.0989506        1.73514e-06        5.52339e-21        2.74926e-22        2.86645e-20        8.86988e-21         0.00146007           0.120168        5.65592e-11        3.64787e-13        5.94994e-19            0.73276
148         0.00373009        2.51184e-05        4.27705e-06             101325           0.170275        4.27705e-06            1989.92                  0            0.99076            5.93911        1.33597e+07        4.38876e-05        3.93551e-06         0.00020392          0.0447447         0.00164409          0.0989603        1.72363e-06        5.33936e-21        2.65509e-22        2.77935e-20        8.64317e-21         0.00144378           0.120194        5.49732e-11        3.56833e-13        5.72381e-19            0.73276
149          0.0037552        2.51184e-05         4.2767e-06             101325           0.170261         4.2767e-06            1990.11                  0           0.990912             5.8617        1.31244e+07        4.34741e-05        3.87901e-06        0.000201979          0.0447386          0.0016367          0.0989685        1.71405e-06        5.18887e-21        2.57818e-22        2.70798e-20        8.45643e-21         0.00143017           0.120215        5.36695e-11        3.50256e-13        5.53966e-19            0.73276
150         0.00378032        2.51184e-05        4.27642e-06             101325            0.17025        4.27642e-06            1990.27                  0           0.991036            5.80105        1.29351e+07        4.31476e-05        3.83461e-06        0.000200446          0.0447338         0.00163084          0.0989749        1.70649e-06        5.07201e-21        2.51852e-22        2.65248e-20        8.31055e-21         0.00141942           0.120232         5.2653e-11        3.45103e-13        5.39717e-19            0.73276
151         0.00380544        2.51184e-05        4.27621e-06             101325           0.170242        4.27621e-06            1990.38                  0           0.991132            5.75631         1.2792e+07        4.29136e-05        3.80289e-06        0.000199349          0.0447304         0.00162663          0.0989795        1.70108e-06         4.9893e-21        2.47633e-22        2.61315e-20        8.20684e-21         0.00141172           0.120244        5.19313e-11         3.4143e-13         5.2966e-19            0.73276
152         0.00383056        2.51184e-05         4.2761e-06             101325           0.170237         4.2761e-06            1990.44                  0           0.991198            5.72675        1.26957e+07        4.27774e-05        3.78448e-06        0.000198711          0.0447284         0.00162418          0.0989822        1.69794e-06        4.94158e-21          2.452e-22        2.59044e-20        8.14681e-21         0.00140723           0.120251        5.15141e-11        3.39301e-13        5.23867e-19            0.73276
