# Time 0.000105
# eta = 0.002
# length = 0.000943391
#--- 	  	 LEM Line data  --- 
#(1) wafer              (2) x             (3) dx              (4) m              (5) p            (6) rho              (7) m              (8) T              (9) Z             (10) C          (11) dCdt       (12) heatRel                  (13) Y_H2                  (14) Y_H                  (15) Y_O                  (16) Y_O2                  (17) Y_OH                  (18) Y_H2O                  (19) Y_HO2                  (20) Y_CH2                  (21) Y_CH2(S)                  (22) Y_CH3                  (23) Y_CH4                  (24) Y_CO                  (25) Y_CO2                  (26) Y_HCO                  (27) Y_CH2O                  (28) Y_CH2OH                  (29) Y_N2
0        1.25568e-05        2.51136e-05        2.84198e-05             101325            1.13165        2.84198e-05                300                  0                  0                  0                  0        3.27814e-14                  0        8.90492e-15           0.222598        4.28602e-14        1.02944e-10        1.93985e-13                  0                  0        7.52019e-13          0.0446421        1.02126e-12        1.23888e-10                  0        1.38237e-13                  0            0.73276
1        3.76703e-05        2.51136e-05        2.84198e-05             101325            1.13165        2.84198e-05                300                  0        1.04562e-09        3.23165e-09         0.00236799        1.20324e-13        4.92907e-24        2.82438e-14           0.222598        1.39344e-13        3.70953e-10        7.00827e-13                  0                  0        2.72039e-12          0.0446421        3.74169e-12        4.46321e-10                  0        5.14729e-13                  0            0.73276
2        6.27839e-05        2.51136e-05        2.84198e-05             101325            1.13165        2.84198e-05                300                  0        3.74691e-09        1.04433e-08          0.0076527        5.07321e-13         3.6689e-22         1.0267e-13           0.222598        5.20724e-13        1.53594e-09        2.90354e-12        9.48132e-22        5.00725e-23         1.1309e-11          0.0446421        1.57417e-11        1.84759e-09        5.90899e-22        2.19809e-12        1.05203e-25            0.73276
3        8.78974e-05        2.51136e-05        2.84198e-05             101325            1.13165        2.84198e-05                300                  0        1.55236e-08        3.90581e-08          0.0286241        2.09401e-12         5.4305e-21        3.60984e-13           0.222598        1.89166e-12        6.21999e-09        1.17412e-11        1.48854e-20        7.72613e-22        4.60007e-11          0.0446421        6.48009e-11        7.48036e-09        9.27331e-21        9.18283e-12        1.67329e-24            0.73276
4        0.000113011        2.51136e-05        2.84197e-05             101325            1.13165        2.84197e-05            300.001                  0          6.285e-08        1.41868e-07           0.103992        8.35849e-12        5.84114e-20        1.20457e-12           0.222598        6.55117e-12        2.43217e-08        4.57374e-11        1.63468e-19        8.44309e-21        1.80797e-10          0.0446421        2.57813e-10        2.92428e-08        1.02097e-19        3.70835e-11        1.83071e-23            0.73276
5        0.000138125        2.51136e-05        2.84196e-05             101325            1.13164        2.84196e-05            300.002                  0        2.45682e-07          4.912e-07           0.360256         3.2179e-11        5.85908e-19        3.78767e-12           0.222598        2.15213e-11        9.15603e-08        1.71052e-10        1.68188e-18        8.66465e-20        6.84639e-10           0.044642        9.88627e-10        1.10057e-07        1.05297e-18        1.44374e-10        1.88046e-22            0.73276
6        0.000163238        2.51136e-05        2.84191e-05             101325            1.13162        2.84191e-05            300.007                  0         9.2457e-07        1.61336e-06            1.18514        1.19205e-10        5.39777e-18        1.11346e-11           0.222598        6.66337e-11        3.30969e-07        6.12202e-10        1.59953e-17        8.26443e-19        2.49167e-09          0.0446419        3.64513e-09        3.97716e-07        1.00304e-17         5.4057e-10        1.79495e-21            0.73276
7        0.000188352        2.51136e-05        2.84174e-05             101325            1.13156        2.84174e-05            300.025                  0        3.34086e-06        4.99574e-06            3.68697        4.23827e-10        4.52988e-17          3.029e-11           0.222596        1.92879e-10        1.14546e-06        2.08936e-09        1.39629e-16        7.22451e-18         8.6912e-09          0.0446415         1.2889e-08        1.37603e-06        8.77715e-17         1.9415e-09         1.5726e-20            0.73276
8        0.000213465        2.51136e-05         2.8412e-05             101325            1.13134         2.8412e-05            300.082                  0        1.15577e-05        1.44767e-05            10.8325        1.44227e-09        3.42311e-16        7.51941e-11           0.222591        5.16768e-10         3.7834e-06        6.77172e-09        1.10084e-15        5.69561e-17        2.89658e-08          0.0446403        4.35824e-08        4.54337e-06        6.94609e-16        6.66961e-09        1.24471e-19            0.73276
9        0.000238579        2.51136e-05        2.83954e-05             101325            1.13068        2.83954e-05            300.258                  0        3.81576e-05        3.89571e-05            30.3088        4.68286e-09        2.25893e-15        1.66971e-10           0.222577        1.26461e-09        1.18822e-05        2.07432e-08        7.66413e-15        3.97164e-16        9.19112e-08          0.0446367        1.40484e-07        1.42634e-05        4.86019e-15        2.18443e-08        8.75146e-19            0.73276
10        0.000263692        2.51136e-05        2.83475e-05             101325            1.12877        2.83475e-05            300.765                  0        0.000119782        9.66942e-05            83.1655        1.44541e-08        1.27173e-14        3.21806e-10           0.222536        2.77487e-09          3.533e-05        5.97098e-08        4.59593e-14        2.38968e-15        2.76503e-07           0.044626        4.30123e-07        4.23909e-05        2.93769e-14        6.79545e-08        5.35644e-18            0.73276
11        0.000288806        2.51136e-05         2.8219e-05             101325            1.12366         2.8219e-05            302.134                  0        0.000355992        0.000220963            236.544        4.22161e-08        5.89768e-14         5.1364e-10           0.222423        5.31591e-09        9.89117e-05        1.60352e-07        2.29139e-13         1.1999e-14        7.84442e-07          0.0445972        1.24529e-06        0.000118617        1.48511e-13        1.99841e-07        2.78846e-17            0.73276
12        0.000313919        2.51136e-05        2.79025e-05             101325            1.11105        2.79025e-05            305.561                  0         0.00099632        0.000469038            725.809        1.15923e-07        2.15549e-13        6.31415e-10            0.22214        8.55428e-09         0.00025881        3.97975e-07        9.02994e-13         4.7989e-14        2.08331e-06          0.0445246        3.38847e-06        0.000310179        6.00635e-13        5.51943e-07        1.20324e-16            0.73276
13        0.000339033        2.51136e-05         2.7206e-05             101325            1.08332         2.7206e-05            313.381                  0         0.00260697        0.000938351             2300.7        2.96415e-07        5.92621e-13        5.40907e-10            0.22149        1.09794e-08        0.000626206        9.01747e-07        2.62386e-12        1.43606e-13        5.12437e-06          0.0443576        8.58811e-06        0.000749929        1.83297e-12        1.41794e-06        4.20532e-16            0.73276
14        0.000364147        2.51136e-05        2.58909e-05             101325            1.03095        2.58909e-05            329.296                  0         0.00631234         0.00173564            6862.23        6.96381e-07        1.20505e-12        2.96742e-10           0.220155        1.07069e-08         0.00138105        1.84018e-06        5.23055e-12        3.02044e-13        1.15048e-05          0.0440143        2.00215e-05         0.00165238        3.99299e-12        3.34263e-06        1.19871e-15            0.73276
15         0.00038926        2.51136e-05        2.38489e-05             101325           0.949641        2.38489e-05            357.484                  0          0.0139476         0.00272191            18551.3        1.48167e-06        2.00176e-12        1.09329e-10            0.21776        8.18921e-09         0.00273561        3.35286e-06        7.31373e-12        4.60322e-13        2.32185e-05          0.0433976        4.23574e-05         0.00326929        6.49448e-12        7.12346e-06        3.23778e-15            0.73276
16        0.000414374        2.51136e-05         2.1287e-05             101325           0.847629         2.1287e-05            400.492                  0          0.0277127         0.00344087            46986.6         2.8347e-06        4.01372e-12        3.43177e-11           0.214046        6.68856e-09         0.00483695        5.48482e-06        1.02367e-11         7.2561e-13        4.18345e-05          0.0424397        8.07854e-05         0.00577247           1.16e-11        1.36126e-05        1.21663e-14            0.73276
17        0.000439487        2.51136e-05        1.86155e-05             101325           0.741255        1.86155e-05             457.94                  0          0.0491664          0.0045911             112625        4.90761e-06        1.34683e-11        2.08159e-11           0.208989        9.60433e-09         0.00770002        8.22083e-06        2.32473e-11        1.83783e-12        6.78393e-05          0.0411329        0.000139789         0.00917406        3.45392e-11        2.34579e-05        6.48911e-14            0.73276
18        0.000464601        2.51136e-05        1.61655e-05             101325           0.643698        1.61655e-05            527.303                  0          0.0784543          0.0106073             251131        7.81057e-06         5.3068e-11        5.30347e-11           0.202746        2.03416e-08          0.0112363        1.15646e-05         6.8102e-11        5.74292e-12        0.000100793          0.0395162        0.000222855          0.0133618        1.25441e-10        3.70269e-05        3.40494e-13            0.73276
19        0.000489714        2.51136e-05        1.40805e-05             101325           0.560674        1.40805e-05            605.327                  0           0.114555          0.0337064             529451        1.16271e-05        1.90004e-10        2.04407e-10           0.195551        4.34203e-08          0.0153147        1.55685e-05        1.89348e-10         1.6479e-11        0.000139834          0.0376483        0.000332891          0.0181724         4.1848e-10        5.44698e-05         1.5108e-12           0.732759
20        0.000514828        2.51136e-05        1.23706e-05             101325           0.492586        1.23706e-05            688.913                  0           0.155968           0.100083         1.0796e+06        1.64313e-05        5.99308e-10        7.86459e-10           0.187641        8.44793e-08          0.0198015        2.03243e-05        4.73514e-10         4.1463e-11        0.000184046          0.0355894        0.000472681          0.0234396        1.22645e-09        7.57812e-05        5.65369e-12           0.732759
21        0.000539941        2.51136e-05        1.09881e-05             101325           0.437537        1.09881e-05            775.476                  0           0.201192           0.253375        2.12469e+06        2.22993e-05         1.6873e-09         2.8069e-09           0.179233        1.51712e-07          0.0245756        2.59425e-05        1.09607e-09        9.45839e-11        0.000232628          0.0333936        0.000645178          0.0290126         3.2157e-09        0.000100826        1.84973e-11           0.732759
22        0.000565055        2.51136e-05        9.87212e-06             101325           0.393099        9.87212e-06            862.988                  0           0.248908           0.556696        3.99463e+06        2.93135e-05          4.284e-09        9.00824e-09           0.170511        2.61706e-07          0.0295326        3.25294e-05        2.44327e-09        2.04813e-10        0.000284954          0.0311077        0.000853629          0.0347599        7.71801e-09        0.000129356        5.49595e-11           0.732758
23        0.000590169        2.51136e-05        8.96683e-06             101325           0.357052        8.96683e-06            949.921                  0           0.298007            1.11058        7.17441e+06        3.75638e-05        9.90482e-09        2.57329e-08           0.161638        4.51381e-07          0.0345825        4.01599e-05         5.3892e-09        4.36255e-10        0.000340571           0.028772         0.00110158          0.0405678        1.72278e-08        0.000161032        1.52359e-10           0.732758
24        0.000615282        2.51136e-05        8.22663e-06             101325           0.327577        8.22663e-06            1035.15                  0           0.347556            2.11017        1.24415e+07        4.71443e-05        2.11832e-08        6.59267e-08           0.152753        7.98708e-07          0.0396469        4.88408e-05        1.18654e-08        9.29213e-10        0.000399173          0.0264213         0.00139275          0.0463364        3.61135e-08        0.000195465        3.99684e-10           0.732758
25        0.000640396        2.51136e-05        7.61584e-06             101325           0.303256        7.61584e-06            1117.86                  0           0.396757            3.96472        2.11565e+07        5.81583e-05        4.27842e-08        1.54398e-07           0.143971        1.45946e-06          0.0446624        5.84773e-05        2.59801e-08        1.98025e-09          0.0004606          0.0240837         0.00173116          0.0519832        7.16714e-08        0.000232286        9.98031e-10           0.732758
26        0.000665509        2.51136e-05        7.10703e-06             101325           0.282996        7.10703e-06            1197.52                  0           0.444981            7.51628        3.58103e+07        7.07286e-05        8.32564e-08        3.38019e-07           0.135372        2.73535e-06          0.0495837        6.88422e-05        5.61661e-08        4.19502e-09        0.000524813          0.0217788         0.00212149          0.0574474        1.35941e-07        0.000271223        2.37894e-09           0.732758
27        0.000690623        2.51136e-05        6.67916e-06             101325           0.265958        6.67916e-06            1273.79                  0           0.491796            14.4268        6.09916e+07        8.49926e-05        1.58372e-07        7.05083e-07           0.127012        5.19926e-06          0.0543808        7.95413e-05        1.19146e-07        8.76942e-09        0.000591698          0.0195194         0.00256903          0.0626861        2.48989e-07        0.000312094        5.42404e-09           0.732758
28        0.000715736        2.51136e-05        6.31609e-06             101325           0.251501        6.31609e-06            1346.47                  0           0.536913            27.8254         1.0498e+08        0.000101086        2.96777e-07        1.42011e-06           0.118927        9.91734e-06          0.0590339        8.99888e-05         2.4686e-07        1.79792e-08         0.00066071           0.017314         0.00307936          0.0676691        4.44493e-07        0.000354741        1.18493e-08           0.732758
29         0.00074085        2.51136e-05        6.00536e-06             101325           0.239128        6.00536e-06             1415.5                  0           0.580144            53.2982        1.82209e+08        0.000119113        5.48981e-07        2.78323e-06           0.111137        1.88211e-05          0.0635308        9.94082e-05        4.97559e-07        3.59626e-08        0.000730312          0.0151683         0.00365783          0.0723769        7.78031e-07        0.000398892        2.48237e-08           0.732758
30        0.000765963        2.51136e-05        5.73733e-06             101325           0.228456        5.73733e-06            1480.87                  0           0.621374            100.183        3.16621e+08        0.000139091        1.00006e-06        5.32444e-06           0.103653        3.52745e-05          0.0678628        0.000106865        9.70961e-07        6.97882e-08        0.000797148          0.0130877         0.00430842          0.0767982        1.33662e-06        0.000443894        4.98234e-08           0.732759
31        0.000791077        2.51136e-05        5.50461e-06             101325           0.219189        5.50461e-06             1542.6                  0           0.660537            182.731        5.45057e+08        0.000160848        1.78354e-06        9.93734e-06          0.0964834        6.48073e-05          0.0720201        0.000111359        1.82184e-06        1.30413e-07        0.000855034           0.011081         0.00503136           0.080929        2.24311e-06        0.000488267        9.54234e-08           0.732759
32        0.000816191        2.51136e-05        5.30164e-06             101325           0.211107        5.30164e-06            1600.67                  0           0.697584            319.767        9.17475e+08        0.000183851        3.08609e-06        1.80316e-05          0.0896393        0.000115748          0.0759854        0.000111991        3.25205e-06        2.32136e-07        0.000894205          0.0091637          0.0058186          0.0847706        3.63898e-06        0.000529044        1.72933e-07           0.732759
33        0.000841304        2.51136e-05        5.12451e-06             101325           0.204053        5.12451e-06            1654.89                  0           0.732452            529.993        1.48653e+09        0.000206974        5.11873e-06         3.1623e-05          0.0831491        0.000199024          0.0797262        0.000108215        5.43693e-06        3.87453e-07        0.000901966         0.00736294         0.00664653          0.0883301        5.61695e-06        0.000561084        2.92417e-07           0.732759
34        0.000866418        2.51136e-05        4.97078e-06             101325           0.197932        4.97078e-06            1704.93                  0           0.765022            819.402        2.27523e+09        0.000228285         8.0203e-06          5.318e-05          0.0770703        0.000325907          0.0831886        0.000100109        8.33805e-06        5.93898e-07        0.000866339         0.00571875         0.00746704          0.0916194        8.08539e-06        0.000576974        4.52382e-07            0.73276
35        0.000891531        2.51136e-05        4.83923e-06             101325           0.192694        4.83923e-06            1750.18                  0           0.795095            1161.89        3.21997e+09        0.000245102        1.16905e-05         8.4963e-05          0.0714941        0.000502903          0.0863004        8.85031e-05        1.14648e-05        8.17135e-07        0.000783028         0.00427866         0.00820338          0.0946553        1.06281e-05        0.000568677        6.26472e-07            0.73276
36        0.000916645        2.51136e-05        4.72914e-06             101325            0.18831        4.72914e-06            1790.03                  0           0.822413            1487.99         4.1254e+09        0.000254629        1.56593e-05         0.00012772           0.066529        0.000725562          0.0889888         7.4856e-05        1.38918e-05        9.91791e-07        0.000661562         0.00308304         0.00876159          0.0974578        1.25533e-05        0.000531468        7.64035e-07            0.73276
37        0.000941758        2.51136e-05        4.63942e-06             101325           0.184738        4.63942e-06            1824.08                  0           0.846739            1706.03        4.71246e+09        0.000255104        1.91822e-05        0.000179176          0.0622622        0.000976005          0.0912103        6.08536e-05        1.47882e-05        1.05837e-06        0.000523482         0.00214781          0.0090613           0.100046        1.32509e-05         0.00046807        8.18661e-07           0.732761
38        0.000966872        2.51136e-05        4.56799e-06             101325           0.181894        4.56799e-06            1852.45                  0           0.867984            1753.59        4.78174e+09        0.000246712        2.15833e-05        0.000233586          0.0587212         0.00122766          0.0929708        4.79166e-05        1.40155e-05        1.00588e-06        0.000391932         0.00145711         0.00906867           0.102435        1.25886e-05        0.000388865        7.81051e-07           0.732761
39        0.000991985        2.51136e-05        4.51188e-06             101325           0.179659        4.51188e-06            1875.73                  0           0.886267            1633.84        4.34821e+09        0.000231436        2.25651e-05        0.000283416          0.0558646         0.00145454          0.0943228        3.68941e-05        1.21074e-05        8.71302e-07        0.000281785        0.000971137         0.00880646           0.104631        1.09379e-05        0.000307067        6.78961e-07           0.732761
40          0.0010171        2.51136e-05        4.46782e-06             101325           0.177905        4.46782e-06             1894.8                  0           0.901888            1403.37         3.6048e+09        0.000212033        2.22395e-05        0.000322255           0.053602         0.00163884          0.0953439        2.80519e-05        9.77665e-06        7.05186e-07        0.000197495        0.000641371         0.00833661           0.106641        8.86279e-06        0.000233048        5.51169e-07           0.732761
41         0.00104221        2.51136e-05        4.43287e-06             101325           0.176513        4.43287e-06            1910.55                  0           0.915227            1131.96        2.77937e+09         0.00019102         2.0949e-05        0.000346793          0.0518246         0.00177321          0.0961139        2.12506e-05        7.54003e-06        5.44754e-07        0.000136657        0.000422869         0.00773319           0.108467        6.82044e-06         0.00017195        4.26722e-07           0.732762
42         0.00106733        2.51136e-05        4.40468e-06             101325           0.175391        4.40468e-06            1923.72                  0           0.926663            872.055         2.0304e+09        0.000170187        1.90775e-05        0.000356926          0.0504283         0.00185873          0.0967011        1.61566e-05         5.6446e-06        4.08184e-07        9.42567e-05        0.000279979         0.00706254           0.110115        5.06011e-06        0.000124557        3.20164e-07           0.732762
43         0.00109244        2.51136e-05        4.38154e-06             101325           0.174469        4.38154e-06            1934.88                  0           0.936523            650.678        1.42712e+09        0.000150582        1.69447e-05        0.000354695          0.0493252         0.00190143           0.097158        1.23956e-05        4.14891e-06         3.0008e-07        6.52422e-05        0.000186966         0.00637503           0.111594        3.66069e-06        8.92607e-05        2.35467e-07           0.732762
44         0.00111755        2.51136e-05        4.36224e-06             101325           0.173701        4.36224e-06            1944.44                  0           0.945072            475.266        9.76489e+08        0.000132704        1.47773e-05        0.000343066           0.048446         0.00190934          0.0975222        9.63274e-06        3.01766e-06        2.18155e-07        4.55217e-05        0.000126307         0.00570468           0.112914        2.60422e-06        6.36412e-05        1.71106e-07           0.732762
45         0.00114267        2.51136e-05        4.34593e-06             101325           0.173051        4.34593e-06            1952.71                  0           0.952516            342.509         6.5591e+08         0.00011671         1.2717e-05        0.000325067          0.0477385         0.00189061          0.0978196        7.59998e-06        2.18342e-06         1.5768e-07        3.21033e-05        8.64849e-05          0.0050723           0.114087        1.83313e-06        4.53278e-05        1.23527e-07           0.732762
46         0.00116778        2.51136e-05        4.33202e-06             101325           0.172497        4.33202e-06            1959.89                  0           0.959018            244.938        4.34969e+08        0.000102571        1.08417e-05        0.000303329          0.0471636         0.00185256          0.0980675        6.09541e-06         1.5772e-06        1.13729e-07        2.29149e-05        6.00787e-05         0.00448914           0.115124        1.28266e-06        3.23437e-05         8.8936e-08           0.732761
47         0.00119289        2.51136e-05         4.3201e-06             101325           0.172023         4.3201e-06            1966.13                  0           0.964706            174.559        2.85816e+08        9.01663e-05        9.18512e-06        0.000279927          0.0466927         0.00180138          0.0982777        4.97221e-06        1.14018e-06        8.20643e-08        1.65613e-05        4.23516e-05         0.00396008           0.116038        8.95267e-07        2.31677e-05        6.40285e-08           0.732761
48         0.00121801        2.51136e-05        4.30984e-06             101325           0.171614        4.30984e-06            1971.57                  0           0.969681            124.392        1.86502e+08        7.93419e-05        7.75337e-06        0.000256373          0.0463043         0.00174208          0.0984581        4.12549e-06         8.2624e-07        5.93451e-08         1.2116e-05        3.02864e-05         0.00348592            0.11684        6.25001e-07        1.66814e-05        4.61818e-08           0.732761
49         0.00124312        2.51136e-05        4.30102e-06             101325           0.171263        4.30102e-06             1976.3                  0           0.974029            88.8968        1.21004e+08        6.99362e-05        6.53594e-06        0.000233701          0.0459824         0.00167857          0.0986141        3.48088e-06        6.00854e-07        4.30611e-08        8.96561e-06        2.19548e-05         0.00306502           0.117541        4.37324e-07        1.20837e-05        3.34155e-08           0.732761
50         0.00126823        2.51136e-05        4.29342e-06             101325            0.17096        4.29342e-06             1980.4                  0           0.977823            63.8908        7.81267e+07        6.17933e-05        5.51364e-06        0.000212556          0.0457145         0.00161386          0.0987495         2.9856e-06        4.38802e-07        3.13764e-08         6.7035e-06         1.6116e-05          0.0026943           0.118151        3.07194e-07        8.81005e-06        2.42772e-08           0.732761
51         0.00129335        2.51136e-05         4.2869e-06             101325           0.170701         4.2869e-06            1983.96                  0           0.981125            46.3087        5.02382e+07        5.47686e-05        4.66348e-06        0.000193296          0.0454911         0.00155018          0.0988674        2.60199e-06        3.21946e-07        2.29691e-08        5.05809e-06        1.19643e-05         0.00236995           0.118681        2.16884e-07        6.46558e-06        1.77203e-08           0.732761
52         0.00131846        2.51136e-05        4.28131e-06             101325           0.170478        4.28131e-06            1987.02                  0            0.98399            33.9432        3.22133e+07          4.873e-05        3.96182e-06         0.00017607          0.0453045         0.00148914          0.0989699        2.30289e-06        2.37347e-07        1.68969e-08        3.84642e-06        8.97041e-06         0.00208785           0.119139         1.5403e-07        4.77542e-06        1.29987e-08           0.732761
53         0.00134358        2.51136e-05        4.27653e-06             101325           0.170288        4.27653e-06            1989.65                  0           0.986468            25.2231          2.064e+07        4.35577e-05        3.38611e-06        0.000160885          0.0451487         0.00143183          0.0990588        2.06846e-06        1.75815e-07        1.24909e-08         2.9439e-06        6.78268e-06         0.00184381           0.119533        1.10094e-07         3.5483e-06        9.58325e-09           0.732761
54         0.00136869        2.51136e-05        4.27246e-06             101325           0.170126        4.27246e-06             1991.9                  0           0.988604            19.0392        1.32601e+07        3.91439e-05        2.91586e-06        0.000147653          0.0450185         0.00137893          0.0991358        1.88402e-06        1.30832e-07        9.27748e-09         2.2647e-06        5.16438e-06         0.00163377           0.119871        7.92145e-08        2.65089e-06        7.09995e-09           0.732761
55          0.0013938        2.51136e-05        4.26901e-06             101325           0.169988        4.26901e-06            1993.81                  0           0.990438            14.6139        8.58615e+06        3.53916e-05        2.53306e-06        0.000136235          0.0449098         0.00133081          0.0992023        1.73851e-06        9.77732e-08        6.92126e-09        1.74893e-06        3.95407e-06         0.00145386           0.120159        5.73735e-08        1.98995e-06        5.28453e-09            0.73276
56         0.00141892        2.51136e-05        4.26609e-06             101325           0.169872        4.26609e-06            1995.44                  0           0.992007             11.406         5.6436e+06         3.2214e-05        2.22221e-06         0.00012646          0.0448193         0.00128758          0.0992593        1.62352e-06         7.3348e-08        5.18416e-09        1.35426e-06        3.04015e-06         0.00130046           0.120404        4.18198e-08        1.49988e-06        3.94995e-09            0.73276
57         0.00144403        2.51136e-05        4.26363e-06             101325           0.169774        4.26363e-06            1996.81                  0           0.993343            9.04134        3.79789e+06        2.95335e-05        1.97022e-06        0.000118149           0.044744         0.00124919          0.0993081        1.53256e-06        5.52084e-08        3.89668e-09        1.05037e-06         2.3444e-06         0.00117025           0.120612         3.0665e-08        1.13427e-06        2.96346e-09            0.73276
58         0.00146914        2.51136e-05        4.26156e-06             101325           0.169692        4.26156e-06            1997.97                  0           0.994476            7.26348        2.63934e+06        2.72813e-05        1.76619e-06        0.000111123          0.0446816         0.00121544          0.0993497        1.46058e-06        4.16715e-08        2.93764e-09        8.15266e-07        1.81124e-06         0.00106023           0.120788        2.26081e-08         8.6001e-07        2.23044e-09            0.73276
59         0.00149426        2.51136e-05        4.25984e-06             101325           0.169623        4.25984e-06            1998.94                  0           0.995434            5.89769        1.90622e+06        2.53964e-05        1.60114e-06        0.000105214          0.0446299         0.00118603          0.0993849        1.40361e-06        3.15246e-08        2.21997e-09        6.32736e-07        1.40056e-06        0.000967647           0.120935        1.67485e-08        6.53311e-07        1.68312e-09            0.73276
60         0.00151937        2.51136e-05         4.2584e-06             101325           0.169566         4.2584e-06            1999.74                  0           0.996239            4.82576         1.4335e+06         2.3825e-05        1.46768e-06        0.000100266          0.0445872         0.00116062          0.0994146        1.35853e-06        2.38888e-08        1.68071e-09        4.90706e-07        1.08305e-06        0.000890081           0.121058        1.24593e-08        4.96919e-07        1.27269e-09            0.73276
61         0.00154448        2.51136e-05        4.25721e-06             101325           0.169519        4.25721e-06            2000.41                  0           0.996914            3.96789        1.11872e+06        2.25202e-05        1.35983e-06        9.61405e-05          0.0445521         0.00113883          0.0994395        1.32287e-06        1.81233e-08        1.27408e-09        3.80064e-07         8.3698e-07        0.000825366           0.121161        9.30069e-09         3.7822e-07        9.63751e-10            0.73276
62          0.0015696        2.51136e-05        4.25623e-06             101325           0.169479        4.25623e-06            2000.97                  0           0.997477            3.27015             899417        2.14408e-05         1.2727e-06        9.27138e-05          0.0445232         0.00112028          0.0994604        1.29467e-06        1.37582e-08        9.66555e-10        2.93854e-07        6.46024e-07        0.000771594           0.121247        6.96219e-09         2.8792e-07        7.30471e-10            0.73276
63         0.00159471        2.51136e-05        4.25542e-06             101325           0.169447        4.25542e-06            2001.43                  0           0.997944            2.69577             738265        2.05514e-05        1.20236e-06        8.98777e-05          0.0444996          0.0011046          0.0994777        1.27239e-06        1.04462e-08        7.33456e-10        2.26722e-07        4.97793e-07        0.000727096           0.121317        5.22279e-09        2.19111e-07        5.53884e-10            0.73276
64         0.00161982        2.51136e-05        4.25476e-06             101325           0.169421        4.25476e-06             2001.8                  0           0.998331            2.21915             613437        1.98214e-05         1.1456e-06        8.75385e-05          0.0444804         0.00109142          0.0994921        1.25479e-06        7.92933e-09        5.56473e-10        1.74511e-07        3.82788e-07        0.000690422           0.121375        3.92394e-09        1.66629e-07        4.19962e-10            0.73276
65         0.00164494        2.51136e-05        4.25422e-06             101325             0.1694        4.25422e-06            2002.11                  0            0.99865            1.82199             512429        1.92243e-05        1.09984e-06        8.56158e-05          0.0444647         0.00108041          0.0995039         1.2409e-06        6.01495e-09        4.21954e-10        1.33977e-07        2.93668e-07        0.000660314           0.121423        2.95096e-09        1.26585e-07         3.1827e-10            0.73276
66         0.00167005        2.51136e-05        4.25379e-06             101325           0.169382        4.25379e-06            2002.36                  0           0.998912            1.49066             428179        1.87378e-05          1.063e-06        8.40407e-05          0.0444521         0.00107126          0.0995136        1.22995e-06        4.55823e-09        3.19656e-10        1.02577e-07        2.24725e-07        0.000635694           0.121462        2.22033e-09        9.60348e-08        2.41001e-10            0.73276
67         0.00169516        2.51136e-05        4.25343e-06             101325           0.169368        4.25343e-06            2002.56                  0           0.999126            1.21459             356693        1.83429e-05        1.03337e-06        8.27545e-05          0.0444418          0.0010637          0.0995216        1.22133e-06        3.44986e-09        2.41861e-10        7.83146e-08        1.71507e-07        0.000615639           0.121494        1.67071e-09        7.27425e-08        1.82281e-10            0.73276
68         0.00172028        2.51136e-05        4.25315e-06             101325           0.169357        4.25315e-06            2002.72                  0             0.9993           0.985226             295632        1.80234e-05        1.00958e-06        8.17079e-05          0.0444336         0.00105749          0.0995281        1.21454e-06          2.607e-09        1.82728e-10         5.9618e-08        1.30528e-07        0.000599364           0.121519         1.2568e-09        5.50014e-08        1.37672e-10            0.73276
69         0.00174539        2.51136e-05        4.25292e-06             101325           0.169347        4.25292e-06            2002.85                  0           0.999442           0.795454             243501        1.77659e-05        9.90515e-07         8.0859e-05           0.044427         0.00105241          0.0995333        1.20921e-06        1.96663e-09        1.37817e-10        4.52525e-08        9.90583e-08        0.000586206            0.12154        9.44935e-10        4.15063e-08        1.03809e-10            0.73276
70         0.00177051        2.51136e-05        4.25273e-06             101325            0.16934        4.25273e-06            2002.96                  0           0.999556           0.639198             199211        1.75591e-05        9.75264e-07        8.01727e-05          0.0444217         0.00104827          0.0995376        1.20503e-06        1.48073e-09         1.0375e-10         3.4248e-08        7.49603e-08        0.000575608           0.121557        7.09949e-10        3.12576e-08        7.81323e-11            0.73276
71         0.00179562        2.51136e-05        4.25259e-06             101325           0.169334        4.25259e-06            2003.04                  0           0.999648           0.511214             161857        1.73935e-05         9.6309e-07        7.96199e-05          0.0444175         0.00104491           0.099541        1.20175e-06        1.11261e-09        7.79464e-11         2.5844e-08        5.65618e-08        0.000567102            0.12157        5.32971e-10        2.34885e-08        5.86901e-11            0.73276
72         0.00182073        2.51136e-05        4.25247e-06             101325            0.16933        4.25247e-06            2003.11                  0           0.999722           0.406959             130616        1.72615e-05        9.53397e-07        7.91759e-05          0.0444141          0.0010422          0.0995437        1.19918e-06        8.34203e-10         5.8436e-11         1.9446e-08        4.25572e-08        0.000560299           0.121581        3.99792e-10        1.76108e-08        4.39937e-11            0.73276
73         0.00184585        2.51136e-05        4.25238e-06             101325           0.169326        4.25238e-06            2003.16                  0           0.999781           0.322501             104719        1.71564e-05        9.45698e-07        7.88207e-05          0.0444115         0.00104002          0.0995459        1.19718e-06        6.24073e-10        4.37126e-11        1.45902e-08        3.19295e-08        0.000554879            0.12159        2.99687e-10        1.31736e-08        3.29054e-11            0.73276
74         0.00187096        2.51136e-05        4.25231e-06             101325           0.169323        4.25231e-06             2003.2                  0           0.999828            0.25445              83436        1.70732e-05        9.39599e-07        7.85373e-05          0.0444094         0.00103827          0.0995476        1.19562e-06        4.65808e-10        3.26247e-11        1.09162e-08         2.3889e-08        0.000550574           0.121597        2.24551e-10         9.8315e-09        2.45566e-11            0.73276
75         0.00189607        2.51136e-05        4.25225e-06             101325           0.169321        4.25225e-06            2003.24                  0           0.999866            0.19991            66090.7        1.70075e-05         9.3478e-07        7.83121e-05          0.0444077         0.00103688           0.099549         1.1944e-06        3.46873e-10        2.42933e-11        8.14484e-09        1.78242e-08        0.000547168           0.121602        1.68249e-10        7.32004e-09        1.82842e-11            0.73276
76         0.00192119        2.51136e-05         4.2522e-06             101325           0.169319         4.2522e-06            2003.26                  0           0.999895           0.156421            52065.1        1.69558e-05        9.30983e-07        7.81337e-05          0.0444064         0.00103578          0.0995501        1.19346e-06        2.57702e-10        1.80473e-11        6.06066e-09        1.32632e-08        0.000544481           0.121606        1.26136e-10         5.4373e-09        1.35824e-11            0.73276
77          0.0019463        2.51136e-05        4.25217e-06             101325           0.169318        4.25217e-06            2003.28                  0           0.999918           0.121914            40806.4        1.69151e-05        9.27999e-07        7.79928e-05          0.0444054          0.0010349           0.099551        1.19273e-06        1.91005e-10         1.3376e-11        4.49788e-09         9.8433e-09        0.000542368           0.121609        9.46989e-11        4.02931e-09        1.00663e-11            0.73276
78         0.00197141        2.51136e-05        4.25214e-06             101325           0.169317        4.25214e-06             2003.3                  0           0.999937          0.0946619            31829.8        1.68834e-05        9.25662e-07        7.78819e-05          0.0444046         0.00103421          0.0995517        1.19216e-06        1.41239e-10        9.89056e-12        3.32943e-09         7.2863e-09        0.000540713           0.121612        7.12792e-11        2.97892e-09        7.44301e-12            0.73276
79         0.00199653        2.51136e-05        4.25212e-06             101325           0.169316        4.25212e-06            2003.31                  0           0.999951          0.0732358            24717.3        1.68586e-05        9.23837e-07        7.77949e-05           0.044404         0.00103367          0.0995522        1.19173e-06        1.04196e-10        7.29637e-12        2.45827e-09        5.37988e-09        0.000539421           0.121614        5.38697e-11        2.19724e-09        5.49061e-12            0.73276
80         0.00202164        2.51136e-05         4.2521e-06             101325           0.169315         4.2521e-06            2003.32                  0           0.999962          0.0564622            19114.1        1.68393e-05        9.22415e-07        7.77269e-05          0.0444035         0.00103324          0.0995526        1.19139e-06        7.66906e-11        5.37019e-12        1.81057e-09        3.96242e-09        0.000538414           0.121616        4.09566e-11        1.61695e-09        4.04104e-12            0.73276
81         0.00204675        2.51136e-05        4.25209e-06             101325           0.169315        4.25209e-06            2003.33                  0           0.999971          0.0433845            14723.4        1.68244e-05        9.21311e-07        7.76739e-05          0.0444032         0.00103291          0.0995529        1.19113e-06        5.63168e-11        3.94347e-12        1.33029e-09        2.91136e-09        0.000537633           0.121617        3.13998e-11        1.18721e-09        2.96739e-12            0.73276
82         0.00207187        2.51136e-05        4.25208e-06             101325           0.169314        4.25208e-06            2003.33                  0           0.999978           0.033228            11299.7        1.68128e-05        9.20455e-07        7.76327e-05          0.0444029         0.00103265          0.0995532        1.19094e-06        4.12621e-11        2.88926e-12        9.75093e-10        2.13403e-09        0.000537029           0.121618         2.4343e-11        8.69726e-10        2.17408e-12            0.73276
83         0.00209698        2.51136e-05        4.25207e-06             101325           0.169314        4.25207e-06            2003.34                  0           0.999983          0.0253695            8641.95        1.68039e-05        9.19795e-07        7.76008e-05          0.0444027         0.00103245          0.0995534        1.19079e-06        3.01645e-11        2.11216e-12        7.13082e-10        1.56062e-09        0.000536563           0.121619        1.91439e-11        6.35736e-10        1.58932e-12            0.73276
84          0.0021221        2.51136e-05        4.25207e-06             101325           0.169314        4.25207e-06            2003.34                  0           0.999987          0.0193109            6587.67        1.67971e-05        9.19287e-07        7.75761e-05          0.0444025          0.0010323          0.0995535        1.19067e-06        2.20032e-11        1.54068e-12        5.20292e-10         1.1387e-09        0.000536204           0.121619        1.53221e-11        4.63688e-10        1.15929e-12            0.73276
85         0.00214721        2.51136e-05        4.25206e-06             101325           0.169314        4.25206e-06            2003.34                  0            0.99999          0.0146559            5006.02        1.67918e-05        9.18897e-07        7.75572e-05          0.0444024         0.00103218          0.0995536        1.19059e-06        1.60152e-11         1.1214e-12        3.78782e-10        8.28999e-10        0.000535929            0.12162        1.25191e-11        3.37477e-10        8.43791e-13            0.73276
86         0.00217232        2.51136e-05        4.25206e-06             101325           0.169313        4.25206e-06            2003.35                  0           0.999993          0.0110913            3792.83        1.67878e-05        9.18598e-07        7.75426e-05          0.0444023         0.00103209          0.0995537        1.19052e-06        1.16321e-11        8.14478e-13        2.75161e-10        6.02217e-10        0.000535719            0.12162        1.04678e-11        2.45104e-10        6.12848e-13            0.73276
87         0.00219744        2.51136e-05        4.25206e-06             101325           0.169313        4.25206e-06            2003.35                  0           0.999994         0.00837034            2865.45        1.67848e-05         9.1837e-07        7.75315e-05          0.0444022         0.00103202          0.0995538        1.19047e-06        8.43078e-12        5.90323e-13         1.9946e-10        4.36541e-10        0.000535559            0.12162        8.96992e-12        1.77648e-10        4.44182e-13            0.73276
88         0.00222255        2.51136e-05        4.25206e-06             101325           0.169313        4.25206e-06            2003.35                  0           0.999996         0.00629976            2158.88        1.67825e-05        9.18197e-07         7.7523e-05          0.0444021         0.00103196          0.0995538        1.19043e-06        6.09795e-12        4.26976e-13        1.44284e-10        3.15783e-10        0.000535437            0.12162        7.87856e-12        1.28497e-10        3.21273e-13            0.73276
89         0.00224766        2.51136e-05        4.25206e-06             101325           0.169313        4.25206e-06            2003.35                  0           0.999997         0.00472882            1622.24        1.67807e-05        9.18065e-07        7.75166e-05          0.0444021         0.00103192          0.0995539         1.1904e-06        4.40166e-12        3.08202e-13        1.04157e-10         2.2796e-10        0.000535344           0.121621        7.08507e-12        9.27617e-11        2.31902e-13            0.73276
90         0.00227278        2.51136e-05        4.25205e-06             101325           0.169313        4.25205e-06            2003.35                  0           0.999998         0.00354042            1215.86        1.67794e-05        9.17965e-07        7.75117e-05          0.0444021         0.00103189          0.0995539        1.19038e-06        3.17086e-12        2.22022e-13        7.50372e-11        1.64229e-10        0.000535275           0.121621        6.50938e-12        6.68349e-11        1.67057e-13            0.73276
91         0.00229789        2.51136e-05        4.25205e-06             101325           0.169313        4.25205e-06            2003.35                  0           0.999998         0.00264396            909.016        1.67784e-05         9.1789e-07        7.75079e-05           0.044402         0.00103187          0.0995539        1.19037e-06        2.27974e-12        1.59626e-13         5.3952e-11        1.18081e-10        0.000535222           0.121621        6.09258e-12         4.8065e-11        1.20108e-13            0.73276
92           0.002323        2.51136e-05        4.25205e-06             101325           0.169313        4.25205e-06            2003.35                  0           0.999999         0.00196958            677.955        1.67776e-05        9.17833e-07        7.75051e-05           0.044402         0.00103185          0.0995539        1.19035e-06        1.63593e-12        1.14546e-13         3.8717e-11        8.47377e-11        0.000535182           0.121621        5.79145e-12         3.4505e-11        8.61881e-14            0.73276
93         0.00234812        2.51136e-05        4.25205e-06             101325           0.169313        4.25205e-06            2003.35                  0           0.999999         0.00146362            504.425        1.67771e-05        9.17791e-07         7.7503e-05           0.044402         0.00103184           0.099554        1.19034e-06        1.17168e-12        8.20397e-14        2.77306e-11        6.06924e-11        0.000535153           0.121621        5.57431e-12        2.47276e-11        6.17292e-14            0.73276
94         0.00237323        2.51136e-05        4.25205e-06             101325           0.169313        4.25205e-06            2003.35                  0           0.999999         0.00108503            374.436        1.67766e-05        9.17759e-07        7.75015e-05           0.044402         0.00103183           0.099554        1.19034e-06        8.37605e-13        5.86483e-14        1.98245e-11        4.33888e-11         0.00053513           0.121621        5.41806e-12        1.76922e-11        4.41288e-14            0.73276
95         0.00239834        2.51136e-05        4.25205e-06             101325           0.169313        4.25205e-06            2003.35                  0           0.999999        0.000802466            277.308        1.67763e-05        9.17735e-07        7.75003e-05           0.044402         0.00103182           0.099554        1.19033e-06        5.97683e-13        4.18492e-14        1.41463e-11        3.09612e-11        0.000535114           0.121621        5.30583e-12        1.26398e-11        3.14886e-14            0.73276
96         0.00242346        2.51136e-05        4.25205e-06             101325           0.169313        4.25205e-06            2003.35                  0                  1        0.000592112            204.912        1.67761e-05        9.17717e-07        7.74994e-05           0.044402         0.00103181           0.099554        1.19033e-06        4.25701e-13        2.98072e-14        1.00758e-11        2.20525e-11        0.000535101           0.121621        5.22539e-12        9.01827e-12        2.24278e-14            0.73276
97         0.00244857        2.51136e-05        4.25205e-06             101325           0.169313        4.25205e-06            2003.35                  0                  1          0.0004359             151.08        1.67759e-05        9.17704e-07        7.74987e-05           0.044402         0.00103181           0.099554        1.19033e-06        3.02678e-13        2.11932e-14        7.16412e-12        1.56798e-11        0.000535092           0.121621        5.16784e-12        6.42778e-12        1.59464e-14            0.73276
98         0.00247369        2.51136e-05        4.25205e-06             101325           0.169313        4.25205e-06            2003.35                  0                  1        0.000320178            111.148        1.67758e-05        9.17694e-07        7.74983e-05           0.044402         0.00103181           0.099554        1.19032e-06         2.1483e-13        1.50422e-14        5.08488e-12         1.1129e-11        0.000535085           0.121621        5.12674e-12        4.57801e-12        1.13182e-14            0.73276
99          0.0024988        2.51136e-05        4.25205e-06             101325           0.169313        4.25205e-06            2003.35                  0                  1        0.000234657            81.5935        1.67757e-05        9.17687e-07        7.74979e-05           0.044402          0.0010318           0.099554        1.19032e-06        1.52232e-13        1.06592e-14        3.60326e-12        7.88629e-12         0.00053508           0.121621        5.09745e-12        3.25997e-12        8.02028e-15            0.73276
100         0.00252391        2.51136e-05        4.25205e-06             101325           0.169313        4.25205e-06            2003.35                  0                  1        0.000171603            59.7712        1.67756e-05        9.17682e-07        7.74976e-05           0.044402          0.0010318           0.099554        1.19032e-06        1.07706e-13        7.54146e-15        2.54936e-12        5.57966e-12        0.000535077           0.121621        5.07661e-12        2.32244e-12        5.67443e-15            0.73276
101         0.00254903        2.51136e-05        4.25205e-06             101325           0.169313        4.25205e-06            2003.35                  0                  1        0.000125221            43.6939        1.67756e-05        9.17678e-07        7.74974e-05           0.044402          0.0010318           0.099554        1.19032e-06        7.60867e-14        5.32751e-15        1.80095e-12        3.94165e-12        0.000535074           0.121621        5.06182e-12         1.6567e-12        4.00859e-15            0.73276
102         0.00257414        2.51136e-05        4.25205e-06             101325           0.169313        4.25205e-06            2003.35                  0                  1        9.11825e-05            31.8752        1.67755e-05        9.17675e-07        7.74973e-05           0.044402          0.0010318           0.099554        1.19032e-06        5.36699e-14        3.75791e-15        1.27035e-12        2.78036e-12        0.000535072           0.121621        5.05133e-12        1.18472e-12        2.82758e-15            0.73276
103         0.00259925        2.51136e-05        4.25205e-06             101325           0.169313        4.25205e-06            2003.35                  0                  1        6.62575e-05            23.2058        1.67755e-05        9.17673e-07        7.74972e-05           0.044402          0.0010318           0.099554        1.19032e-06        3.78055e-14         2.6471e-15        8.94848e-13        1.95851e-12        0.000535071           0.121621         5.0439e-12        8.50698e-13        1.99178e-15            0.73276
104         0.00262437        2.51136e-05        4.25205e-06             101325           0.169313        4.25205e-06            2003.35                  0                  1        4.80467e-05            16.8603        1.67755e-05        9.17671e-07        7.74971e-05           0.044402          0.0010318           0.099554        1.19032e-06        2.66006e-14        1.86254e-15        6.29632e-13        1.37805e-12        0.000535069           0.121621        5.03866e-12        6.14787e-13        1.40146e-15            0.73276
105         0.00264948        2.51136e-05        4.25205e-06             101325           0.169313        4.25205e-06            2003.35                  0                  1        3.47703e-05             12.226        1.67755e-05         9.1767e-07         7.7497e-05           0.044402          0.0010318           0.099554        1.19032e-06        1.86965e-14        1.30911e-15        4.42544e-13        9.68577e-13        0.000535069           0.121621        5.03496e-12        4.48374e-13        9.85036e-16            0.73276
106         0.00267459        2.51136e-05        4.25205e-06             101325           0.169313        4.25205e-06            2003.35                  0                  1        2.51121e-05            8.84815        1.67755e-05        9.17669e-07         7.7497e-05           0.044402          0.0010318           0.099554        1.19032e-06        1.31269e-14         9.1913e-16        3.10712e-13        6.80041e-13        0.000535068           0.121621        5.03235e-12        3.31111e-13        6.91604e-16            0.73276
107         0.00269971        2.51136e-05        4.25205e-06             101325           0.169313        4.25205e-06            2003.35                  0                  1        1.81009e-05            6.39113        1.67755e-05        9.17669e-07         7.7497e-05           0.044402          0.0010318           0.099554        1.19032e-06        9.20736e-15         6.4469e-16        2.17938e-13         4.7699e-13        0.000535068           0.121621        5.03051e-12        2.48591e-13        4.85108e-16            0.73276
108         0.00272482        2.51136e-05        4.25205e-06             101325           0.169313        4.25205e-06            2003.35                  0                  1        1.30217e-05            4.60754        1.67754e-05        9.17668e-07        7.74969e-05           0.044402          0.0010318           0.099554        1.19032e-06        6.45242e-15        4.51792e-16        1.52728e-13         3.3427e-13        0.000535067           0.121621        5.02922e-12        1.90589e-13        3.39966e-16            0.73276
109         0.00274993        2.51136e-05        4.25205e-06             101325           0.169313        4.25205e-06            2003.35                  0                  1        9.34981e-06            3.31538        1.67754e-05        9.17668e-07        7.74969e-05           0.044402          0.0010318           0.099554        1.19032e-06        4.51847e-15        3.16378e-16        1.06952e-13        2.34081e-13        0.000535067           0.121621        5.02832e-12        1.49872e-13        2.38077e-16            0.73276
110         0.00277505        2.51136e-05        4.25205e-06             101325           0.169313        4.25205e-06            2003.35                  0                  1        6.70061e-06            2.38115        1.67754e-05        9.17668e-07        7.74969e-05           0.044402          0.0010318           0.099554        1.19032e-06        3.16231e-15        2.21421e-16        7.48517e-14        1.63824e-13        0.000535067           0.121621        5.02768e-12         1.2132e-13        1.66629e-16            0.73276
111         0.00280016        2.51136e-05        4.25205e-06             101325           0.169313        4.25205e-06            2003.35                  0                  1        4.79307e-06              1.707        1.67754e-05        9.17668e-07        7.74969e-05           0.044402          0.0010318           0.099554        1.19032e-06        2.21222e-15        1.54897e-16        5.23631e-14        1.14605e-13        0.000535067           0.121621        5.02724e-12        1.01317e-13        1.16574e-16            0.73276
112         0.00282527        2.51136e-05        4.25205e-06             101325           0.169313        4.25205e-06            2003.35                  0                  1        3.42227e-06            1.22149        1.67754e-05        9.17667e-07        7.74969e-05           0.044402          0.0010318           0.099554        1.19032e-06        1.54699e-15        1.08319e-16        3.66172e-14        8.01424e-14        0.000535067           0.121621        5.02693e-12         8.7312e-14        8.15271e-17            0.73276
113         0.00285039        2.51136e-05        4.25205e-06             101325           0.169313        4.25205e-06            2003.35                  0                  1        2.43908e-06           0.872472        1.67754e-05        9.17667e-07        7.74969e-05           0.044402          0.0010318           0.099554        1.19032e-06        1.08115e-15        7.57011e-17        2.55909e-14        5.60095e-14        0.000535067           0.121621        5.02671e-12        7.75046e-14        5.69849e-17            0.73276
114          0.0028755        2.51136e-05        4.25205e-06             101325           0.169313        4.25205e-06            2003.35                  0                  1        1.73523e-06           0.622042        1.67754e-05        9.17667e-07        7.74969e-05           0.044402          0.0010318           0.099554        1.19032e-06        7.55046e-16        5.28675e-17        1.78719e-14        3.91155e-14        0.000535067           0.121621        5.02655e-12        7.06389e-14        3.98043e-17            0.73276
115         0.00290062        2.51136e-05        4.25205e-06             101325           0.169313        4.25205e-06            2003.35                  0                  1        1.23231e-06            0.44269        1.67754e-05        9.17667e-07        7.74969e-05           0.044402          0.0010318           0.099554        1.19032e-06        5.26964e-16        3.68975e-17        1.24732e-14        2.72996e-14        0.000535067           0.121621        5.02645e-12         6.5837e-14         2.7788e-17            0.73276
116         0.00292573        2.51136e-05        4.25205e-06             101325           0.169313        4.25205e-06            2003.35                  0                  1        8.73616e-07           0.314481        1.67754e-05        9.17667e-07        7.74969e-05           0.044402          0.0010318           0.099554        1.19032e-06        3.67584e-16        2.57378e-17         8.7007e-15        1.90428e-14        0.000535067           0.121621        5.02637e-12        6.24815e-14        1.93912e-17            0.73276
117         0.00295084        2.51136e-05        4.25205e-06             101325           0.169313        4.25205e-06            2003.35                  0                  1        6.18263e-07           0.223004        1.67754e-05        9.17667e-07        7.74969e-05           0.044402          0.0010318           0.099554        1.19032e-06        2.56303e-16         1.7946e-17        6.06667e-15        1.32778e-14        0.000535067           0.121621        5.02632e-12        6.01387e-14        1.35284e-17            0.73276
118         0.00297596        2.51136e-05        4.25205e-06             101325           0.169313        4.25205e-06            2003.35                  0                  1        4.36805e-07           0.157856        1.67754e-05        9.17667e-07        7.74969e-05           0.044402          0.0010318           0.099554        1.19032e-06        1.78662e-16        1.25097e-17        4.22892e-15        9.25565e-15        0.000535067           0.121621        5.02628e-12        5.85041e-14        9.43798e-18            0.73276
119         0.00300107        2.51136e-05        4.25205e-06             101325           0.169313        4.25205e-06            2003.35                  0                  1         3.0809e-07           0.111545        1.67754e-05        9.17667e-07        7.74969e-05           0.044402          0.0010318           0.099554        1.19032e-06        1.24536e-16        8.71989e-18        2.94777e-15        6.45164e-15        0.000535067           0.121621        5.02626e-12        5.73646e-14        6.58641e-18            0.73276
120         0.00302618        2.51136e-05        4.25205e-06             101325           0.169313        4.25205e-06            2003.35                  0                  1        2.16946e-07          0.0786823        1.67754e-05        9.17667e-07        7.74969e-05           0.044402          0.0010318           0.099554        1.19032e-06        8.68523e-17         6.0813e-18        2.05579e-15         4.4994e-15        0.000535067           0.121621        5.02624e-12        5.65712e-14        4.60106e-18            0.73276
121          0.0030513        2.51136e-05        4.25205e-06             101325           0.169313        4.25205e-06            2003.35                  0                  1        1.52531e-07          0.0554159        1.67754e-05        9.17667e-07        7.74969e-05           0.044402          0.0010318           0.099554        1.19032e-06        6.06641e-17        4.24763e-18        1.43591e-15        3.14271e-15        0.000535067           0.121621        5.02623e-12        5.60199e-14        3.22136e-18            0.73276
122         0.00307641        2.51136e-05        4.25205e-06             101325           0.169313        4.25205e-06            2003.35                  0                  1        1.07054e-07          0.0389473        1.67754e-05        9.17667e-07        7.74969e-05           0.044402          0.0010318           0.099554        1.19032e-06        4.25607e-17        2.98005e-18         1.0074e-15        2.20486e-15        0.000535067           0.121621        5.02622e-12        5.56387e-14         2.2676e-18            0.73276
123         0.00310152        2.51136e-05        4.25205e-06             101325           0.169313        4.25205e-06            2003.35                  0                  1        7.50348e-08          0.0273378        1.67754e-05        9.17667e-07        7.74969e-05           0.044402          0.0010318           0.099554        1.19032e-06           3.02e-17        2.11457e-18        7.14828e-16        1.56451e-15        0.000535067           0.121621        5.02621e-12        5.53785e-14        1.61638e-18            0.73276
124         0.00312664        2.51136e-05        4.25205e-06             101325           0.169313        4.25205e-06            2003.35                  0                  1        5.25156e-08           0.019155        1.67754e-05        9.17667e-07        7.74969e-05           0.044402          0.0010318           0.099554        1.19032e-06        2.14607e-17        1.50265e-18        5.07969e-16        1.11177e-15        0.000535067           0.121621        5.02621e-12        5.51945e-14        1.15596e-18            0.73276
125         0.00315175        2.51136e-05        4.25205e-06             101325           0.169313        4.25205e-06            2003.35                  0                  1        3.67041e-08          0.0134019        1.67754e-05        9.17667e-07        7.74969e-05           0.044402          0.0010318           0.099554        1.19032e-06        1.52305e-17        1.06641e-18          3.605e-16        7.89005e-16        0.000535067           0.121621        5.02621e-12        5.50633e-14        8.27727e-19            0.73276
126         0.00317686        2.51136e-05        4.25205e-06             101325           0.169313        4.25205e-06            2003.35                  0                  1        2.56072e-08         0.00935378        1.67754e-05        9.17667e-07        7.74969e-05           0.044402          0.0010318           0.099554        1.19032e-06        1.07849e-17        7.55141e-19        2.55273e-16        5.58701e-16        0.000535067           0.121621        5.02621e-12        5.49697e-14        5.93517e-19            0.73276
127         0.00320198        2.51136e-05        4.25205e-06             101325           0.169313        4.25205e-06            2003.35                  0                  1        1.78409e-08         0.00651978        1.67754e-05        9.17667e-07        7.74969e-05           0.044402          0.0010318           0.099554        1.19032e-06        7.62238e-18        5.33704e-19        1.80416e-16        3.94865e-16        0.000535067           0.121621         5.0262e-12        5.49032e-14        4.26902e-19            0.73276
128         0.00322709        2.51136e-05        4.25205e-06             101325           0.169313        4.25205e-06            2003.35                  0                  1        1.24078e-08         0.00453273        1.67754e-05        9.17667e-07        7.74969e-05           0.044402          0.0010318           0.099554        1.19032e-06         5.3788e-18        3.76611e-19        1.27311e-16        2.78635e-16        0.000535067           0.121621         5.0262e-12        5.48559e-14        3.08701e-19            0.73276
129         0.00325221        2.51136e-05        4.25205e-06             101325           0.169313        4.25205e-06            2003.35                  0                  1        8.61793e-09         0.00314612        1.67754e-05        9.17667e-07        7.74969e-05           0.044402          0.0010318           0.099554        1.19032e-06        3.79027e-18        2.65384e-19        8.97104e-17        1.96341e-16        0.000535067           0.121621         5.0262e-12        5.48225e-14         2.2501e-19            0.73276
130         0.00327732        2.51136e-05        4.25205e-06             101325           0.169313        4.25205e-06            2003.35                  0                  1        5.97123e-09         0.00217405        1.67754e-05        9.17667e-07        7.74969e-05           0.044402          0.0010318           0.099554        1.19032e-06         2.6673e-18        1.86755e-19        6.31298e-17        1.38165e-16        0.000535067           0.121621         5.0262e-12        5.47988e-14        1.65848e-19            0.73276
131         0.00330243        2.51136e-05        4.25205e-06             101325           0.169313        4.25205e-06            2003.35                  0                  1        4.13876e-09          0.0015046        1.67754e-05        9.17667e-07        7.74969e-05           0.044402          0.0010318           0.099554        1.19032e-06        1.87457e-18        1.31248e-19        4.43657e-17        9.70971e-17        0.000535067           0.121621         5.0262e-12        5.47821e-14        1.24083e-19            0.73276
132         0.00332755        2.51136e-05        4.25205e-06             101325           0.169313        4.25205e-06            2003.35                  0                  1        2.85566e-09         0.00103029        1.67754e-05        9.17667e-07        7.74969e-05           0.044402          0.0010318           0.099554        1.19032e-06        1.31569e-18        9.21164e-20        3.11372e-17        6.81444e-17        0.000535067           0.121621         5.0262e-12        5.47704e-14        9.46391e-20            0.73276
133         0.00335266        2.51136e-05        4.25205e-06             101325           0.169313        4.25205e-06            2003.35                  0                  1        1.97389e-09        0.000707613        1.67754e-05        9.17667e-07        7.74969e-05           0.044402          0.0010318           0.099554        1.19032e-06        9.22215e-19        6.45655e-20        2.18236e-17        4.77601e-17        0.000535067           0.121621         5.0262e-12        5.47621e-14        7.39091e-20            0.73276
134         0.00337777        2.51136e-05        4.25205e-06             101325           0.169313        4.25205e-06            2003.35                  0                  1        1.35662e-09        0.000478997        1.67754e-05        9.17667e-07        7.74969e-05           0.044402          0.0010318           0.099554        1.19032e-06        6.45558e-19        4.51943e-20        1.52751e-17        3.34278e-17        0.000535067           0.121621         5.0262e-12        5.47563e-14        5.93336e-20            0.73276
135         0.00340289        2.51136e-05        4.25205e-06             101325           0.169313        4.25205e-06            2003.35                  0                  1        9.33956e-10        0.000324123        1.67754e-05        9.17667e-07        7.74969e-05           0.044402          0.0010318           0.099554        1.19032e-06        4.51305e-19        3.15929e-20        1.06771e-17        2.33644e-17        0.000535067           0.121621         5.0262e-12        5.47522e-14        4.90996e-20            0.73276
136           0.003428        2.51136e-05        4.25205e-06             101325           0.169313        4.25205e-06            2003.35                  0                  1        6.38414e-10        0.000213487        1.67754e-05        9.17667e-07        7.74969e-05           0.044402          0.0010318           0.099554        1.19032e-06          3.151e-19         2.2056e-20        7.45317e-18        1.63083e-17        0.000535067           0.121621         5.0262e-12        5.47493e-14        4.19237e-20            0.73276
137         0.00345311        2.51136e-05        4.25205e-06             101325           0.169313        4.25205e-06            2003.35                  0                  1        4.35281e-10        0.000138429        1.67754e-05        9.17667e-07        7.74969e-05           0.044402          0.0010318           0.099554        1.19032e-06        2.19731e-19        1.53784e-20        5.19579e-18        1.13676e-17        0.000535067           0.121621         5.0262e-12        5.47473e-14        3.68993e-20            0.73276
138         0.00347823        2.51136e-05        4.25205e-06             101325           0.169313        4.25205e-06            2003.35                  0                  1        2.91023e-10        8.23169e-05        1.67754e-05        9.17667e-07        7.74969e-05           0.044402          0.0010318           0.099554        1.19032e-06        1.53048e-19        1.07093e-20        3.61742e-18        7.91313e-18        0.000535067           0.121621         5.0262e-12        5.47459e-14        3.33862e-20            0.73276
139         0.00350334        2.51136e-05        4.25205e-06             101325           0.169313        4.25205e-06            2003.35                  0                  1        2.02265e-10        5.31689e-05        1.67754e-05        9.17667e-07        7.74969e-05           0.044402          0.0010318           0.099554        1.19032e-06         1.0649e-19        7.44935e-21        2.51538e-18        5.50114e-18        0.000535067           0.121621         5.0262e-12        5.47449e-14        3.09333e-20            0.73276
140         0.00352845        2.51136e-05        4.25205e-06             101325           0.169313        4.25205e-06            2003.35                  0                  1        1.33427e-10        2.60483e-05        1.67754e-05        9.17667e-07        7.74969e-05           0.044402          0.0010318           0.099554        1.19032e-06        7.40276e-20        5.17638e-21          1.747e-18        3.81942e-18        0.000535067           0.121621         5.0262e-12        5.47442e-14         2.9223e-20            0.73276
141         0.00355357        2.51136e-05        4.25205e-06             101325           0.169313        4.25205e-06            2003.35                  0                  1        9.05434e-11        1.12571e-05        1.67754e-05        9.17667e-07        7.74969e-05           0.044402          0.0010318           0.099554        1.19032e-06        5.14259e-20        3.59383e-21        1.21201e-18        2.64853e-18        0.000535067           0.121621         5.0262e-12        5.47438e-14        2.80323e-20            0.73276
142         0.00357868        2.51136e-05        4.25205e-06             101325           0.169313        4.25205e-06            2003.35                  0                  1        5.39007e-11       -5.10752e-06        1.67754e-05        9.17667e-07        7.74969e-05           0.044402          0.0010318           0.099554        1.19032e-06        3.57119e-20        2.49356e-21        8.40064e-19        1.83446e-18        0.000535067           0.121621         5.0262e-12        5.47434e-14        2.72044e-20            0.73276
143          0.0036038        2.51136e-05        4.25205e-06             101325           0.169313        4.25205e-06            2003.35                  0                  1        3.14986e-11       -1.40727e-05        1.67754e-05        9.17667e-07        7.74969e-05           0.044402          0.0010318           0.099554        1.19032e-06        2.48028e-20        1.72971e-21        5.81845e-19        1.26931e-18        0.000535067           0.121621         5.0262e-12        5.47432e-14        2.66297e-20            0.73276
144         0.00362891        2.51136e-05        4.25205e-06             101325           0.169313        4.25205e-06            2003.35                  0                  1        1.61804e-11       -2.03164e-05        1.67754e-05        9.17667e-07        7.74969e-05           0.044402          0.0010318           0.099554        1.19032e-06        1.72414e-20        1.20027e-21        4.02867e-19        8.77584e-19        0.000535067           0.121621         5.0262e-12         5.4743e-14        2.62313e-20            0.73276
145         0.00365402        2.51136e-05        4.25205e-06             101325           0.169313        4.25205e-06            2003.35                  0                  1        1.23135e-11       -1.87653e-05        1.67754e-05        9.17667e-07        7.74969e-05           0.044402          0.0010318           0.099554        1.19032e-06        1.20101e-20        8.33983e-22        2.79043e-19        6.06577e-19        0.000535067           0.121621         5.0262e-12        5.47429e-14        2.59557e-20            0.73276
146         0.00367914        2.51136e-05        4.25205e-06             101325           0.169313        4.25205e-06            2003.35                  0                  1        4.49985e-12       -2.22287e-05        1.67754e-05        9.17667e-07        7.74969e-05           0.044402          0.0010318           0.099554        1.19032e-06        8.39996e-21        5.81204e-22        1.93591e-19        4.19551e-19        0.000535067           0.121621         5.0262e-12        5.47429e-14        2.57655e-20            0.73276
147         0.00370425        2.51136e-05        4.25205e-06             101325           0.169313        4.25205e-06            2003.35                  0                  1       -2.94205e-12       -2.67676e-05        1.67754e-05        9.17667e-07        7.74969e-05           0.044402          0.0010318           0.099554        1.19032e-06        5.91823e-21        4.07435e-22        1.34848e-19        2.90984e-19        0.000535067           0.121621         5.0262e-12        5.47428e-14        2.56347e-20            0.73276
148         0.00372936        2.51136e-05        4.25205e-06             101325           0.169313        4.25205e-06            2003.35                  0                  1       -2.63033e-12       -2.43502e-05        1.67754e-05        9.17667e-07        7.74969e-05           0.044402          0.0010318           0.099554        1.19032e-06        4.22404e-21         2.8881e-22        9.47465e-20        2.03215e-19        0.000535067           0.121621         5.0262e-12        5.47428e-14        2.55455e-20            0.73276
149         0.00375448        2.51136e-05        4.25205e-06             101325           0.169313        4.25205e-06            2003.35                  0                  1       -6.73471e-12       -2.71519e-05        1.67754e-05        9.17667e-07        7.74969e-05           0.044402          0.0010318           0.099554        1.19032e-06        3.08344e-21        2.08947e-22        6.77486e-20        1.44126e-19        0.000535067           0.121621         5.0262e-12        5.47427e-14        2.54854e-20            0.73276
150         0.00377959        2.51136e-05        4.25205e-06             101325           0.169313        4.25205e-06            2003.35                  0                  1       -6.59699e-12       -2.65206e-05        1.67754e-05        9.17667e-07        7.74969e-05           0.044402          0.0010318           0.099554        1.19032e-06        2.33831e-21        1.56773e-22        5.01113e-20        1.05524e-19        0.000535067           0.121621         5.0262e-12        5.47427e-14        2.54461e-20            0.73276
151          0.0038047        2.51136e-05        4.25205e-06             101325           0.169313        4.25205e-06            2003.35                  0                  1       -6.22208e-12       -2.53267e-05        1.67754e-05        9.17667e-07        7.74969e-05           0.044402          0.0010318           0.099554        1.19032e-06        1.88521e-21        1.25047e-22        3.93863e-20         8.2051e-20        0.000535067           0.121621         5.0262e-12        5.47427e-14        2.54223e-20            0.73276
152         0.00382982        2.51136e-05        4.25205e-06             101325           0.169313        4.25205e-06            2003.35                  0                  1       -8.84908e-12       -2.73206e-05        1.67754e-05        9.17667e-07        7.74969e-05           0.044402          0.0010318           0.099554        1.19032e-06        1.66146e-21        1.09381e-22        3.40902e-20        7.04596e-20        0.000535067           0.121621         5.0262e-12        5.47427e-14        2.54105e-20            0.73276
