# Time 0.000155
# eta = 0.002
# length = 0.00090928
#--- 	  	 LEM Line data  --- 
#(1) wafer              (2) x             (3) dx              (4) m              (5) p            (6) rho              (7) m              (8) T              (9) Z             (10) C          (11) dCdt       (12) heatRel                  (13) Y_H2                  (14) Y_H                  (15) Y_O                  (16) Y_O2                  (17) Y_OH                  (18) Y_H2O                  (19) Y_HO2                  (20) Y_CH2                  (21) Y_CH2(S)                  (22) Y_CH3                  (23) Y_CH4                  (24) Y_CO                  (25) Y_CO2                  (26) Y_HCO                  (27) Y_CH2O                  (28) Y_CH2OH                  (29) Y_N2
0        1.25575e-05         2.5115e-05        2.84214e-05             101325            1.13165        2.84214e-05                300                  0                  0                  0         1.0001e-22        1.87019e-12        7.46388e-22        1.72816e-13           0.222598        4.69048e-13        5.09889e-09        9.26771e-12        1.21496e-21        6.22163e-23        3.90721e-11          0.0446421        5.69051e-11        6.12537e-09        7.64282e-22        8.50114e-12         1.3258e-25            0.73276
1        3.76724e-05         2.5115e-05        2.84214e-05             101325            1.13165        2.84214e-05                300                  0        5.21953e-08        3.56775e-08          0.0261849         5.2698e-12        6.32185e-21         4.0093e-13           0.222598        1.12894e-12        1.40518e-08        2.52276e-11        1.11064e-20        5.75062e-22        1.08189e-10          0.0446421         1.5964e-10        1.68764e-08        6.96867e-21        2.41345e-11        1.24306e-24            0.73276
2        6.27874e-05         2.5115e-05        2.84213e-05             101325            1.13165        2.84213e-05            300.001                  0        1.42334e-07        8.48553e-08          0.0623137        1.72858e-11        5.13032e-20        1.06847e-12           0.222598        3.13689e-12        4.50543e-08         7.9743e-11        9.31871e-20        4.83368e-21        3.48665e-10           0.044642        5.21243e-10         5.4097e-08        5.85601e-20        7.97008e-11        1.04507e-23            0.73276
3        8.79024e-05         2.5115e-05        2.84211e-05             101325            1.13164        2.84211e-05            300.003                  0        4.57014e-07          2.362e-07           0.173654        5.60473e-11        3.96608e-19        2.77844e-12           0.222598         8.5328e-12        1.42677e-07        2.48393e-10         7.4491e-19        3.84494e-20        1.11028e-09           0.044642        1.68199e-09        1.71267e-07        4.69579e-19        2.59978e-10        8.31993e-23            0.73276
4        0.000113017         2.5115e-05        2.84205e-05             101325            1.13162        2.84205e-05            300.009                  0        1.44686e-06        6.42465e-07           0.473655        1.75991e-10         2.8088e-18        6.82144e-12           0.222597        2.20888e-11        4.36731e-07        7.45581e-10        5.49142e-18        2.83209e-19        3.41964e-09          0.0446419        5.25443e-09        5.24088e-07        3.47034e-18        8.20846e-10        6.13244e-22            0.73276
5        0.000138132         2.5115e-05        2.84187e-05             101325            1.13155        2.84187e-05            300.028                  0        4.42672e-06        1.66319e-06            1.23505        5.33405e-10        1.80564e-17        1.56308e-11           0.222596        5.39129e-11        1.28729e-06        2.14723e-09        3.69953e-17        1.91031e-18        1.01495e-08          0.0446415        1.58383e-08        1.54427e-06        2.34375e-17        2.50034e-09         4.1401e-21            0.73276
6        0.000163247         2.5115e-05        2.84139e-05             101325            1.13135        2.84139e-05            300.079                  0         1.3041e-05        4.06321e-06            3.07465         1.5576e-09        1.04238e-16        3.30531e-11           0.222592        1.23059e-10        3.64548e-06        5.91636e-09        2.25847e-16        1.16728e-17        2.89643e-08          0.0446404        4.59823e-08        4.37156e-06        1.43528e-16        7.33346e-09        2.53545e-20            0.73276
7        0.000188362         2.5115e-05        2.84012e-05             101325            1.13085        2.84012e-05            300.213                  0        3.69092e-05        9.30795e-06            7.38804        4.37408e-09        5.32802e-16        6.35343e-11           0.222581        2.60211e-10         9.8954e-06        1.55498e-08        1.23355e-15        6.38062e-17        7.92945e-08          0.0446376        1.28354e-07        1.18612e-05        7.87295e-16        2.06705e-08        1.39244e-19            0.73276
8        0.000213477         2.5115e-05        2.83691e-05             101325            1.12957        2.83691e-05            300.552                  0        0.000100124        1.98906e-05            17.6685         1.1789e-08        2.36094e-15        1.08651e-10           0.222553        5.03358e-10        2.56788e-05        3.88528e-08        5.92562e-15        3.07125e-16        2.07714e-07          0.0446304        3.43833e-07        3.07646e-05        3.80502e-15        5.58719e-08        6.76793e-19            0.73276
9        0.000238592         2.5115e-05        2.82929e-05             101325            1.12653        2.82929e-05            301.362                  0         0.00025965        3.95366e-05            44.3001        3.04225e-08         8.8534e-15        1.60218e-10           0.222486        8.75969e-10        6.35088e-05        9.19259e-08         2.4512e-14        1.27567e-15        5.19042e-07          0.0446132        8.82003e-07        7.60419e-05        1.58919e-14        1.44456e-07         2.8681e-18            0.73276
10        0.000263707         2.5115e-05        2.81224e-05             101325            1.11975        2.81224e-05            303.189                  0        0.000641736        7.32817e-05            121.833        7.49449e-08        2.72692e-14        1.94776e-10           0.222334        1.34128e-09        0.000149116        2.04995e-07        8.48921e-14        4.45442e-15        1.23249e-06          0.0445743        2.16078e-06        0.000178417        5.59399e-14        3.56108e-07        1.04294e-17            0.73276
11        0.000288822         2.5115e-05        2.77691e-05             101325            1.10568        2.77691e-05            307.046                  0         0.00150587         0.00012773            364.649        1.75529e-07        6.69834e-14         1.8382e-10           0.222013        1.75911e-09        0.000330711        4.28509e-07        2.37718e-13        1.26725e-14        2.76708e-06          0.0444917         5.0372e-06        0.000395352        1.61147e-13        8.33401e-07        3.21233e-17            0.73276
12        0.000313937         2.5115e-05        2.71025e-05             101325            1.07914        2.71025e-05            314.595                  0         0.00333837        0.000210324            1129.47        3.88696e-07        1.30188e-13        1.26207e-10           0.221381        1.93195e-09        0.000688263        8.34687e-07        5.21193e-13        2.85985e-14        5.83539e-06          0.0443289        1.11185e-05        0.000821914        3.71152e-13        1.84078e-06        8.42741e-17            0.73276
13        0.000339052         2.5115e-05        2.59848e-05             101325            1.03464        2.59848e-05            328.123                  0         0.00694722        0.000321925            3462.44          8.083e-07        2.14615e-13        6.09628e-11            0.22024        1.81034e-09         0.00133391        1.50788e-06        9.06577e-13         5.2267e-14        1.14712e-05          0.0440347        2.30931e-05         0.00159081        7.02167e-13        3.80953e-06        2.03843e-16            0.73276
14        0.000364167         2.5115e-05         2.4356e-05             101325           0.969779         2.4356e-05             350.06                  0          0.0134693        0.000452103            10147.6        1.56834e-06        3.85448e-13        2.16096e-11           0.218372        1.70072e-09         0.00239141        2.52454e-06        1.48433e-12        9.25151e-14        2.08796e-05          0.0435523        4.48656e-05         0.00284727        1.32105e-12         7.3352e-06        5.87585e-16            0.73276
15        0.000389282         2.5115e-05        2.23117e-05             101325           0.888382        2.23117e-05            382.122                  0          0.0241648         0.00065613            27327.2        2.83062e-06        1.06027e-12        6.55093e-12           0.215609        2.24047e-09         0.00395638        3.94114e-06        3.17194e-12        2.18091e-13        3.51032e-05          0.0428374        8.13002e-05         0.00470099        3.41653e-12        1.30936e-05         2.5528e-15            0.73276
16        0.000414397         2.5115e-05        2.00757e-05             101325           0.799354        2.00757e-05            424.659                  0           0.040006         0.00133866            65805.2        4.76395e-06        4.01069e-12        3.40119e-12            0.21189        4.39231e-09          0.0060644        5.80781e-06        8.99974e-12        6.76303e-13        5.47267e-05          0.0418729         0.00013773         0.00718808        1.17795e-11        2.17161e-05        1.36396e-14            0.73276
17        0.000439512         2.5115e-05        1.78821e-05             101325           0.712008        1.78821e-05             476.72                  0          0.0613301         0.00393405             142640         7.5311e-06        1.53911e-11        7.98862e-12            0.20726        9.77179e-09         0.00869085        8.19544e-06        2.65802e-11        2.14015e-12        7.98404e-05          0.0406688        0.000219645          0.0102712        4.18097e-11        3.37127e-05        6.93024e-14            0.73276
18        0.000464627         2.5115e-05        1.58854e-05             101325           0.632508        1.58854e-05            536.588                  0          0.0878236          0.0125175             287689        1.12895e-05          5.361e-11        3.13955e-11           0.201833        2.09388e-08          0.0117734        1.12127e-05        7.24141e-11        6.12386e-12        0.000110213          0.0392524        0.000332739           0.013867        1.35994e-10        4.94675e-05        3.06431e-13            0.73276
19        0.000489742         2.5115e-05        1.41497e-05             101325           0.563397        1.41497e-05            602.335                  0           0.118764          0.0367107             558433        1.61997e-05        1.68834e-10        1.26966e-10           0.195743        4.12434e-08          0.0152362        1.50087e-05         1.7811e-10        1.55121e-11        0.000145498          0.0376568        0.000483154           0.017875         3.9728e-10         6.9269e-05        1.17033e-12            0.73276
20        0.000514857         2.5115e-05        1.26776e-05             101325           0.504784        1.26776e-05            672.168                  0           0.153287          0.0947899         1.0589e+06        2.24349e-05        4.91133e-10        4.94287e-10           0.189126         7.4686e-08          0.0190051        1.97689e-05        4.02092e-10        3.53824e-11        0.000185378          0.0359147        0.000677776          0.0221958        1.05505e-09        9.33334e-05        3.95382e-12           0.732759
21        0.000539972         2.5115e-05        1.14425e-05             101325           0.455604        1.14425e-05            744.581                  0           0.190557           0.215585        1.95925e+06        3.01879e-05        1.34066e-09        1.80283e-09           0.182101        1.27102e-07          0.0230144        2.57079e-05        8.61624e-10        7.52325e-11        0.000229639          0.0340547        0.000924457           0.026739        2.60186e-09        0.000121814         1.2235e-11           0.732759
22        0.000565087         2.5115e-05        1.04082e-05             101325           0.414421        1.04082e-05            818.378                  0           0.229838           0.442176        3.52951e+06        3.96746e-05        3.44932e-09        6.05682e-09           0.174768        2.10453e-07          0.0272087        3.30582e-05        1.82232e-09        1.55466e-10        0.000278201          0.0321005         0.00123215          0.0314254         6.0796e-09        0.000154806        3.58139e-11           0.732759
23        0.000590202         2.5115e-05        9.53939e-06             101325           0.379829        9.53939e-06             892.65                  0           0.270504           0.849253        6.22398e+06        5.11347e-05        8.37016e-09        1.86186e-08           0.167214        3.53075e-07          0.0315421        4.20516e-05        3.92844e-09        3.24292e-10        0.000331127          0.0300716         0.00161096          0.0361856          1.366e-08        0.000192352        1.01236e-10           0.732759
24        0.000615316         2.5115e-05        8.80529e-06             101325           0.350599        8.80529e-06            966.733                  0           0.312033            1.59863        1.08821e+07        6.48298e-05        1.92527e-08        5.25469e-08           0.159508        6.21822e-07          0.0359772        5.28862e-05        8.75556e-09        6.98108e-10        0.000388624          0.0279834         0.00207201          0.0409592        2.97818e-08        0.000234455        2.78431e-10           0.732759
25        0.000640431         2.5115e-05        8.18027e-06             101325           0.325713        8.18027e-06            1040.17                  0           0.353985            3.08021        1.91727e+07        8.10338e-05        4.24428e-08        1.37678e-07           0.151711         1.1688e-06          0.0404827        6.56694e-05        2.00654e-08        1.55241e-09        0.000451005          0.0258484         0.00262716          0.0456923        6.33205e-08        0.000281079        7.43985e-10           0.732759
26        0.000665546         2.5115e-05        7.64362e-06             101325           0.304345        7.64362e-06            1112.65                  0           0.395983            6.23155        3.45326e+07        0.000100035        9.09281e-08        3.39964e-07           0.143867        2.32952e-06           0.045036         8.0341e-05        4.65345e-08        3.51806e-09        0.000518657          0.0236752           0.003289          0.0503407        1.31724e-07        0.000332175        1.92301e-09           0.732758
27        0.000690661         2.5115e-05        7.17877e-06             101325           0.285836        7.17877e-06            1184.02                  0           0.437739            13.2218         6.4086e+07         0.00012214        1.91538e-07        8.02678e-07           0.136001        4.82556e-06          0.0496253        9.65573e-05        1.07432e-07        7.98726e-09        0.000591888          0.0214671         0.00407112          0.0548725        2.68836e-07        0.000387688        4.79046e-09           0.732758
28        0.000715776         2.5115e-05        6.77246e-06             101325           0.269659        6.77246e-06            1254.21                  0           0.479081            28.8382        1.22392e+08        0.000147649        3.98996e-07        1.83101e-06           0.128125        1.01644e-05          0.0542463        0.000113517        2.43701e-07        1.79027e-08        0.000670454          0.0192248         0.00498743          0.0592653        5.38958e-07        0.000447432        1.14704e-08           0.732758
29        0.000740891         2.5115e-05        6.41424e-06             101325           0.255395        6.41424e-06            1323.23                  0           0.519906            63.0709        2.38218e+08          0.0001768        8.21349e-07        4.05655e-06           0.120242        2.13812e-05          0.0588981        0.000129769        5.37746e-07        3.91605e-08        0.000752635           0.016948         0.00605089          0.0635043         1.0597e-06        0.000510817        2.63282e-08           0.732758
30        0.000766006         2.5115e-05        6.09591e-06             101325            0.24272        6.09591e-06            1391.08                  0           0.560158            135.349        4.65445e+08        0.000209655        1.66132e-06        8.73606e-06           0.112351        4.42924e-05          0.0635776         0.00014312        1.14359e-06        8.27405e-08        0.000833636          0.0146403         0.00727093           0.067581        2.03216e-06        0.000576328        5.76908e-08           0.732758
31        0.000791121         2.5115e-05        5.81142e-06             101325           0.231393        5.81142e-06            1457.69                  0           0.599795            279.949        8.96893e+08        0.000245884        3.27126e-06        1.82435e-05           0.104459        8.93089e-05          0.0682704        0.000150841         2.3178e-06        1.66884e-07        0.000903334          0.0123146         0.00864777          0.0714924         3.7609e-06        0.000640553        1.19753e-07           0.732758
32        0.000816236         2.5115e-05        5.55679e-06             101325           0.221254        5.55679e-06            1522.74                  0           0.638736            548.744        1.67111e+09        0.000284336        6.19255e-06        3.67553e-05          0.0965985        0.000173275          0.0729349        0.000150417        4.40344e-06        3.15977e-07        0.000944328          0.0100038          0.0101608          0.0752402        6.60569e-06         0.00069666         2.3215e-07           0.732758
33        0.000841351         2.5115e-05        5.33042e-06             101325           0.212241        5.33042e-06            1585.45                  0           0.676781            1000.04        2.94158e+09        0.000322396        1.10861e-05        7.08919e-05          0.0888608        0.000319335          0.0774811        0.000140722        7.64133e-06        5.47352e-07        0.000933479         0.00777214          0.0117481          0.0788297        1.07462e-05        0.000732713        4.10145e-07           0.732758
34        0.000866466         2.5115e-05        5.13314e-06             101325           0.204386        5.13314e-06            1644.33                  0           0.713503            1655.15         4.7534e+09        0.000355377        1.83899e-05          0.0001295          0.0814283        0.000550889          0.0817536        0.000122889        1.16684e-05        8.36136e-07        0.000852055          0.0057201           0.013281          0.0822693        1.56831e-05        0.000732005        6.36796e-07           0.732758
35        0.000891581         2.5115e-05        4.96741e-06             101325           0.197787        4.96741e-06            1697.29                  0           0.748163            2423.32        6.81448e+09        0.000376968        2.76784e-05        0.000220946          0.0745807        0.000876986          0.0855461         0.00010014        1.50451e-05        1.08149e-06        0.000704023         0.00396543          0.0145596          0.0855672        1.98574e-05        0.000679753        8.34625e-07           0.732758
36        0.000916696         2.5115e-05        4.83488e-06             101325            0.19251        4.83488e-06            1742.38                  0           0.779801            3072.18        8.38545e+09        0.000381994        3.73021e-05        0.000346506          0.0686175         0.00127646          0.0886739        7.66302e-05        1.60147e-05         1.1581e-06        0.000524188         0.00259482          0.0153709          0.0887256        2.13671e-05        0.000576757         9.0395e-07           0.732759
37        0.000941811         2.5115e-05        4.73376e-06             101325           0.188484        4.73376e-06            1778.86                  0           0.807591            3354.35        8.71119e+09        0.000370222        4.51505e-05        0.000493194          0.0637234         0.00169845          0.0910645        5.58693e-05        1.42975e-05         1.0421e-06        0.000357222          0.0016193          0.0155994          0.0917326        1.96415e-05        0.000446197        8.21914e-07           0.732759
38        0.000966926         2.5115e-05        4.65852e-06             101325           0.185488        4.65852e-06            1807.59                  0           0.831251            3202.76        7.72719e+09        0.000346747        4.99674e-05        0.000636261          0.0598943         0.00208559          0.0927836        3.96301e-05        1.11846e-05        8.22015e-07        0.000228927        0.000977822          0.0152852          0.0945644        1.58749e-05        0.000319457        6.54448e-07           0.732759
39        0.000992041         2.5115e-05        4.60222e-06             101325           0.183246        4.60222e-06            1830.29                  0             0.8511            2755.29        6.04521e+09        0.000318222        5.17232e-05        0.000752611          0.0569805         0.00239959          0.0939786        2.79883e-05        8.03294e-06        5.94866e-07        0.000141605        0.000579381          0.0145752          0.0971971        1.17043e-05        0.000216528        4.77393e-07            0.73276
40         0.00101716         2.5115e-05        4.55877e-06             101325           0.181516        4.55877e-06            1848.73                  0           0.867778             2208.7        4.33107e+09        0.000289494        5.10696e-05        0.000830788          0.0547783         0.00262839          0.0948072        2.00863e-05        5.48868e-06        4.08984e-07        8.61768e-05        0.000340571          0.0136341           0.099617        8.12696e-06        0.000141883        3.30314e-07            0.73276
41         0.00104227         2.5115e-05        4.52383e-06             101325           0.180125        4.52383e-06            1864.25                  0            0.88196            1698.01         2.9375e+09        0.000262914        4.87787e-05        0.000870664          0.0530979           0.002778          0.0953971        1.48647e-05        3.65101e-06         2.7332e-07        5.22493e-05        0.000200178          0.0125918           0.101824        5.43643e-06        9.12768e-05        2.21805e-07           0.732761
42         0.00106739         2.5115e-05        4.49459e-06             101325            0.17896        4.49459e-06            1877.73                  0           0.894206            1278.18        1.93528e+09        0.000239133        4.54954e-05        0.000878341          0.0517899         0.00286193           0.095838        1.14305e-05        2.39778e-06        1.80062e-07        3.18159e-05        0.000118305          0.0115336           0.103826        3.55575e-06        5.82459e-05        1.46611e-07           0.732761
43          0.0010925         2.5115e-05        4.46933e-06             101325           0.177955        4.46933e-06            1889.73                  0           0.904939            954.601        1.26179e+09        0.000217996        4.16919e-05        0.000861746          0.0507468         0.00289461          0.0961874        9.14296e-06         1.5679e-06        1.17942e-07         1.9559e-05        7.05763e-05          0.0105086           0.105639        2.29541e-06         3.7112e-05        9.62224e-08           0.732761
44         0.00111762         2.5115e-05        4.44702e-06             101325           0.177067        4.44702e-06            1900.58                  0           0.914462            712.633         8.2445e+08        0.000199092         3.7693e-05        0.000828289          0.0498945         0.00288856          0.0964807        7.57822e-06        1.02598e-06        7.72075e-08        1.21799e-05        4.26173e-05         0.00954202           0.107279        1.47135e-06        2.37096e-05        6.30385e-08           0.732761
45         0.00114273         2.5115e-05        4.42705e-06             101325           0.176271        4.42705e-06            1910.49                  0           0.922992            533.668        5.43899e+08        0.000182006        3.37141e-05        0.000784016           0.049183         0.00285378          0.0967384         6.4679e-06        6.73882e-07        5.06731e-08        7.69884e-06        2.60984e-05         0.00864453           0.108762         9.4017e-07        1.52281e-05        4.13606e-08           0.732761
46         0.00116785         2.5115e-05        4.40901e-06             101325           0.175553        4.40901e-06            1919.57                  0           0.930685            401.374        3.63459e+08        0.000166408        2.98932e-05         0.00073352          0.0485784         0.00279795          0.0969723        5.64572e-06        4.45063e-07        3.34092e-08        4.94516e-06        1.62291e-05         0.00781887           0.110104        6.00496e-07         9.8493e-06        2.72344e-08           0.732761
47         0.00119296         2.5115e-05        4.39265e-06             101325           0.174902        4.39265e-06            1927.92                  0           0.937655            303.141        2.45984e+08        0.000152062        2.63142e-05        0.000680141          0.0480576         0.00272692          0.0971889        5.00969e-06        2.95874e-07        2.21542e-08        3.22923e-06        1.02557e-05         0.00706354           0.111318        3.84131e-07        6.42197e-06        1.80213e-08           0.732761
48         0.00121808         2.5115e-05        4.37779e-06             101325            0.17431        4.37779e-06            1935.58                  0           0.943989            229.749        1.68154e+08         0.00013881        2.30235e-05        0.000626238          0.0476046         0.00264512          0.0973917        4.49736e-06        1.98118e-07        1.47878e-08        2.14377e-06         6.5888e-06         0.00637498           0.112416        2.46482e-07        4.22434e-06        1.19952e-08           0.732761
49         0.00124319         2.5115e-05        4.36427e-06             101325           0.173772        4.36427e-06            1942.62                  0           0.949755            174.588        1.15593e+08         0.00012655        2.00421e-05        0.000573434          0.0472079           0.002556          0.0975824        4.07043e-06        1.33681e-07        9.94217e-09        1.44642e-06        4.30423e-06         0.00574884           0.113411        1.58857e-07        2.80499e-06        8.03721e-09           0.732761
50         0.00126831         2.5115e-05        4.35199e-06             101325           0.173283        4.35199e-06            1949.07                  0           0.955005            132.928        7.94596e+07        0.000115215        1.73731e-05        0.000522809          0.0468588         0.00246224          0.0977619        3.70525e-06        9.09342e-08        6.73641e-09        9.91483e-07        2.85919e-06         0.00518056            0.11431        1.02962e-07        1.88115e-06        5.42473e-09           0.732761
51         0.00129342         2.5115e-05        4.34086e-06             101325            0.17284        4.34086e-06            1954.96                  0           0.959786            101.362        5.42649e+07        0.000104757        1.50079e-05        0.000475057           0.046551           0.002366          0.0979304        3.38705e-06        6.23861e-08        4.60252e-09        6.90204e-07        1.93122e-06         0.00466567           0.115124         6.7192e-08        1.27491e-06        3.69084e-09           0.732761
52         0.00131854         2.5115e-05        4.33078e-06             101325           0.172438        4.33078e-06            1960.33                  0           0.964136            77.4058         3.6538e+07        9.51407e-05        1.29305e-05        0.000430585          0.0462791         0.00226901          0.0980882        3.10649e-06        4.31893e-08        3.17287e-09        4.87789e-07        1.32629e-06         0.00419995           0.115858        4.42033e-08        8.73693e-07        2.53317e-09           0.732761
53         0.00134365         2.5115e-05        4.32167e-06             101325           0.172075        4.32167e-06            1965.21                  0           0.968089            59.2212        2.40286e+07        8.63323e-05        1.11197e-05        0.000389602          0.0460391         0.00217269          0.0982353         2.8575e-06         3.0189e-08        2.20849e-09        3.49902e-07         9.2609e-07         0.00377947           0.116521        2.93505e-08        6.05817e-07        1.75523e-09           0.732761
54         0.00136877         2.5115e-05        4.31346e-06             101325           0.171748        4.31346e-06            1969.63                  0           0.971675            45.4318        1.52348e+07         7.8299e-05        9.55229e-06        0.000352169          0.0458272         0.00207821          0.0983719        2.63599e-06        2.13201e-08        1.55324e-09        2.54715e-07        6.57451e-07         0.00340058           0.117117        1.96937e-08        4.25311e-07        1.22881e-09           0.732761
55         0.00139388         2.5115e-05        4.30608e-06             101325           0.171455        4.30608e-06            1973.63                  0           0.974921            34.9953        9.12266e+06        7.10058e-05        8.20373e-06        0.000318241          0.0456404         0.00198651          0.0984983        2.43903e-06        1.52227e-08        1.10459e-09        1.88153e-07        4.74527e-07         0.00305987           0.117653        1.33692e-08        3.02497e-07        8.69914e-10           0.732761
56           0.001419         2.5115e-05        4.29946e-06             101325           0.171191        4.29946e-06            1977.23                  0           0.977853            27.1152        4.95914e+06        6.44147e-05         7.0498e-06        0.000287703           0.045476         0.00189838          0.0986145        2.26437e-06        1.09961e-08        7.94866e-10        1.41015e-07        3.48189e-07         0.00275418           0.118134        9.19228e-09        2.18076e-07        6.23217e-10           0.732761
57         0.00144411         2.5115e-05        4.29354e-06             101325           0.170956        4.29354e-06            1980.46                  0           0.980494            21.1796         2.2114e+06        5.84853e-05        6.06717e-06        0.000260386          0.0453316         0.00181442          0.0987209        2.11012e-06         8.0405e-09        5.79128e-10         1.0721e-07         2.5969e-07         0.00248057           0.118564        6.40772e-09        1.59416e-07        4.52131e-10           0.732761
58         0.00146923         2.5115e-05        4.28827e-06             101325           0.170746        4.28827e-06            1983.35                  0           0.982868            16.7168             484493         5.3175e-05        5.23395e-06        0.000236089          0.0452049         0.00173509           0.098818        1.97458e-06        5.95393e-09        4.27406e-10        8.26588e-08        1.96807e-07         0.00223629           0.118948        4.53192e-09        1.18188e-07        3.32328e-10           0.732761
59         0.00149434         2.5115e-05        4.28358e-06             101325           0.170559        4.28358e-06            1985.92                  0           0.984994             13.363            -517726        4.84398e-05        4.53001e-06         0.00021459          0.0450941         0.00166072           0.098906        1.85616e-06        4.46577e-09         3.1959e-10        6.45961e-08        1.51476e-07         0.00201877            0.11929        3.25379e-09          8.886e-08        2.47553e-10           0.732761
60         0.00151945         2.5115e-05        4.27943e-06             101325           0.170394        4.27943e-06            1988.21                  0           0.986893            10.8384        -1.0182e+06        4.42351e-05        3.93714e-06        0.000195657          0.0449973         0.00159154          0.0989856        1.75332e-06        3.39268e-09        2.42114e-10          5.113e-08        1.18312e-07         0.00182561           0.119594        2.37206e-09        6.77313e-08        1.86881e-10            0.73276
61         0.00154457         2.5115e-05        4.27576e-06             101325           0.170248        4.27576e-06            1990.24                  0           0.988585            8.92863       -1.18411e+06        4.05167e-05        3.43912e-06        0.000179058           0.044913         0.00152763          0.0990571        1.66453e-06        2.60977e-09        1.85772e-10        4.09531e-08        9.36805e-08         0.00165457           0.119862         1.7557e-09        5.23074e-08        1.42931e-10            0.73276
62         0.00156968         2.5115e-05        4.27253e-06             101325           0.170119        4.27253e-06            1992.03                  0           0.990087            7.47098       -1.13931e+06        3.72411e-05        3.02164e-06        0.000164562          0.0448397         0.00146901          0.0991212        1.58833e-06        2.03147e-09        1.44281e-10         3.3154e-08        7.51034e-08         0.00150354             0.1201        1.31881e-09        4.08936e-08        1.10685e-10            0.73276
63          0.0015948         2.5115e-05        4.26969e-06             101325           0.170006        4.26969e-06             1993.6                  0           0.991416            6.34296            -973757        3.43664e-05        2.67225e-06        0.000151951          0.0447761         0.00141559          0.0991782         1.5233e-06        1.59879e-09        1.13325e-10        2.70923e-08         6.0873e-08         0.00137059           0.120309        1.00461e-09        3.23293e-08        8.67098e-11            0.73276
64         0.00161991         2.5115e-05        4.26721e-06             101325           0.169907        4.26721e-06            1994.98                  0           0.992588            5.45361            -750878        3.18528e-05         2.3802e-06        0.000141016           0.044721         0.00136723          0.0992289         1.4681e-06         1.2708e-09        8.99185e-11        2.23145e-08        4.98025e-08          0.0012539           0.120492        7.75304e-10        2.58132e-08        6.86414e-11            0.73276
65         0.00164503         2.5115e-05        4.26505e-06             101325           0.169821        4.26505e-06            1996.19                  0           0.993619            4.73642            -513529        2.96624e-05        2.13629e-06        0.000131564          0.0446734         0.00132372          0.0992737        1.42147e-06        1.01891e-09        7.19851e-11        1.84974e-08          4.106e-08         0.00115179           0.120652        6.05455e-10        2.07876e-08        5.48394e-11            0.73276
66         0.00167014         2.5115e-05        4.26317e-06             101325           0.169746        4.26317e-06            1997.24                  0           0.994523            4.14359            -288919        2.77602e-05        1.93269e-06        0.000123417          0.0446325         0.00128479          0.0993131        1.38225e-06        8.22985e-10        5.80665e-11         1.5409e-08        3.40575e-08         0.00106271           0.120792        4.77815e-10        1.68606e-08         4.4157e-11            0.73276
67         0.00169526         2.5115e-05        4.26154e-06             101325           0.169681        4.26154e-06            1998.15                  0           0.995312            3.64143           -92655.2        2.61137e-05         1.7628e-06        0.000116414          0.0445972         0.00125018          0.0993476        1.34938e-06        6.68768e-10        4.71317e-11        1.28814e-08        2.83755e-08        0.000985241           0.120914        3.80552e-10        1.37544e-08        3.57859e-11            0.73276
68         0.00172037         2.5115e-05        4.26013e-06             101325           0.169625        4.26013e-06            1998.94                  0           0.995999            3.20677            67965.3        2.46929e-05        1.62105e-06         0.00011041           0.044567         0.00121956          0.0993778        1.32193e-06        5.46037e-10        3.84445e-11        1.07923e-08        2.37126e-08        0.000918076           0.121019        3.05466e-10        1.12703e-08        2.91507e-11            0.73276
69         0.00174549         2.5115e-05        4.25891e-06             101325           0.169577        4.25891e-06            1999.62                  0           0.996595            2.82395             191325        2.34708e-05        1.50279e-06        0.000105273          0.0445411         0.00119263           0.099404        1.29907e-06         4.4741e-10         3.1474e-11        9.05128e-09        1.98494e-08        0.000860025           0.121111        2.46806e-10        9.26437e-09        2.38376e-11            0.73276
70          0.0017706         2.5115e-05        4.25787e-06             101325           0.169535        4.25787e-06             2000.2                  0           0.997111            2.48267             279439        2.24228e-05        1.40413e-06        0.000100889           0.044519         0.00116904          0.0994267        1.28008e-06        3.67486e-10         2.5833e-11        7.59126e-09        1.66246e-08        0.000810008           0.121189         2.0049e-10        7.63131e-09        1.95457e-11            0.73276
71         0.00179572         2.5115e-05        4.25698e-06             101325             0.1695        4.25698e-06             2000.7                  0           0.997555            2.17623             336412        2.15266e-05        1.32182e-06        9.71558e-05          0.0445002          0.0011485          0.0994463        1.26433e-06        3.02271e-10        2.12356e-11        6.36131e-09        1.39175e-08        0.000767046           0.121257        1.63583e-10        6.29294e-09        1.60534e-11            0.73276
72         0.00182083         2.5115e-05        4.25622e-06             101325            0.16947        4.25622e-06            2001.13                  0           0.997937            1.90027             367328        2.07625e-05        1.25315e-06        9.39833e-05          0.0444842         0.00113069          0.0994631        1.25128e-06        2.48766e-10        1.74675e-11         5.3222e-09        1.16365e-08        0.000730259           0.121314        1.33945e-10        5.19047e-09        1.31953e-11            0.73276
73         0.00184595         2.5115e-05        4.25558e-06             101325           0.169444        4.25558e-06            2001.49                  0           0.998264            1.65188             377486        2.01129e-05        1.19588e-06        9.12931e-05          0.0444707         0.00111531          0.0994776        1.24049e-06        2.04691e-10        1.43663e-11        4.44316e-09        9.71061e-09        0.000698855           0.121364        1.09994e-10        4.27897e-09        1.08458e-11            0.73276
74         0.00187106         2.5115e-05        4.25503e-06             101325           0.169422        4.25503e-06             2001.8                  0           0.998544            1.42896             371910        1.95622e-05        1.14813e-06        8.90169e-05          0.0444592         0.00110209          0.0994899        1.23157e-06        1.68283e-10        1.18065e-11        3.69949e-09        8.08349e-09        0.000672128           0.121406        9.05427e-11        3.52357e-09        8.90854e-12            0.73276
75         0.00189618         2.5115e-05        4.25457e-06             101325           0.169404        4.25457e-06            2002.06                  0           0.998781            1.22982             355067        1.90965e-05        1.10833e-06         8.7095e-05          0.0444496         0.00109077          0.0995004        1.22421e-06         1.3816e-10        9.69003e-12        3.07102e-09        6.70963e-09        0.000649452           0.121441         7.4689e-11        2.89677e-09        7.30824e-12            0.73276
76         0.00192129         2.5115e-05        4.25418e-06             101325           0.169388        4.25418e-06            2002.28                  0           0.998983            1.05295             330737        1.87039e-05        1.07519e-06         8.5476e-05          0.0444414         0.00108112          0.0995093        1.21813e-06        1.13222e-10        7.93884e-12        2.54093e-09        5.55146e-09        0.000630271           0.121471        6.17352e-11        2.37659e-09        5.98519e-12            0.73276
77         0.00194641         2.5115e-05        4.25385e-06             101325           0.169375        4.25385e-06            2002.46                  0           0.999154            0.89685             301982        1.83738e-05        1.04762e-06        8.41151e-05          0.0444346         0.00107292          0.0995168        1.21312e-06        9.25833e-11         6.4902e-12          2.095e-09        4.57746e-09        0.000614095           0.121497        5.11355e-11        1.94517e-09        4.89146e-12            0.73276
78         0.00197152         2.5115e-05        4.25358e-06             101325           0.169364        4.25358e-06            2002.62                  0           0.999298           0.759995             271185        1.80969e-05        1.02469e-06        8.29738e-05          0.0444289         0.00106598          0.0995232        1.20899e-06        7.55195e-11        5.29298e-12        1.72106e-09         3.7608e-09        0.000600492           0.121518        4.24573e-11        1.58784e-09        3.98806e-12            0.73276
79         0.00199664         2.5115e-05        4.25335e-06             101325           0.169355        4.25335e-06            2002.75                  0           0.999419           0.640817             240119        1.78654e-05        1.00567e-06        8.20188e-05          0.0444242         0.00106013          0.0995285        1.20559e-06        6.14344e-11        4.30509e-12         1.4086e-09        3.07841e-09        0.000589089           0.121536        3.53539e-11        1.29247e-09        3.24297e-12            0.73276
80         0.00202175         2.5115e-05        4.25316e-06             101325           0.169348        4.25316e-06            2002.86                  0            0.99952           0.537721             210045        1.76722e-05        9.89888e-07        8.12217e-05          0.0444202         0.00105522           0.099533         1.2028e-06        4.98327e-11         3.4916e-12        1.14853e-09        2.51038e-09        0.000579556           0.121551        2.95445e-11        1.04888e-09        2.62967e-12            0.73276
81         0.00204687         2.5115e-05          4.253e-06             101325           0.169341          4.253e-06            2002.95                  0           0.999605           0.449112             181798        1.75115e-05        9.76827e-07        8.05579e-05          0.0444169          0.0010511          0.0995367         1.2005e-06        4.03006e-11        2.82339e-12        9.32933e-10        2.03942e-09        0.000571611           0.121564        2.48002e-11         8.4855e-10        2.12607e-12            0.73276
82         0.00207198         2.5115e-05        4.25287e-06             101325           0.169336        4.25287e-06            2003.02                  0           0.999676           0.373427             155885        1.73781e-05        9.66032e-07        8.00064e-05          0.0444142         0.00104766          0.0995398        1.19861e-06        3.24909e-11        2.27604e-12        7.54951e-10        1.65057e-09        0.000565007           0.121574        2.09328e-11        6.84299e-10        1.71367e-12            0.73276
83          0.0020971         2.5115e-05        4.25276e-06             101325           0.169332        4.25276e-06            2003.08                  0           0.999734           0.309166             132556        1.72678e-05        9.57127e-07        7.95495e-05          0.0444119          0.0010448          0.0995424        1.19706e-06        2.61119e-11        1.82903e-12        6.08641e-10        1.33086e-09        0.000559534           0.121583        1.77872e-11        5.50061e-10        1.37695e-12            0.73276
84         0.00212221         2.5115e-05        4.25267e-06             101325           0.169328        4.25267e-06            2003.13                  0           0.999783            0.25491             111878        1.71766e-05        9.49795e-07        7.91717e-05          0.0444101         0.00104243          0.0995445        1.19579e-06        2.09184e-11        1.46515e-12        4.88876e-10        1.06911e-09        0.000555011            0.12159         1.5235e-11        4.40722e-10        1.10291e-12            0.73276
85         0.00214733         2.5115e-05         4.2526e-06             101325           0.169325         4.2526e-06            2003.17                  0           0.999823            0.20935            93789.3        1.71016e-05         9.4377e-07        7.88602e-05          0.0444085         0.00104046          0.0995463        1.19475e-06        1.67041e-11        1.16991e-12        3.91253e-10         8.5571e-10        0.000551283           0.121596        1.31699e-11        3.51971e-10        8.80594e-13            0.73276
86         0.00217244         2.5115e-05        4.25254e-06             101325           0.169323        4.25254e-06            2003.21                  0           0.999856           0.171286            78143.6          1.704e-05        9.38829e-07        7.86041e-05          0.0444073         0.00103884          0.0995477         1.1939e-06        1.32962e-11        9.31188e-13        3.12008e-10        6.82459e-10         0.00054822             0.1216        1.15037e-11        2.80185e-10         7.0086e-13            0.73276
87         0.00219756         2.5115e-05        4.25249e-06             101325           0.169321        4.25249e-06            2003.24                  0           0.999883           0.139638            64742.7        1.69895e-05        9.34785e-07        7.83939e-05          0.0444063         0.00103751          0.0995489        1.19321e-06        1.05499e-11        7.38823e-13        2.47945e-10        5.42381e-10        0.000545708           0.121604        1.01634e-11        2.22327e-10        5.56046e-13            0.73276
88         0.00222267         2.5115e-05        4.25245e-06             101325           0.169319        4.25245e-06            2003.26                  0           0.999906           0.113443              53363        1.69482e-05        9.31484e-07        7.82219e-05          0.0444054         0.00103642          0.0995499        1.19265e-06        8.34445e-12        5.84353e-13        1.96364e-10        4.29579e-10        0.000543656           0.121607         9.0885e-12        1.75859e-10        4.39771e-13            0.73276
89         0.00224779         2.5115e-05        4.25242e-06             101325           0.169318        4.25242e-06            2003.28                  0           0.999924          0.0918573            43773.8        1.69146e-05        9.28794e-07        7.80815e-05          0.0444048         0.00103553          0.0995507        1.19219e-06        6.57949e-12        4.60743e-13        1.54995e-10          3.391e-10        0.000541982            0.12161        8.22917e-12         1.3867e-10        3.46732e-13            0.73276
90          0.0022729         2.5115e-05        4.25239e-06             101325           0.169317        4.25239e-06            2003.29                  0           0.999939          0.0741415            35748.6        1.68872e-05        9.26608e-07        7.79671e-05          0.0444042          0.0010348          0.0995513        1.19182e-06        5.17192e-12        3.62167e-13        1.21943e-10        2.66805e-10        0.000540621           0.121612        7.54432e-12        1.09012e-10         2.7254e-13            0.73276
91         0.00229802         2.5115e-05        4.25237e-06             101325           0.169316        4.25237e-06             2003.3                  0           0.999951          0.0596588            29073.9        1.68651e-05        9.24836e-07        7.78743e-05          0.0444038         0.00103421          0.0995519        1.19152e-06         4.0532e-12        2.83822e-13        9.56352e-11        2.09255e-10        0.000539518           0.121614        7.00024e-12          8.544e-11        2.13579e-13            0.73276
92         0.00232313         2.5115e-05        4.25236e-06             101325           0.169316        4.25236e-06            2003.31                  0           0.999961           0.047863            23553.7        1.68471e-05        9.23402e-07        7.77991e-05          0.0444034         0.00103373          0.0995523        1.19128e-06        3.16704e-12        2.21767e-13        7.47708e-11        1.63609e-10        0.000538625           0.121615        6.56935e-12         6.6769e-11        1.66878e-13            0.73276
93         0.00234825         2.5115e-05        4.25234e-06             101325           0.169315        4.25234e-06            2003.32                  0           0.999968          0.0382896            19011.8        1.68326e-05        9.22244e-07        7.77383e-05          0.0444031         0.00103334          0.0995526        1.19109e-06        2.46743e-12        1.72775e-13         5.8282e-11        1.27534e-10        0.000537904           0.121617        6.22915e-12        5.20291e-11         1.3001e-13            0.73276
94         0.00237336         2.5115e-05        4.25233e-06             101325           0.169315        4.25233e-06            2003.33                  0           0.999975           0.030546            15292.5         1.6821e-05        9.21312e-07        7.76893e-05          0.0444029         0.00103303          0.0995529        1.19093e-06        1.91688e-12        1.34223e-13        4.52959e-11        9.91207e-11        0.000537325           0.121617        5.96139e-12        4.04303e-11        1.00999e-13            0.73276
95         0.00239848         2.5115e-05        4.25232e-06             101325           0.169314        4.25232e-06            2003.33                  0            0.99998          0.0243028            12260.3        1.68116e-05        9.20563e-07        7.76498e-05          0.0444027         0.00103278          0.0995531         1.1908e-06        1.48501e-12        1.03983e-13        3.51023e-11        7.68162e-11        0.000536859           0.121618        5.75127e-12        3.13324e-11        7.82429e-14            0.73276
96         0.00242359         2.5115e-05        4.25232e-06             101325           0.169314        4.25232e-06            2003.34                  0           0.999984          0.0192851            9798.55        1.68041e-05        9.19963e-07        7.76182e-05          0.0444025         0.00103258          0.0995533         1.1907e-06         1.1473e-12        8.03349e-14        2.71268e-11        5.93642e-11        0.000536486           0.121619        5.58687e-12        2.42184e-11        6.04484e-14            0.73276
97         0.00244871         2.5115e-05        4.25231e-06             101325           0.169314        4.25231e-06            2003.34                  0           0.999987          0.0152645            7807.64        1.67981e-05        9.19484e-07        7.75929e-05          0.0444024         0.00103241          0.0995534        1.19062e-06         8.8402e-13        6.18995e-14        2.09062e-11        4.57521e-11        0.000536189           0.121619        5.45863e-12        1.86726e-11        4.65762e-14            0.73276
98         0.00247382         2.5115e-05        4.25231e-06             101325           0.169314        4.25231e-06            2003.34                  0            0.99999          0.0120521            6203.29        1.67933e-05        9.19101e-07        7.75727e-05          0.0444023         0.00103228          0.0995536        1.19056e-06        6.79373e-13        4.75698e-14        1.60693e-11        3.51674e-11        0.000535951            0.12162        5.35887e-12        1.43621e-11        3.57937e-14            0.73276
99         0.00249894         2.5115e-05         4.2523e-06             101325           0.169314         4.2523e-06            2003.34                  0           0.999992         0.00949278            4915.05        1.67895e-05        9.18796e-07        7.75567e-05          0.0444023         0.00103218          0.0995537        1.19051e-06        5.20764e-13        3.64639e-14        1.23195e-11        2.69613e-11        0.000535763            0.12162        5.28149e-12        1.10215e-11        2.74369e-14            0.73276
100         0.00252405         2.5115e-05         4.2523e-06             101325           0.169313         4.2523e-06            2003.35                  0           0.999994         0.00745922            3883.92        1.67865e-05        9.18555e-07        7.75439e-05          0.0444022          0.0010321          0.0995537        1.19047e-06        3.98186e-13        2.78809e-14        9.42078e-12        2.06177e-11        0.000535613            0.12162        5.22164e-12        8.43983e-12        2.09787e-14            0.73276
101         0.00254917         2.5115e-05         4.2523e-06             101325           0.169313         4.2523e-06            2003.35                  0           0.999995         0.00584762            3061.09        1.67841e-05        9.18363e-07        7.75338e-05          0.0444021         0.00103204          0.0995538        1.19043e-06        3.03716e-13        2.12661e-14        7.18635e-12        1.57277e-11        0.000535495            0.12162        5.17546e-12        6.45028e-12        1.60014e-14            0.73276
102         0.00257428         2.5115e-05         4.2523e-06             101325           0.169313         4.2523e-06            2003.35                  0           0.999996          0.0045738            2406.53        1.67822e-05        9.18212e-07        7.75258e-05          0.0444021         0.00103198          0.0995538        1.19041e-06        2.31103e-13        1.61817e-14        5.46863e-12        1.19685e-11        0.000535401            0.12162        5.13992e-12         4.9211e-12        1.21757e-14            0.73276
103          0.0025994         2.5115e-05        4.25229e-06             101325           0.169313        4.25229e-06            2003.35                  0           0.999997         0.00356942            1887.28        1.67807e-05        9.18092e-07        7.75194e-05          0.0444021         0.00103194          0.0995539        1.19039e-06        1.75435e-13        1.22838e-14        4.15159e-12        9.08609e-12        0.000535328           0.121621        5.11265e-12         3.7488e-12        9.24278e-15            0.73276
104         0.00262451         2.5115e-05        4.25229e-06             101325           0.169313        4.25229e-06            2003.35                  0           0.999998         0.00277947            1476.52        1.67796e-05        9.17998e-07        7.75145e-05          0.0444021         0.00103191          0.0995539        1.19037e-06         1.3287e-13        9.30347e-15        3.14446e-12        6.88196e-12         0.00053527           0.121621        5.09177e-12        2.85248e-12        7.00025e-15            0.73276
105         0.00264963         2.5115e-05        4.25229e-06             101325           0.169313        4.25229e-06            2003.35                  0           0.999998         0.00215964            1152.44        1.67786e-05        9.17925e-07        7.75106e-05           0.044402         0.00103189          0.0995539        1.19036e-06        1.00408e-13        7.03047e-15        2.37631e-12         5.2008e-12        0.000535224           0.121621        5.07582e-12        2.16891e-12        5.28996e-15            0.73276
106         0.00267474         2.5115e-05        4.25229e-06             101325           0.169313        4.25229e-06            2003.35                  0           0.999999         0.00167444            897.424        1.67779e-05        9.17867e-07        7.75075e-05           0.044402         0.00103187          0.0995539        1.19035e-06        7.57088e-14        5.30107e-15        1.79182e-12        3.92161e-12        0.000535189           0.121621        5.06368e-12        1.64883e-12        3.98871e-15            0.73276
107         0.00269986         2.5115e-05        4.25229e-06             101325           0.169313        4.25229e-06            2003.35                  0           0.999999          0.0012955             697.26        1.67774e-05        9.17822e-07        7.75051e-05           0.044402         0.00103185          0.0995539        1.19034e-06        5.69593e-14        3.98824e-15         1.3481e-12        2.95049e-12        0.000535161           0.121621        5.05444e-12        1.25403e-12        3.00089e-15            0.73276
108         0.00272497         2.5115e-05        4.25229e-06             101325           0.169313        4.25229e-06            2003.35                  0           0.999999         0.00100023            540.537        1.67769e-05        9.17787e-07        7.75032e-05           0.044402         0.00103184           0.099554        1.19034e-06        4.27674e-14        2.99454e-15        1.01223e-12         2.2154e-12         0.00053514           0.121621        5.04744e-12        9.55208e-13         2.2532e-15            0.73276
109         0.00275009         2.5115e-05        4.25229e-06             101325           0.169313        4.25229e-06            2003.35                  0           0.999999        0.000770673            418.128        1.67766e-05        9.17759e-07        7.75018e-05           0.044402         0.00103183           0.099554        1.19033e-06        3.20502e-14        2.24412e-15        7.58584e-13        1.66026e-12        0.000535123           0.121621        5.04214e-12        7.29549e-13        1.68857e-15            0.73276
110          0.0027752         2.5115e-05        4.25229e-06             101325           0.169313        4.25229e-06            2003.35                  0                  1        0.000592594            322.744        1.67763e-05        9.17738e-07        7.75007e-05           0.044402         0.00103182           0.099554        1.19033e-06        2.39754e-14        1.67873e-15        5.67472e-13        1.24199e-12         0.00053511           0.121621        5.03815e-12        5.59532e-13        1.26315e-15            0.73276
111         0.00280032         2.5115e-05        4.25229e-06             101325           0.169313        4.25229e-06            2003.35                  0                  1        0.000454747            248.589        1.67761e-05        9.17722e-07        7.74998e-05           0.044402         0.00103182           0.099554        1.19033e-06        1.79049e-14        1.25368e-15        4.23793e-13         9.2753e-13          0.0005351           0.121621        5.03514e-12        4.31718e-13         9.4333e-16            0.73276
112         0.00282543         2.5115e-05        4.25229e-06             101325           0.169313        4.25229e-06            2003.35                  0                  1        0.000348273            191.072         1.6776e-05        9.17709e-07        7.74991e-05           0.044402         0.00103181           0.099554        1.19033e-06        1.33525e-14        9.34928e-16        3.16045e-13        6.91709e-13        0.000535092           0.121621        5.03288e-12        3.35869e-13        7.03491e-16            0.73276
113         0.00285055         2.5115e-05        4.25229e-06             101325           0.169313        4.25229e-06            2003.35                  0                  1        0.000266203            146.557        1.67758e-05        9.17699e-07        7.74986e-05           0.044402         0.00103181           0.099554        1.19032e-06        9.94525e-15        6.96356e-16        2.35399e-13        5.15204e-13        0.000535086           0.121621        5.03118e-12        2.64131e-13        5.23983e-16            0.73276
114         0.00287566         2.5115e-05        4.25229e-06             101325           0.169313        4.25229e-06            2003.35                  0                  1        0.000203078            112.183        1.67757e-05        9.17692e-07        7.74982e-05           0.044402         0.00103181           0.099554        1.19032e-06        7.39801e-15        5.18001e-16        1.75108e-13        3.83249e-13        0.000535081           0.121621        5.02991e-12        2.10501e-13        3.89784e-16            0.73276
115         0.00290078         2.5115e-05        4.25229e-06             101325           0.169313        4.25229e-06            2003.35                  0                  1        0.000154625            85.6987        1.67757e-05        9.17686e-07        7.74979e-05           0.044402          0.0010318           0.099554        1.19032e-06        5.49662e-15        3.84868e-16        1.30103e-13         2.8475e-13        0.000535078           0.121621        5.02896e-12        1.70468e-13         2.8961e-16            0.73276
116         0.00292589         2.5115e-05        4.25229e-06             101325           0.169313        4.25229e-06            2003.35                  0                  1        0.000117509             65.336        1.67756e-05        9.17681e-07        7.74976e-05           0.044402          0.0010318           0.099554        1.19032e-06        4.07914e-15        2.85617e-16        9.65523e-14        2.11319e-13        0.000535075           0.121621        5.02825e-12        1.40625e-13        2.14932e-16            0.73276
117         0.00295101         2.5115e-05        4.25229e-06             101325           0.169313        4.25229e-06            2003.35                  0                  1        8.91338e-05            49.7134        1.67756e-05        9.17678e-07        7.74975e-05           0.044402          0.0010318           0.099554        1.19032e-06        3.02399e-15        2.11736e-16        7.15772e-14        1.56657e-13        0.000535073           0.121621        5.02773e-12        1.18409e-13        1.59342e-16            0.73276
118         0.00297612         2.5115e-05        4.25229e-06             101325           0.169313        4.25229e-06            2003.35                  0                  1        6.74848e-05            37.7525        1.67755e-05        9.17675e-07        7.74973e-05           0.044402          0.0010318           0.099554        1.19032e-06        2.23975e-15        1.56825e-16        5.30146e-14         1.1603e-13        0.000535072           0.121621        5.02733e-12        1.01898e-13        1.18025e-16            0.73276
119         0.00300124         2.5115e-05        4.25229e-06             101325           0.169313        4.25229e-06            2003.35                  0                  1        5.09997e-05            28.6139        1.67755e-05        9.17673e-07        7.74972e-05           0.044402          0.0010318           0.099554        1.19032e-06        1.65726e-15         1.1604e-16        3.92273e-14        8.58548e-14         0.00053507           0.121621        5.02704e-12        8.96344e-14         8.7337e-17            0.73276
120         0.00302635         2.5115e-05        4.25229e-06             101325           0.169313        4.25229e-06            2003.35                  0                  1        3.84712e-05            21.6461        1.67755e-05        9.17672e-07        7.74971e-05           0.044402          0.0010318           0.099554        1.19032e-06        1.22514e-15        8.57833e-17        2.89991e-14        6.34688e-14        0.000535069           0.121621        5.02682e-12        8.05366e-14         6.4571e-17            0.73276
121         0.00305147         2.5115e-05        4.25229e-06             101325           0.169313        4.25229e-06            2003.35                  0                  1         2.8968e-05             16.344        1.67755e-05        9.17671e-07        7.74971e-05           0.044402          0.0010318           0.099554        1.19032e-06        9.04742e-16        6.33491e-17        2.14152e-14        4.68704e-14        0.000535069           0.121621        5.02666e-12        7.37909e-14        4.76909e-17            0.73276
122         0.00307658         2.5115e-05        4.25229e-06             101325           0.169313        4.25229e-06            2003.35                  0                  1        2.17732e-05            12.3175        1.67755e-05         9.1767e-07         7.7497e-05           0.044402          0.0010318           0.099554        1.19032e-06        6.67317e-16        4.67248e-17        1.57954e-14        3.45705e-14        0.000535068           0.121621        5.02654e-12        6.87922e-14        3.51824e-17            0.73276
123          0.0031017         2.5115e-05        4.25229e-06             101325           0.169313        4.25229e-06            2003.35                  0                  1        1.63364e-05            9.26587        1.67755e-05        9.17669e-07         7.7497e-05           0.044402          0.0010318           0.099554        1.19032e-06        4.91696e-16         3.4428e-17        1.16384e-14        2.54724e-14        0.000535068           0.121621        5.02645e-12        6.50947e-14        2.59299e-17            0.73276
124         0.00312681         2.5115e-05        4.25229e-06             101325           0.169313        4.25229e-06            2003.35                  0                  1        1.22355e-05            6.95745        1.67755e-05        9.17669e-07         7.7497e-05           0.044402          0.0010318           0.099554        1.19032e-06        3.62068e-16        2.53516e-17        8.57014e-15         1.8757e-14        0.000535068           0.121621        5.02639e-12        6.23656e-14        1.91006e-17            0.73276
125         0.00315193         2.5115e-05        4.25229e-06             101325           0.169313        4.25229e-06            2003.35                  0                  1        9.14821e-06             5.2146        1.67754e-05        9.17668e-07         7.7497e-05           0.044402          0.0010318           0.099554        1.19032e-06        2.66512e-16        1.86609e-17        6.30834e-15        1.38068e-14        0.000535067           0.121621        5.02634e-12        6.03538e-14        1.40663e-17            0.73276
126         0.00317704         2.5115e-05        4.25229e-06             101325           0.169313        4.25229e-06            2003.35                  0                  1        6.82813e-06            3.90128        1.67754e-05        9.17668e-07        7.74969e-05           0.044402          0.0010318           0.099554        1.19032e-06        1.96567e-16        1.37634e-17        4.65273e-15        1.01832e-14        0.000535067           0.121621         5.0263e-12        5.88811e-14        1.03813e-17            0.73276
127         0.00320216         2.5115e-05        4.25229e-06             101325           0.169313        4.25229e-06            2003.35                  0                  1        5.08791e-06            2.91337        1.67754e-05        9.17668e-07        7.74969e-05           0.044402          0.0010318           0.099554        1.19032e-06        1.44431e-16        1.01129e-17        3.41868e-15        7.48231e-15        0.000535067           0.121621        5.02627e-12        5.77835e-14        7.63457e-18            0.73276
128         0.00322727         2.5115e-05        4.25229e-06             101325           0.169313        4.25229e-06            2003.35                  0                  1        3.78464e-06            2.17192        1.67754e-05        9.17668e-07        7.74969e-05           0.044402          0.0010318           0.099554        1.19032e-06        1.06234e-16        7.43839e-18        2.51455e-15        5.50348e-15        0.000535067           0.121621        5.02626e-12        5.69793e-14        5.62218e-18            0.73276
129         0.00325239         2.5115e-05        4.25229e-06             101325           0.169313        4.25229e-06            2003.35                  0                  1        2.81061e-06            1.61623        1.67754e-05        9.17668e-07        7.74969e-05           0.044402          0.0010318           0.099554        1.19032e-06        7.85749e-17        5.50172e-18        1.85986e-15        4.07059e-15        0.000535067           0.121621        5.02624e-12         5.6397e-14        4.16498e-18            0.73276
130          0.0032775         2.5115e-05        4.25229e-06             101325           0.169313        4.25229e-06            2003.35                  0                  1        2.08396e-06             1.2005        1.67754e-05        9.17667e-07        7.74969e-05           0.044402          0.0010318           0.099554        1.19032e-06        5.77691e-17        4.04492e-18        1.36739e-15        2.99273e-15        0.000535067           0.121621        5.02623e-12        5.59589e-14        3.06884e-18            0.73276
131         0.00330262         2.5115e-05        4.25229e-06             101325           0.169313        4.25229e-06            2003.35                  0                  1        1.54251e-06           0.890276        1.67754e-05        9.17667e-07        7.74969e-05           0.044402          0.0010318           0.099554        1.19032e-06        4.24498e-17        2.97229e-18        1.00478e-15        2.19911e-15        0.000535067           0.121621        5.02622e-12        5.56364e-14        2.26176e-18            0.73276
132         0.00332773         2.5115e-05        4.25229e-06             101325           0.169313        4.25229e-06            2003.35                  0                  1        1.13993e-06           0.659058        1.67754e-05        9.17667e-07        7.74969e-05           0.044402          0.0010318           0.099554        1.19032e-06        3.12772e-17        2.18999e-18        7.40325e-16        1.62031e-15        0.000535067           0.121621        5.02622e-12        5.54012e-14        1.67313e-18            0.73276
133         0.00335285         2.5115e-05        4.25229e-06             101325           0.169313        4.25229e-06            2003.35                  0                  1        8.41095e-07           0.487036        1.67754e-05        9.17667e-07        7.74969e-05           0.044402          0.0010318           0.099554        1.19032e-06        2.31335e-17        1.61977e-18        5.47564e-16        1.19842e-15        0.000535067           0.121621        5.02621e-12        5.52297e-14        1.24409e-18            0.73276
134         0.00337796         2.5115e-05        4.25229e-06             101325           0.169313        4.25229e-06            2003.35                  0                  1        6.19649e-07           0.359284        1.67754e-05        9.17667e-07        7.74969e-05           0.044402          0.0010318           0.099554        1.19032e-06        1.72374e-17        1.20694e-18        4.08003e-16        8.92974e-16        0.000535067           0.121621        5.02621e-12        5.51056e-14         9.3346e-19            0.73276
135         0.00340308         2.5115e-05        4.25229e-06             101325           0.169313        4.25229e-06            2003.35                  0                  1        4.55842e-07           0.264563        1.67754e-05        9.17667e-07        7.74969e-05           0.044402          0.0010318           0.099554        1.19032e-06         1.3028e-17        9.12202e-19        3.08368e-16        6.74907e-16        0.000535067           0.121621        5.02621e-12         5.5017e-14        7.11694e-19            0.73276
136         0.00342819         2.5115e-05        4.25229e-06             101325           0.169313        4.25229e-06            2003.35                  0                  1        3.34893e-07           0.194437        1.67754e-05        9.17667e-07        7.74969e-05           0.044402          0.0010318           0.099554        1.19032e-06        9.83728e-18        6.88789e-19        2.32843e-16        5.09609e-16        0.000535067           0.121621        5.02621e-12        5.49498e-14        5.43592e-19            0.73276
137         0.00345331         2.5115e-05        4.25229e-06             101325           0.169313        4.25229e-06            2003.35                  0                  1        2.45626e-07           0.142674        1.67754e-05        9.17667e-07        7.74969e-05           0.044402          0.0010318           0.099554        1.19032e-06        7.39267e-18         5.1762e-19        1.74979e-16        3.82964e-16        0.000535067           0.121621         5.0262e-12        5.48983e-14          4.148e-19            0.73276
138         0.00347842         2.5115e-05        4.25229e-06             101325           0.169313        4.25229e-06            2003.35                  0                  1        1.79874e-07           0.104535        1.67754e-05        9.17667e-07        7.74969e-05           0.044402          0.0010318           0.099554        1.19032e-06         5.5353e-18        3.87569e-19        1.31015e-16        2.86743e-16        0.000535067           0.121621         5.0262e-12        5.48592e-14        3.16946e-19            0.73276
139         0.00350354         2.5115e-05        4.25229e-06             101325           0.169313        4.25229e-06            2003.35                  0                  1        1.31512e-07          0.0764675        1.67754e-05        9.17667e-07        7.74969e-05           0.044402          0.0010318           0.099554        1.19032e-06        4.13222e-18        2.89327e-19        9.78044e-17        2.14056e-16        0.000535067           0.121621         5.0262e-12        5.48297e-14        2.43026e-19            0.73276
140         0.00352865         2.5115e-05        4.25229e-06             101325           0.169313        4.25229e-06            2003.35                  0                  1        9.60095e-08          0.0558541        1.67754e-05        9.17667e-07        7.74969e-05           0.044402          0.0010318           0.099554        1.19032e-06         3.0769e-18        2.15435e-19         7.2825e-17        1.59385e-16        0.000535067           0.121621         5.0262e-12        5.48075e-14        1.87427e-19            0.73276
141         0.00355377         2.5115e-05        4.25229e-06             101325           0.169313        4.25229e-06            2003.35                  0                  1         6.9981e-08          0.0407307        1.67754e-05        9.17667e-07        7.74969e-05           0.044402          0.0010318           0.099554        1.19032e-06        2.28593e-18        1.60052e-19        5.41027e-17        1.18408e-16        0.000535067           0.121621         5.0262e-12        5.47908e-14        1.45755e-19            0.73276
142         0.00357888         2.5115e-05        4.25229e-06             101325           0.169313        4.25229e-06            2003.35                  0                  1        5.09324e-08          0.0296548        1.67754e-05        9.17667e-07        7.74969e-05           0.044402          0.0010318           0.099554        1.19032e-06        1.69492e-18        1.18669e-19        4.01134e-17        8.77902e-17        0.000535067           0.121621         5.0262e-12        5.47784e-14        1.14618e-19            0.73276
143           0.003604         2.5115e-05        4.25229e-06             101325           0.169313        4.25229e-06            2003.35                  0                  1        3.70239e-08          0.0215649        1.67754e-05        9.17667e-07        7.74969e-05           0.044402          0.0010318           0.099554        1.19032e-06        1.25458e-18        8.78374e-20        2.96907e-17        6.49784e-17        0.000535067           0.121621         5.0262e-12        5.47691e-14        9.14195e-20            0.73276
144         0.00362911         2.5115e-05        4.25229e-06             101325           0.169313        4.25229e-06            2003.35                  0                  1        2.68797e-08          0.0156598        1.67754e-05        9.17667e-07        7.74969e-05           0.044402          0.0010318           0.099554        1.19032e-06        9.27471e-19        6.49336e-20         2.1948e-17        4.80324e-17        0.000535067           0.121621         5.0262e-12        5.47622e-14         7.4186e-20            0.73276
145         0.00365423         2.5115e-05        4.25229e-06             101325           0.169313        4.25229e-06            2003.35                  0                  1         1.9501e-08          0.0113632        1.67754e-05        9.17667e-07        7.74969e-05           0.044402          0.0010318           0.099554        1.19032e-06         6.8528e-19        4.79756e-20        1.62153e-17        3.54856e-17        0.000535067           0.121621         5.0262e-12        5.47571e-14        6.14263e-20            0.73276
146         0.00367934         2.5115e-05        4.25229e-06             101325           0.169313        4.25229e-06            2003.35                  0                  1        1.41394e-08         0.00823749        1.67754e-05        9.17667e-07        7.74969e-05           0.044402          0.0010318           0.099554        1.19032e-06        5.06718e-19        3.54729e-20        1.19888e-17        2.62351e-17        0.000535067           0.121621         5.0262e-12        5.47533e-14         5.2019e-20            0.73276
147         0.00370446         2.5115e-05        4.25229e-06             101325           0.169313        4.25229e-06            2003.35                  0                  1        1.02655e-08         0.00597852        1.67754e-05        9.17667e-07        7.74969e-05           0.044402          0.0010318           0.099554        1.19032e-06        3.75879e-19        2.63117e-20         8.8918e-18        1.94569e-17        0.000535067           0.121621         5.0262e-12        5.47506e-14        4.51258e-20            0.73276
148         0.00372957         2.5115e-05        4.25229e-06             101325           0.169313        4.25229e-06            2003.35                  0                  1        7.47608e-09         0.00434989        1.67754e-05        9.17667e-07        7.74969e-05           0.044402          0.0010318           0.099554        1.19032e-06        2.80971e-19        1.96664e-20        6.64535e-18        1.45402e-17        0.000535067           0.121621         5.0262e-12        5.47486e-14        4.01257e-20            0.73276
149         0.00375469         2.5115e-05        4.25229e-06             101325           0.169313        4.25229e-06            2003.35                  0                  1        5.49256e-09         0.00319248        1.67754e-05        9.17667e-07        7.74969e-05           0.044402          0.0010318           0.099554        1.19032e-06        2.13371e-19        1.49331e-20        5.04525e-18        1.10382e-17        0.000535067           0.121621         5.0262e-12        5.47472e-14        3.65642e-20            0.73276
150          0.0037798         2.5115e-05        4.25229e-06             101325           0.169313        4.25229e-06            2003.35                  0                  1        4.10811e-09         0.00238444        1.67754e-05        9.17667e-07        7.74969e-05           0.044402          0.0010318           0.099554        1.19032e-06        1.66908e-19        1.16798e-20        3.94548e-18        8.63113e-18        0.000535067           0.121621         5.0262e-12        5.47462e-14        3.41164e-20            0.73276
151         0.00380492         2.5115e-05        4.25229e-06             101325           0.169313        4.25229e-06            2003.35                  0                  1        3.17423e-09         0.00183828        1.67754e-05        9.17667e-07        7.74969e-05           0.044402          0.0010318           0.099554        1.19032e-06        1.37355e-19        9.61048e-21        3.24595e-18         7.1001e-18        0.000535067           0.121621         5.0262e-12        5.47456e-14        3.25594e-20            0.73276
152         0.00383003         2.5115e-05        4.25229e-06             101325           0.169313        4.25229e-06            2003.35                  0                  1        2.60235e-09         0.00150477        1.67754e-05        9.17667e-07        7.74969e-05           0.044402          0.0010318           0.099554        1.19032e-06        1.22062e-19        8.53968e-21        2.88396e-18        6.30784e-18        0.000535067           0.121621         5.0262e-12        5.47453e-14        3.17537e-20            0.73276
