# Time 0.000175
# eta = 0.002
# length = 0.000892404
#--- 	  	 LEM Line data  --- 
#(1) wafer              (2) x             (3) dx              (4) m              (5) p            (6) rho              (7) m              (8) T              (9) Z             (10) C          (11) dCdt       (12) heatRel                  (13) Y_H2                  (14) Y_H                  (15) Y_O                  (16) Y_O2                  (17) Y_OH                  (18) Y_H2O                  (19) Y_HO2                  (20) Y_CH2                  (21) Y_CH2(S)                  (22) Y_CH3                  (23) Y_CH4                  (24) Y_CO                  (25) Y_CO2                  (26) Y_HCO                  (27) Y_CH2O                  (28) Y_CH2OH                  (29) Y_N2
0        1.25577e-05        2.51154e-05        2.84219e-05             101325            1.13165        2.84219e-05                300                  0                  0                  0       6.95319e-310        6.01476e-12        5.19563e-21        3.70895e-13           0.222598        7.95918e-13        1.55813e-08        2.74237e-11        7.43369e-21        3.97126e-22        1.21018e-10          0.0446421        1.81126e-10         1.8707e-08        4.64161e-21        2.77446e-11        8.56672e-25            0.73276
1        3.76732e-05        2.51154e-05        2.84218e-05             101325            1.13165        2.84218e-05            300.001                  0        1.59929e-07        6.07244e-08          0.0446534        1.56293e-11        2.82589e-20        7.81366e-13           0.222598        1.74668e-12        3.95424e-08        6.84436e-11         4.1341e-20        2.14353e-21        3.08728e-10           0.044642        4.68445e-10        4.74619e-08        2.60425e-20        7.25056e-11        4.63364e-24            0.73276
2        6.27886e-05        2.51154e-05        2.84217e-05             101325            1.13164        2.84217e-05            300.003                  0        4.00753e-07        1.31348e-07          0.0967099        4.73256e-11        1.96241e-19        1.87821e-12           0.222598        4.39732e-12        1.16803e-07         1.9838e-10        2.98039e-19        1.54149e-20         9.1712e-10           0.044642        1.41157e-09        1.40155e-07        1.88262e-19         2.2068e-10        3.33376e-23            0.73276
3         8.7904e-05        2.51154e-05        2.84212e-05             101325            1.13162        2.84212e-05            300.007                  0        1.18584e-06        3.31403e-07           0.244719        1.42347e-10        1.29581e-18        4.42543e-12           0.222598        1.09061e-11        3.42446e-07        5.69521e-10        2.05135e-18        1.06117e-19        2.70501e-09          0.0446419        4.22506e-09        4.10786e-07        1.29871e-18        6.66699e-10        2.29576e-22            0.73276
4        0.000113019        2.51154e-05        2.84199e-05             101325            1.13157        2.84199e-05            300.021                  0        3.47576e-06        8.22104e-07            0.61131         4.1528e-10         7.8338e-18        9.83667e-12           0.222596        2.57376e-11        9.71808e-07        1.57768e-09        1.30175e-17        6.74766e-19         7.7269e-09          0.0446416        1.22638e-08        1.16535e-06        8.25943e-18        1.95252e-09        1.46055e-21            0.73276
5        0.000138135        2.51154e-05        2.84165e-05             101325            1.13144        2.84165e-05            300.057                  0        9.85831e-06        1.94116e-06             1.4687        1.17066e-09        4.31764e-17        2.03402e-11           0.222593        5.71957e-11         2.6578e-06        4.19638e-09        7.58103e-17        3.91582e-18        2.12853e-08          0.0446409        3.43913e-08        3.18589e-06        4.82843e-17         5.5221e-09        8.49216e-21            0.73276
6         0.00016325        2.51154e-05        2.84077e-05             101325            1.13108        2.84077e-05             300.15                  0        2.69448e-05        4.32386e-06             3.4151         3.1833e-09        2.11193e-16        3.86188e-11           0.222586        1.18636e-10        6.98977e-06        1.06877e-08        3.96687e-16        2.05123e-17         5.6423e-08          0.0446389        9.30239e-08        8.37492e-06        2.53584e-16        1.50547e-08        4.46255e-20            0.73276
7        0.000188366        2.51154e-05        2.83861e-05             101325            1.13022        2.83861e-05            300.379                  0        7.08146e-05        9.03191e-06            7.88602        8.33662e-09        9.08538e-16        6.61704e-11           0.222567        2.27391e-10        1.76389e-05        2.59935e-08        1.85118e-15        9.57774e-17        1.43621e-07          0.0446341        2.42343e-07        2.11235e-05        1.18965e-15        3.94956e-08        2.09749e-19            0.73276
8        0.000213481        2.51154e-05        2.83357e-05             101325            1.12822        2.83357e-05            300.913                  0        0.000178573        1.76292e-05             18.998        2.09897e-08        3.35973e-15        9.98443e-11           0.222523        3.97507e-10        4.26078e-05        6.01846e-08         7.5691e-15        3.92382e-16        3.50208e-07          0.0446227        6.07122e-07        5.09947e-05        4.90203e-15        9.95168e-08        8.71005e-19            0.73276
9        0.000238597        2.51154e-05        2.82244e-05             101325            1.12379        2.82244e-05            302.099                  0        0.000431027        3.21516e-05            50.2995        5.07003e-08        1.04111e-14        1.28147e-10           0.222424        6.23141e-10         9.8232e-05        1.32195e-07        2.64923e-14        1.38271e-15          8.157e-07          0.0445974        1.45993e-06        0.000117484        1.73627e-14        2.40271e-07        3.15298e-18            0.73276
10        0.000263712        2.51154e-05        2.79938e-05             101325             1.1146        2.79938e-05            304.587                  0        0.000992981         5.5092e-05            147.735        1.17169e-07        2.63396e-14        1.33451e-10           0.222217          8.583e-10         0.00021536        2.74345e-07        7.75962e-14        4.09352e-15        1.80822e-06          0.0445441        3.36176e-06        0.000257343        5.19032e-14        5.54183e-07        9.83873e-18            0.73276
11        0.000288828        2.51154e-05        2.75509e-05             101325            1.09697        2.75509e-05            309.482                  0         0.00217549        8.94475e-05            461.542        2.58118e-07        5.35035e-14        1.06554e-10           0.221808         1.0195e-09        0.000446866        5.35562e-07        1.85205e-13         9.9644e-15        3.79725e-06          0.0444387        7.38905e-06         0.00053341        1.28268e-13        1.21619e-06        2.64531e-17            0.73276
12        0.000313943        2.51154e-05        2.67767e-05             101325            1.06615        2.67767e-05            318.428                  0         0.00451177        0.000137755            1455.22        5.39465e-07        9.01417e-14        6.21423e-11           0.221056        1.04902e-09        0.000872558         9.7948e-07         3.5988e-13         2.0041e-14        7.51123e-06          0.0442447        1.54372e-05         0.00104017        2.64407e-13        2.52633e-06        6.39453e-17            0.73276
13        0.000339058        2.51154e-05         2.5569e-05             101325            1.01806         2.5569e-05            333.464                  0         0.00880754        0.000200396            4438.53        1.06402e-06        1.48898e-13        2.63131e-11           0.219782        1.02412e-09         0.00159373        1.67492e-06        6.25162e-13        3.68529e-14        1.39127e-05          0.0439157        3.05091e-05         0.00189673        5.06988e-13        4.93838e-06          1.638e-16            0.73276
14        0.000364174        2.51154e-05        2.39138e-05             101325           0.952155        2.39138e-05            356.536                  0          0.0160873        0.000291834            12583.8        1.97219e-06        3.35893e-13        8.60635e-12           0.217809        1.21777e-09         0.00271139        2.68433e-06        1.24538e-12        7.96705e-14          2.403e-05          0.0434052        5.68185e-05         0.00322021        1.17283e-12         9.0409e-06         5.8254e-16            0.73276
15        0.000389289        2.51154e-05        2.19263e-05             101325           0.873022        2.19263e-05            388.838                  0          0.0273722         0.00052868            32129.8        3.43163e-06        1.13976e-12        2.71711e-12           0.215014        2.11432e-09         0.00429564        4.06381e-06        3.29022e-12        2.30063e-13        3.86962e-05          0.0426805        9.96129e-05         0.00508882        3.69484e-12        1.54795e-05        2.85781e-15            0.73276
16        0.000414405        2.51154e-05        1.98057e-05             101325           0.788585        1.98057e-05            430.449                  0          0.0433601         0.00138086            73359.3        5.62275e-06         4.4146e-12        2.28357e-12           0.211363         4.5628e-09         0.00636702         5.8796e-06        9.79531e-12        7.41069e-13        5.83687e-05           0.041731        0.000164873         0.00751948        1.31246e-11        2.48637e-05        1.49499e-14            0.73276
17         0.00043952        2.51154e-05        1.77427e-05             101325           0.706444        1.77427e-05             480.46                  0          0.0642206           0.004319             152788         8.7305e-06        1.62137e-11        7.20298e-12           0.206902        1.00806e-08          0.0089007        8.22796e-06        2.80965e-11        2.26545e-12        8.31396e-05          0.0405669        0.000259152          0.0104732        4.48041e-11         3.7714e-05        7.16252e-14            0.73276
18        0.000464636        2.51154e-05        1.58607e-05             101325           0.631513        1.58607e-05            537.411                  0          0.0896329          0.0133055             300123        1.29455e-05        5.40529e-11        2.92142e-11           0.201727        2.10192e-08          0.0118445         1.1246e-05        7.36353e-11        6.22083e-12        0.000112874          0.0392107        0.000389649          0.0138768        1.39494e-10        5.44609e-05        3.00591e-13            0.73276
19        0.000489751        2.51154e-05        1.42115e-05             101325           0.565847        1.42115e-05            599.692                  0           0.118981          0.0372733             571559        1.84704e-05        1.65398e-10        1.18678e-10           0.195949        4.04246e-08          0.0151368        1.51138e-05        1.75551e-10        1.52651e-11        0.000147362           0.037689        0.000564412          0.0176447        3.94107e-10        7.54633e-05        1.10769e-12            0.73276
20        0.000514866        2.51154e-05        1.27978e-05             101325           0.509559        1.27978e-05            665.817                  0           0.151551          0.0927509        1.06679e+06        2.55268e-05        4.75317e-10        4.64681e-10           0.189677        7.20356e-08          0.0187184        2.00518e-05         3.8799e-10        3.41101e-11        0.000186427          0.0360273        0.000792574          0.0216924        1.02468e-09        0.000101023        3.67481e-12           0.732759
21        0.000539982        2.51154e-05        1.15979e-05             101325           0.461785        1.15979e-05            734.534                  0           0.186657           0.205953        1.95029e+06        3.43595e-05        1.30138e-09        1.71646e-09           0.183006        1.21544e-07          0.0225375        2.63156e-05        8.21788e-10        7.17711e-11        0.000229982          0.0342477         0.00108452          0.0259432        2.50283e-09        0.000131388        1.13489e-11           0.732759
22        0.000565097        2.51154e-05        1.05817e-05             101325           0.421322        1.05817e-05            804.853                  0           0.223697            0.41758        3.49321e+06        4.52389e-05        3.40215e-09          5.894e-09           0.176015        2.00978e-07          0.0265516        3.41867e-05        1.73523e-09        1.48197e-10        0.000278054           0.032368         0.00145195          0.0303295        5.85702e-09        0.000166747        3.36014e-11           0.732759
23        0.000590213        2.51154e-05        9.71861e-06             101325           0.386958        9.71861e-06            876.032                  0           0.262163            0.80229        6.17691e+06        5.84588e-05        8.47577e-09         1.8687e-08           0.168771        3.39744e-07          0.0307267        4.39524e-05        3.77672e-09        3.12146e-10        0.000330797          0.0304019         0.00190785          0.0347926        1.33258e-08         0.00020723         9.7015e-11           0.732759
24        0.000615328        2.51154e-05        8.98151e-06             101325           0.357609        8.98151e-06            947.536                  0           0.301636            1.53086        1.09406e+07        7.43319e-05        2.01619e-08        5.47869e-08           0.161325        6.10033e-07          0.0350367        5.58696e-05         8.5928e-09        6.85745e-10        0.000388494          0.0283596         0.00246629          0.0392815        2.97326e-08        0.000252909        2.74139e-10           0.732759
25        0.000640444        2.51154e-05        8.34742e-06             101325           0.332362        8.34742e-06            1019.01                  0            0.34177            3.03562        1.97432e+07        9.31775e-05        4.61579e-08        1.49757e-07           0.153719         1.1832e-06          0.0394605         7.0097e-05        2.02643e-08        1.56885e-09        0.000451534          0.0262486         0.00314188          0.0437514        6.52808e-08        0.000303784        7.54597e-10           0.732759
26        0.000665559        2.51154e-05        7.79749e-06             101325           0.310466        7.79749e-06            1090.24                  0           0.382274            6.40713        3.67887e+07        0.000115314        1.02827e-07         3.8622e-07           0.145985        2.45209e-06          0.0439835        8.65891e-05        4.85244e-08        3.67099e-09        0.000520356          0.0240737         0.00394952          0.0481644        1.41085e-07        0.000359783        2.00965e-09           0.732759
27        0.000690675        2.51154e-05        7.31646e-06             101325           0.291313        7.31646e-06            1161.12                  0           0.422923             14.282        7.11043e+07        0.000141059        2.25025e-07        9.51027e-07            0.13814        5.28942e-06          0.0485994        0.000104935        1.15604e-07        8.60173e-09        0.000595277          0.0218361         0.00490433          0.0524931        2.99818e-07        0.000420744        5.15103e-09           0.732759
28         0.00071579        2.51154e-05        6.89207e-06             101325           0.274415        6.89207e-06            1231.64                  0           0.463582            32.7093        1.41712e+08        0.000170705        4.85786e-07        2.25558e-06           0.130186        1.15679e-05           0.053308        0.000124116         2.6983e-07        1.98395e-08        0.000675959          0.0195341         0.00602104          0.0567194        6.25015e-07        0.000486273          1.266e-08           0.732759
29        0.000740905        2.51154e-05         6.5146e-06             101325           0.259386         6.5146e-06             1301.8                  0           0.504186            74.7398         2.8719e+08        0.000204441        1.03256e-06        5.17476e-06           0.122124        2.51358e-05          0.0581102        0.000142222        6.10013e-07        4.44617e-08        0.000760247          0.0171675         0.00731206          0.0608324        1.27227e-06        0.000555386        2.97312e-08           0.732759
30        0.000766021        2.51154e-05         6.1766e-06             101325           0.245929         6.1766e-06            1371.57                  0             0.5447            166.405         5.8114e+08        0.000242215        2.14645e-06        1.14875e-05           0.113951        5.34688e-05          0.0630004        0.000156358        1.32192e-06        9.57186e-08         0.00084216          0.0147415         0.00878381          0.0648269        2.50871e-06        0.000625827        6.63708e-08           0.732758
31        0.000791136        2.51154e-05        5.87282e-06             101325           0.233833        5.87282e-06            1440.78                  0           0.585079            354.221        1.15099e+09        0.000283424        4.31906e-06        2.46063e-05           0.105685        0.000110004           0.067954         0.00016305        2.71056e-06        1.95305e-07        0.000909087          0.0122761          0.0104289          0.0687024        4.73085e-06        0.000692822        1.39506e-07           0.732758
32        0.000816252        2.51154e-05        5.60035e-06             101325           0.222984        5.60035e-06            1508.86                  0           0.625201             707.77         2.1826e+09        0.000326359        8.29654e-06        5.05784e-05          0.0973826        0.000216251          0.0729066        0.000159481        5.15513e-06        3.70203e-07        0.000939772         0.00981833            0.01221          0.0724623        8.36584e-06        0.000747149        2.71239e-07           0.732758
33        0.000841367        2.51154e-05        5.35904e-06             101325           0.213376        5.35904e-06            1574.55                  0            0.66475            1299.05         3.8597e+09        0.000367354        1.49373e-05        9.89216e-05          0.0891835        0.000400576          0.0777264        0.000145094        8.80743e-06        6.31623e-07        0.000907875         0.00745699          0.0140322          0.0761119        1.34804e-05        0.000773309        4.73053e-07           0.732758
34        0.000866483        2.51154e-05        5.15148e-06             101325           0.205112        5.15148e-06            1635.71                  0           0.703076            2132.39        6.15799e+09         0.00040019        2.46468e-05         0.00018187          0.0813513        0.000688209          0.0821985        0.000122292        1.29167e-05         9.2768e-07        0.000797496         0.00532342          0.0157139          0.0796561        1.90732e-05        0.000751355        7.07741e-07           0.732758
35        0.000891598        2.51154e-05        4.98131e-06             101325           0.198337        4.98131e-06            1689.57                  0           0.739121            3042.43        8.52633e+09        0.000417391        3.64914e-05        0.000309298          0.0742546         0.00108085          0.0860636        9.56721e-05        1.55467e-05        1.12233e-06        0.000625147         0.00355688          0.0170001           0.083094        2.28666e-05        0.000668461        8.69412e-07           0.732758
36        0.000916714        2.51154e-05        4.84968e-06             101325           0.193096        4.84968e-06            1734.05                  0           0.771626            3701.08        9.90859e+09        0.000414707        4.80617e-05        0.000477952           0.068234         0.00154029          0.0891287        7.02358e-05        1.51753e-05         1.1049e-06        0.000438808         0.00223717          0.0176658          0.0864104        2.28934e-05        0.000536429        8.67333e-07           0.732758
37        0.000941829        2.51154e-05        4.75245e-06             101325           0.189224        4.75245e-06            1768.98                  0           0.799694            3848.84         9.5938e+09        0.000395105        5.69323e-05         0.00066389          0.0634369         0.00199942          0.0913672         4.9415e-05        1.24388e-05        9.14986e-07        0.000282871          0.0013436          0.0176506          0.0895713        1.94981e-05        0.000390728        7.26805e-07           0.732759
38        0.000966944        2.51154e-05        4.68161e-06             101325           0.186404        4.68161e-06            1795.96                  0           0.823219            3510.78        7.94369e+09        0.000366477        6.21048e-05        0.000833257          0.0597807         0.00239758          0.0929077        3.42465e-05        9.04896e-06        6.72389e-07         0.00017289         0.00078343          0.0170772          0.0925357        1.47055e-05        0.000264386        5.39574e-07           0.732759
39         0.00099206        2.51154e-05        4.62886e-06             101325           0.184303        4.62886e-06             1817.2                  0           0.842764            2918.13        5.87148e+09        0.000336044        6.38977e-05        0.000961864          0.0570484         0.00270505          0.0939404         2.4023e-05          6.132e-06         4.5966e-07        0.000102789        0.000449741          0.0161463          0.0952737        1.02336e-05        0.000170609        3.71954e-07            0.73276
40         0.00101718        2.51154e-05        4.58779e-06             101325           0.182668        4.58779e-06             1834.6                  0           0.859133            2293.43        4.04137e+09        0.000307724        6.31407e-05         0.00104232           0.055001         0.00292052          0.0946394        1.74205e-05        3.99823e-06         3.0183e-07        6.04455e-05        0.000256738          0.0150378          0.0977746        6.77826e-06        0.000107174        2.45845e-07            0.73276
41         0.00104229        2.51154e-05        4.55419e-06             101325            0.18133        4.55419e-06            1849.46                  0           0.873068            1752.87        2.68153e+09        0.000282715        6.06542e-05         0.00107901          0.0534384         0.00305719          0.0951327        1.32181e-05        2.55753e-06        1.94094e-07        3.55202e-05        0.000146729          0.0138756           0.100044        4.36013e-06        6.64428e-05         1.5888e-07            0.73276
42         0.00106741        2.51154e-05        4.52553e-06             101325           0.180189        4.52553e-06            1862.59                  0           0.885146            1326.73        1.76046e+09        0.000260839        5.70859e-05         0.00108102          0.0522134         0.00313171          0.0955046        1.05227e-05        1.62322e-06        1.23637e-07        2.09925e-05        8.43396e-05          0.0127325           0.102097        2.75789e-06        4.10027e-05        1.01568e-07           0.732761
43         0.00109252        2.51154e-05        4.50032e-06             101325           0.179185        4.50032e-06            1874.46                  0           0.895785            1004.65        1.16488e+09        0.000241476        5.29063e-05         0.00105783          0.0512248         0.00315913          0.0958062        8.74877e-06        1.02902e-06        7.85433e-08        1.25294e-05        4.89139e-05          0.0116459           0.103952        1.72854e-06        2.53229e-05        6.46737e-08           0.732761
44         0.00111764        2.51154e-05        4.47768e-06             101325           0.178284        4.47768e-06            1885.35                  0           0.905281            764.713        7.85998e+08        0.000223998        4.84453e-05         0.00101748          0.0504053         0.00315145          0.0960674        7.53312e-06        6.54112e-07        4.99639e-08        7.57243e-06        2.86884e-05          0.0106323           0.105631        1.07869e-06        1.57036e-05        4.11898e-08           0.732761
45         0.00114275        2.51154e-05         4.4571e-06             101325           0.177464         4.4571e-06            1895.43                  0            0.91384            585.909        5.43864e+08        0.000207918        4.39298e-05        0.000966177          0.0497102          0.0031177          0.0963049        6.65664e-06        4.17878e-07        3.19034e-08        4.64201e-06        1.70433e-05         0.00969631           0.107152        6.72338e-07        9.79842e-06         2.6305e-08           0.732761
46         0.00116787        2.51154e-05        4.43825e-06             101325           0.176714        4.43825e-06            1904.79                  0           0.921612            451.658        3.86116e+08        0.000192906        3.95131e-05        0.000908516            0.04911         0.00306461          0.0965276        5.98894e-06        2.68633e-07        2.04771e-08        2.88895e-06        1.02672e-05         0.00883649           0.108533        4.19437e-07        6.15918e-06        1.68707e-08           0.732761
47         0.00119298        2.51154e-05        4.42094e-06             101325           0.176025        4.42094e-06            1913.49                  0           0.928707            349.853        2.80386e+08        0.000178758        3.52957e-05        0.000847782          0.0485845         0.00299715          0.0967399        5.45281e-06        1.73889e-07        1.32225e-08        1.82597e-06        6.27628e-06          0.0080487           0.109789        2.62295e-07        3.90315e-06        1.08763e-08           0.732761
48          0.0012181        2.51154e-05        4.40501e-06             101325           0.175391        4.40501e-06             1921.6                  0           0.935208            271.903        2.07194e+08        0.000165362         3.1341e-05        0.000786288            0.04812         0.00291909          0.0969437        5.00251e-06        1.13378e-07        8.59386e-09        1.17206e-06        3.89478e-06         0.00732776           0.110932        1.64616e-07        2.49471e-06        7.05252e-09           0.732761
49         0.00124321        2.51154e-05        4.39035e-06             101325           0.174807        4.39035e-06            1929.12                  0           0.941179            211.734        1.54902e+08        0.000152666        2.76851e-05        0.000725642          0.0477066          0.0028333          0.0971399        4.61087e-06        7.44743e-08        5.62392e-09        7.63818e-07        2.45396e-06         0.00666831           0.111975        1.03787e-07        1.60865e-06        4.60168e-09           0.732761
50         0.00126833        2.51154e-05        4.37686e-06             101325            0.17427        4.37686e-06            1936.11                  0           0.946671            165.016        1.16507e+08        0.000140649        2.43448e-05        0.000666941          0.0473372         0.00274207          0.0973282         4.2617e-06        4.92904e-08        3.70671e-09         5.0517e-07         1.5699e-06          0.0060653           0.112927        6.57978e-08        1.04676e-06         3.0225e-09           0.732761
51         0.00129345        2.51154e-05        4.36446e-06             101325           0.173776        4.36446e-06            1942.58                  0           0.951725            128.605        8.77135e+07         0.00012931        2.13232e-05        0.000610919          0.0470063         0.00264721          0.0975085        3.94531e-06        3.28751e-08        2.46131e-09        3.38928e-07         1.0197e-06         0.00551406           0.113795         4.1983e-08        6.87538e-07        1.99924e-09           0.732761
52         0.00131856        2.51154e-05        4.35309e-06             101325           0.173323        4.35309e-06            1948.56                  0           0.956376            100.179        6.58065e+07        0.000118652        1.86132e-05        0.000558044          0.0467094         0.00255025          0.0976804         3.6559e-06        2.21018e-08        1.64713e-09        2.30589e-07        6.72429e-07         0.00501043           0.114588        2.69859e-08        4.55988e-07        1.33232e-09           0.732761
53         0.00134368        2.51154e-05        4.34268e-06             101325           0.172909        4.34268e-06            1954.06                  0           0.960654            77.9868        4.90054e+07        0.000108681        1.62015e-05        0.000508595          0.0464431         0.00245246          0.0978436        3.38997e-06        1.49828e-08        1.11138e-09        1.59042e-07        4.50167e-07         0.00455063           0.115311        1.74912e-08        3.05494e-07        8.95011e-10           0.732761
54         0.00136879        2.51154e-05        4.33316e-06             101325            0.17253        4.33316e-06            1959.13                  0           0.964584            60.6851        3.60906e+07        9.93968e-05        1.40698e-05         0.00046271          0.0462043         0.00235492          0.0979976        3.14538e-06         1.0246e-08        7.56489e-10        1.11188e-07        3.05955e-07         0.00413128           0.115971        1.14435e-08        2.06853e-07        6.06437e-10           0.732761
55         0.00139391        2.51154e-05        4.32448e-06             101325           0.172184        4.32448e-06            1963.78                  0            0.96819            47.2304        2.61901e+07        9.07955e-05        1.21975e-05        0.000420423          0.0459905         0.00225857          0.0981425        2.92074e-06        7.07208e-09        5.19767e-10        7.87877e-08        2.11119e-07         0.00374932           0.116571        7.56464e-09         1.4164e-07        4.14742e-10           0.732761
56         0.00141902        2.51154e-05        4.31658e-06             101325            0.17187        4.31658e-06            1968.02                  0           0.971493            36.8029        1.86543e+07        8.28657e-05        1.05624e-05        0.000381693          0.0457994         0.00216419          0.0982781        2.71512e-06        4.93003e-09        3.60728e-10        5.65908e-08        1.47925e-07         0.00340196           0.117117        5.05759e-09        9.81385e-08        2.86505e-10           0.732761
57         0.00144414        2.51154e-05        4.30941e-06             101325           0.171584        4.30941e-06             1971.9                  0           0.974512            28.7537        1.29832e+07        7.55904e-05        9.14182e-06        0.000346423          0.0456288         0.00207249          0.0984045        2.52774e-06        3.47347e-09        2.53069e-10        4.12082e-08        1.05263e-07          0.0030866           0.117613         3.4233e-09         6.8851e-08        2.00076e-10           0.732761
58         0.00146925        2.51154e-05        4.30292e-06             101325           0.171326        4.30292e-06            1975.42                  0           0.977266            22.5672        8.78136e+06         6.8947e-05        7.91351e-06        0.000314472          0.0454769         0.00198404          0.0985217        2.35789e-06         2.4752e-09        1.79605e-10        3.04269e-08         7.6089e-08         0.00280087           0.118062        2.34794e-09        4.89411e-08        1.41359e-10           0.732761
59         0.00149437        2.51154e-05        4.29706e-06             101325           0.171092        4.29706e-06            1978.61                  0           0.979771            17.8327        5.73115e+06        6.29085e-05        6.85603e-06        0.000285671          0.0453419         0.00189933            0.09863        2.20486e-06        1.78529e-09        1.29049e-10        2.27852e-08         5.5881e-08         0.00254252           0.118468        1.63317e-09        3.52686e-08        1.01129e-10           0.732761
60         0.00151948        2.51154e-05        4.29177e-06             101325           0.170882        4.29177e-06             1981.5                  0           0.982046            14.2234        3.57456e+06        5.74438e-05        5.94917e-06         0.00025983          0.0452223         0.00181875          0.0987296        2.06783e-06        1.30425e-09        9.39408e-11        1.73077e-08        4.17027e-08         0.00230946           0.118834        1.15288e-09        2.57796e-08        7.33116e-11           0.732761
61          0.0015446        2.51154e-05        4.28703e-06             101325           0.170693        4.28703e-06             1984.1                  0           0.984105            11.4798        2.10157e+06        5.25196e-05        5.17417e-06        0.000236748          0.0451164          0.0017426          0.0988208        1.94591e-06        9.65677e-10        6.93244e-11        1.33364e-08        3.16257e-08         0.00209972           0.119164        8.26414e-10        1.91207e-08        5.38891e-11           0.732761
62         0.00156971        2.51154e-05        4.28278e-06             101325           0.170524        4.28278e-06            1986.43                  0           0.985964            9.39627        1.14172e+06        4.81003e-05        4.51386e-06        0.000216215           0.045023         0.00167109           0.098904        1.83815e-06        7.24954e-10        5.18854e-11        1.04233e-08        2.43689e-08         0.00191143           0.119459        6.01793e-10        1.43933e-08        4.01851e-11            0.73276
63         0.00159483        2.51154e-05        4.27898e-06             101325           0.170372        4.27898e-06            1988.53                  0           0.987638             7.8115             557750        4.41498e-05        3.95276e-06         0.00019802          0.0449407         0.00160438          0.0989796        1.74351e-06        5.51945e-10        3.93941e-11        8.26063e-09        1.90723e-08         0.00174282           0.119724        4.45268e-10        1.09961e-08        3.04072e-11            0.73276
64         0.00161995        2.51154e-05        4.27559e-06             101325           0.170238        4.27559e-06            1990.39                  0           0.989141            6.59947             240543        4.06316e-05        3.47701e-06        0.000181958          0.0448685          0.0015425           0.099048        1.66091e-06        4.26159e-10        3.03408e-11        6.63472e-09        1.51525e-08         0.00159224           0.119961        3.34744e-10        8.52362e-09        2.33464e-11            0.73276
65         0.00164506        2.51154e-05        4.27259e-06             101325           0.170118        4.27259e-06            1992.06                  0           0.990486            5.66294             104830        3.75097e-05        3.07437e-06        0.000167826          0.0448051         0.00148545          0.0991097        1.58926e-06        3.33574e-10        2.36964e-11         5.3962e-09        1.22095e-08         0.00145812           0.120171        2.55629e-10        6.70008e-09        1.81822e-11            0.73276
66         0.00167018        2.51154e-05        4.26992e-06             101325           0.170012        4.26992e-06            1993.53                  0           0.991687            4.92772            85436.1        3.47489e-05        2.73409e-06        0.000155433          0.0447496         0.00143316          0.0991651        1.52744e-06        2.64531e-10        1.87548e-11        4.43973e-09        9.96662e-09         0.00133898           0.120358        1.98198e-10        5.33643e-09         1.4354e-11            0.73276
67         0.00169529        2.51154e-05        4.26757e-06             101325           0.169918        4.26757e-06            1994.84                  0           0.992755            4.33813             133911        3.23158e-05        2.44684e-06        0.000144596          0.0447012         0.00138551          0.0992146         1.4744e-06        2.12337e-10        1.50282e-11        3.69046e-09        8.23074e-09         0.00123345           0.120524        1.55909e-10        4.30204e-09        1.14759e-11            0.73276
68         0.00172041        2.51154e-05         4.2655e-06             101325           0.169836         4.2655e-06            1995.99                  0           0.993703            3.85306             215484        3.01781e-05        2.20454e-06        0.000135147           0.044659         0.00134231          0.0992587         1.4291e-06        1.72318e-10        1.21774e-11        3.09492e-09        6.86593e-09         0.00114023           0.120671        1.24318e-10        3.50591e-09        9.28029e-12            0.73276
69         0.00174552        2.51154e-05        4.26368e-06             101325           0.169763        4.26368e-06            1997.01                  0           0.994542            3.44286             306336         2.8306e-05        2.00027e-06         0.00012693          0.0446224         0.00130337          0.0992978        1.39059e-06        1.41193e-10        9.96476e-12        2.61463e-09        5.77583e-09         0.00105812             0.1208         1.0038e-10        2.88415e-09        7.58068e-12            0.73276
70         0.00177064        2.51154e-05        4.26209e-06             101325             0.1697        4.26209e-06            1997.89                  0           0.995281            3.08666             391186        2.66712e-05        1.82812e-06          0.0001198          0.0445905         0.00126843          0.0993324        1.35798e-06        1.16642e-10         8.2227e-12        2.22179e-09        4.89172e-09        0.000985991           0.120913        8.19825e-11        2.39159e-09        6.24577e-12            0.73276
71         0.00179575        2.51154e-05         4.2607e-06             101325           0.169645         4.2607e-06            1998.67                  0           0.995931            2.77017             461205        2.52479e-05        1.68307e-06        0.000113629           0.044563         0.00123726          0.0993629        1.33045e-06         9.7012e-11        6.83213e-12         1.8962e-09        4.16423e-09         0.00092282           0.121012        6.76517e-11          1.996e-09        5.18256e-12            0.73276
72         0.00182087        2.51154e-05        4.25949e-06             101325           0.169596        4.25949e-06            1999.35                  0           0.996501            2.48401             512254        2.40121e-05        1.56086e-06        0.000108299          0.0445392         0.00120956          0.0993897        1.30728e-06        8.11158e-11        5.70779e-12        1.62313e-09        3.55773e-09        0.000867648           0.121099        5.63446e-11        1.67425e-09        4.32464e-12            0.73276
73         0.00184598        2.51154e-05        4.25844e-06             101325           0.169555        4.25844e-06            1999.93                  0           0.996999             2.2222             543442        2.29422e-05        1.45789e-06        0.000103705          0.0445186         0.00118508          0.0994131        1.28783e-06         6.8095e-11        4.78808e-12        1.39174e-09        3.04633e-09          0.0008196           0.121174         4.7317e-11        1.40956e-09        3.62414e-12            0.73276
74          0.0018711        2.51154e-05        4.25753e-06             101325           0.169518        4.25753e-06            2000.44                  0           0.997432            1.98116             555976        2.20183e-05        1.37113e-06        9.97535e-05           0.044501         0.00116353          0.0994335        1.27153e-06        5.73223e-11        4.02809e-12        1.19403e-09        2.61104e-09        0.000777874            0.12124        4.00321e-11        1.18965e-09        3.04624e-12            0.73276
75         0.00189622        2.51154e-05        4.25675e-06             101325           0.169487        4.25675e-06            2000.88                  0           0.997809            1.75882             552290        2.12226e-05        1.29804e-06        9.63612e-05          0.0444858         0.00114465          0.0994513         1.2579e-06        4.83344e-11        3.39467e-12        1.02401e-09        2.23781e-09        0.000741743           0.121296        3.40979e-11        1.00544e-09        2.56529e-12            0.73276
76         0.00192133        2.51154e-05        4.25607e-06             101325            0.16946        4.25607e-06            2001.26                  0           0.998135            1.55405             535395        2.05391e-05        1.23647e-06        9.34549e-05          0.0444728         0.00112816          0.0994666        1.24651e-06        4.07847e-11        2.86312e-12        8.77154e-10        1.91611e-09        0.000710544           0.121345        2.92251e-11        8.50132e-10        2.16221e-12            0.73276
77         0.00194645        2.51154e-05        4.25549e-06             101325           0.169437        4.25549e-06            2001.59                  0           0.998417            1.36619             508436        1.99534e-05        1.18461e-06        9.09697e-05          0.0444617         0.00111384          0.0994799        1.23701e-06        3.44103e-11        2.41468e-12        7.49951e-10         1.6379e-09        0.000683681           0.121388        2.51971e-11         7.1855e-10        1.82254e-12            0.73276
78         0.00197156        2.51154e-05          4.255e-06             101325           0.169418          4.255e-06            2001.86                  0            0.99866            1.19478             474396        1.94529e-05        1.14096e-06        8.88488e-05          0.0444522         0.00110143          0.0994913        1.22908e-06        2.90086e-11        2.03494e-12        6.39646e-10        1.39689e-09        0.000660615           0.121424        2.18498e-11        6.06698e-10        1.53519e-12            0.73276
79         0.00199668        2.51154e-05        4.25458e-06             101325           0.169401        4.25458e-06             2002.1                  0           0.998868            1.03939             435922        1.90261e-05        1.10422e-06        8.70424e-05          0.0444442         0.00109073          0.0995011        1.22247e-06        2.44208e-11        1.71262e-12        5.44011e-10        1.18806e-09        0.000640866           0.121455        1.90569e-11        5.11435e-10         1.2915e-12            0.73276
80         0.00202179        2.51154e-05        4.25422e-06             101325           0.169387        4.25422e-06             2002.3                  0           0.999046           0.899486             395243        1.86632e-05        1.07333e-06         8.5507e-05          0.0444373         0.00108153          0.0995095        1.21697e-06        2.05201e-11        1.43871e-12        4.61203e-10        1.00731e-09        0.000624002           0.121481          1.672e-11        4.30238e-10        1.08457e-12            0.73276
81         0.00204691        2.51154e-05        4.25392e-06             101325           0.169375        4.25392e-06            2002.48                  0           0.999199           0.774428             354148        1.83552e-05        1.04737e-06        8.42047e-05          0.0444315         0.00107365          0.0995166        1.21239e-06        1.72035e-11        1.20593e-12        3.89658e-10        8.51157e-10        0.000609643           0.121504        1.47613e-11        3.61052e-10        9.08815e-13            0.73276
82         0.00207202        2.51154e-05        4.25366e-06             101325           0.169364        4.25366e-06            2002.62                  0           0.999328           0.663433             314003        1.80946e-05        1.02558e-06        8.31023e-05          0.0444266         0.00106692          0.0995227        1.20858e-06        1.43859e-11        1.00824e-12        3.28022e-10        7.16631e-10        0.000597449           0.121523         1.3118e-11        3.02166e-10        7.59639e-13            0.73276
83         0.00209714        2.51154e-05        4.25344e-06             101325           0.169356        4.25344e-06            2002.74                  0           0.999438           0.565604             275796        1.78745e-05        1.00731e-06        8.21712e-05          0.0444225         0.00106119          0.0995279        1.20541e-06        1.19958e-11        8.40603e-13        2.75104e-10         6.0112e-10        0.000587122           0.121539        1.17395e-11        2.52139e-10        6.33203e-13            0.73276
84         0.00212225        2.51154e-05        4.25326e-06             101325           0.169348        4.25326e-06            2002.85                  0           0.999531           0.479961             240185        1.76892e-05        9.92006e-07        8.13864e-05           0.044419         0.00105633          0.0995322        1.20278e-06        9.97284e-12        6.98753e-13        2.29843e-10        5.02305e-10          0.0005784           0.121553        1.05838e-11        2.09739e-10        5.26255e-13            0.73276
85         0.00214737        2.51154e-05         4.2531e-06             101325           0.169342         4.2531e-06            2002.93                  0            0.99961           0.405468             207566        1.75334e-05        9.79209e-07        8.07264e-05          0.0444161         0.00105223          0.0995359        1.20059e-06        8.26495e-12        5.79026e-13        1.91288e-10        4.18115e-10        0.000571054           0.121564        9.61609e-12        1.73904e-10        4.36017e-13            0.73276
86         0.00217249        2.51154e-05        4.25298e-06             101325           0.169337        4.25298e-06            2003.01                  0           0.999676           0.341072             178121        1.74028e-05        9.68524e-07        8.01725e-05          0.0444136         0.00104876           0.099539        1.19878e-06        6.82733e-12        4.78265e-13        1.58586e-10        3.46689e-10        0.000564881           0.121574        8.80722e-12        1.43713e-10        3.60096e-13            0.73276
87          0.0021976        2.51154e-05        4.25287e-06             101325           0.169333        4.25287e-06            2003.07                  0           0.999732           0.285729             151874        1.72935e-05        9.59615e-07        7.97089e-05          0.0444116         0.00104585          0.0995416        1.19727e-06        5.62112e-12        3.93738e-13        1.30969e-10        2.86355e-10        0.000559709           0.121582        8.13254e-12        1.18364e-10        2.96421e-13            0.73276
88         0.00222272        2.51154e-05        4.25278e-06             101325           0.169329        4.25278e-06            2003.12                  0           0.999778           0.238429             128732        1.72024e-05        9.52202e-07        7.93216e-05          0.0444099         0.00104341          0.0995437        1.19603e-06        4.61251e-12        3.23068e-13        1.07749e-10        2.35617e-10        0.000555387           0.121589        7.57115e-12        9.71553e-11        2.43195e-13            0.73276
89         0.00224783        2.51154e-05        4.25271e-06             101325           0.169326        4.25271e-06            2003.16                  0           0.999817           0.198214             108524        1.71265e-05        9.46043e-07        7.89988e-05          0.0444085         0.00104137          0.0995455          1.195e-06        3.77215e-12        2.64193e-13        8.83119e-11        1.93136e-10        0.000551784           0.121595        7.10527e-12        7.94765e-11        1.98861e-13            0.73276
90         0.00227295        2.51154e-05        4.25265e-06             101325           0.169324        4.25265e-06            2003.19                  0            0.99985           0.164192            91028.2        1.70635e-05        9.40936e-07        7.87304e-05          0.0444073         0.00103967          0.0995471        1.19415e-06        3.07452e-12        2.15323e-13        7.21127e-11        1.57725e-10        0.000548788           0.121599        6.71975e-12        6.47952e-11        1.62065e-13            0.73276
91         0.00229806        2.51154e-05        4.25259e-06             101325           0.169322        4.25259e-06            2003.22                  0           0.999877           0.135542            75995.2        1.70113e-05         9.3671e-07        7.85078e-05          0.0444063         0.00103826          0.0995483        1.19345e-06        2.49753e-12        1.74906e-13        5.86707e-11        1.28337e-10        0.000546303           0.121603        6.40168e-12        5.26495e-11        1.31638e-13            0.73276
92         0.00232318        2.51154e-05        4.25255e-06             101325            0.16932        4.25255e-06            2003.25                  0           0.999899           0.111523            63167.9        1.69681e-05         9.3322e-07        7.83235e-05          0.0444055         0.00103708          0.0995493        1.19287e-06        2.02208e-12        1.41606e-13        4.75639e-11         1.0405e-10        0.000544247           0.121607        6.14008e-12        4.26395e-11        1.06571e-13            0.73276
93         0.00234829        2.51154e-05        4.25252e-06             101325           0.169319        4.25252e-06            2003.27                  0           0.999918          0.0914701              52291        1.69325e-05        9.30344e-07        7.81713e-05          0.0444049         0.00103612          0.0995502        1.19239e-06        1.63178e-12         1.1427e-13         3.8425e-11        8.40641e-11         0.00054255           0.121609        5.92559e-12        3.44207e-11        8.59947e-14            0.73276
94         0.00237341        2.51154e-05        4.25249e-06             101325           0.169318        4.25249e-06            2003.28                  0           0.999933           0.074795            43120.4        1.69032e-05        9.27978e-07         7.8046e-05          0.0444043         0.00103532          0.0995509        1.19201e-06        1.31255e-12        9.19129e-14         3.0936e-11        6.76843e-11        0.000541154           0.121611        5.75029e-12         2.7698e-11        6.91677e-14            0.73276
95         0.00239852        2.51154e-05        4.25247e-06             101325           0.169317        4.25247e-06             2003.3                  0           0.999945          0.0609807            35429.2        1.68791e-05        9.26036e-07         7.7943e-05          0.0444039         0.00103466          0.0995515        1.19169e-06        1.05241e-12        7.36949e-14        2.48235e-11        5.43137e-11        0.000540007           0.121613        5.60748e-12        2.22194e-11        5.54566e-14            0.73276
96         0.00242364        2.51154e-05        4.25245e-06             101325           0.169316        4.25245e-06            2003.31                  0           0.999956          0.0495774            29009.8        1.68594e-05        9.24446e-07        7.78585e-05          0.0444035         0.00103412           0.099552        1.19143e-06        8.41187e-13        5.89031e-14        1.98538e-11         4.3442e-11        0.000539067           0.121615         5.4915e-12        1.77707e-11        4.43246e-14            0.73276
97         0.00244876        2.51154e-05        4.25243e-06             101325           0.169316        4.25243e-06            2003.31                  0           0.999964          0.0401962            23675.9        1.68433e-05        9.23147e-07        7.77894e-05          0.0444032         0.00103367          0.0995523        1.19121e-06         6.7029e-13        4.69356e-14        1.58285e-11        3.46357e-11        0.000538299           0.121616        5.39761e-12        1.41713e-11        3.53185e-14            0.73276
98         0.00247387        2.51154e-05        4.25242e-06             101325           0.169315        4.25242e-06            2003.32                  0           0.999971          0.0325039            19262.7        1.68302e-05        9.22087e-07         7.7733e-05           0.044403         0.00103331          0.0995527        1.19104e-06        5.32502e-13        3.72869e-14        1.25801e-11        2.75286e-11        0.000537673           0.121617        5.32185e-12        1.12693e-11        2.80575e-14            0.73276
99         0.00249899        2.51154e-05        4.25241e-06             101325           0.169315        4.25241e-06            2003.33                  0           0.999977          0.0262163            15625.6        1.68195e-05        9.21225e-07         7.7687e-05          0.0444028         0.00103302          0.0995529         1.1909e-06         4.2179e-13        2.95344e-14        9.96812e-12        2.18135e-11        0.000537163           0.121618         5.2609e-12        8.93748e-12        2.22237e-14            0.73276
100          0.0025241        2.51154e-05         4.2524e-06             101325           0.169314         4.2524e-06            2003.33                  0           0.999981          0.0210922            12639.1        1.68108e-05        9.20525e-07        7.76497e-05          0.0444026         0.00103278          0.0995531        1.19078e-06         3.3313e-13        2.33261e-14        7.87512e-12        1.72338e-11         0.00053675           0.121618        5.21201e-12        7.07019e-12         1.7552e-14            0.73276
101         0.00254922        2.51154e-05         4.2524e-06             101325           0.169314         4.2524e-06            2003.34                  0           0.999985          0.0169283            10195.4        1.68038e-05        9.19959e-07        7.76195e-05          0.0444025         0.00103259          0.0995533        1.19069e-06        2.62361e-13        1.83707e-14        6.20365e-12        1.35762e-11        0.000536415           0.121619        5.17292e-12        5.57974e-12        1.38231e-14            0.73276
102         0.00257433        2.51154e-05        4.25239e-06             101325           0.169314        4.25239e-06            2003.34                  0           0.999988          0.0135543            8202.42        1.67981e-05          9.195e-07         7.7595e-05          0.0444024         0.00103243          0.0995534        1.19062e-06        2.06053e-13        1.44279e-14        4.87318e-12        1.06648e-11        0.000536145           0.121619        5.14176e-12        4.39388e-12        1.08563e-14            0.73276
103         0.00259945        2.51154e-05        4.25239e-06             101325           0.169314        4.25239e-06            2003.34                  0            0.99999          0.0108276            6582.15        1.67935e-05        9.19131e-07        7.75752e-05          0.0444023          0.0010323          0.0995536        1.19056e-06        1.61391e-13        1.13006e-14        3.81754e-12        8.35465e-12        0.000535927            0.12162        5.11699e-12        3.45331e-12        8.50312e-15            0.73276
104         0.00262456        2.51154e-05        4.25238e-06             101325           0.169314        4.25238e-06            2003.34                  0           0.999992         0.00862979            5268.85        1.67899e-05        9.18833e-07        7.75593e-05          0.0444022          0.0010322          0.0995536        1.19051e-06        1.26074e-13        8.82769e-15        2.98253e-12        6.52734e-12        0.000535751            0.12162        5.09735e-12        2.70955e-12        6.64234e-15            0.73276
105         0.00264968        2.51154e-05        4.25238e-06             101325           0.169313        4.25238e-06            2003.35                  0           0.999994         0.00686279            4207.38        1.67869e-05        9.18594e-07        7.75466e-05          0.0444022         0.00103212          0.0995537        1.19047e-06         9.8228e-14        6.87789e-15        2.32403e-12        5.08623e-12        0.000535611            0.12162        5.08182e-12        2.12314e-12        5.17521e-15            0.73276
106         0.00267479        2.51154e-05        4.25238e-06             101325           0.169313        4.25238e-06            2003.35                  0           0.999995         0.00544568            3351.85        1.67845e-05        9.18403e-07        7.75363e-05          0.0444021         0.00103205          0.0995538        1.19044e-06        7.63358e-14          5.345e-15        1.80622e-12        3.95303e-12        0.000535498            0.12162        5.06958e-12        1.66213e-12        4.02179e-15            0.73276
107         0.00269991        2.51154e-05        4.25238e-06             101325           0.169313        4.25238e-06            2003.35                  0           0.999996         0.00431199            2664.21        1.67826e-05         9.1825e-07        7.75281e-05          0.0444021           0.001032          0.0995538        1.19041e-06        5.91756e-14        4.14344e-15        1.40029e-12        3.06463e-12        0.000535408            0.12162        5.05995e-12        1.30077e-12        3.11769e-15            0.73276
108         0.00272503        2.51154e-05        4.25238e-06             101325           0.169313        4.25238e-06            2003.35                  0           0.999997          0.0034071            2112.88        1.67811e-05        9.18128e-07        7.75216e-05          0.0444021         0.00103196          0.0995539        1.19039e-06        4.57631e-14         3.2043e-15        1.08296e-12        2.37016e-12        0.000535336           0.121621         5.0524e-12        1.01834e-12        2.41105e-15            0.73276
109         0.00275014        2.51154e-05        4.25237e-06             101325           0.169313        4.25237e-06            2003.35                  0           0.999998          0.0026865            1671.95        1.67799e-05         9.1803e-07        7.75164e-05          0.0444021         0.00103192          0.0995539        1.19038e-06        3.53077e-14        2.47221e-15        8.35578e-13        1.82875e-12        0.000535279           0.121621         5.0465e-12        7.98178e-13         1.8602e-15            0.73276
110         0.00277526        2.51154e-05        4.25237e-06             101325           0.169313        4.25237e-06            2003.35                  0           0.999998         0.00211396            1320.17         1.6779e-05        9.17953e-07        7.75122e-05           0.044402          0.0010319          0.0995539        1.19037e-06        2.71781e-14        1.90299e-15        6.43212e-13        1.40774e-12        0.000535234           0.121621        5.04189e-12        6.26998e-13        1.43189e-15            0.73276
111         0.00280037        2.51154e-05        4.25237e-06             101325           0.169313        4.25237e-06            2003.35                  0           0.999999         0.00166008            1040.19        1.67782e-05        9.17892e-07        7.75089e-05           0.044402         0.00103188          0.0995539        1.19036e-06        2.08734e-14        1.46153e-15        4.94014e-13        1.08121e-12        0.000535198           0.121621         5.0383e-12        4.94242e-13        1.09973e-15            0.73276
112         0.00282549        2.51154e-05        4.25237e-06             101325           0.169313        4.25237e-06            2003.35                  0           0.999999         0.00130104            817.879        1.67776e-05        9.17843e-07        7.75063e-05           0.044402         0.00103186          0.0995539        1.19035e-06        1.59977e-14        1.12015e-15        3.78631e-13        8.28681e-13        0.000535169           0.121621        5.03551e-12        3.91581e-13        8.42857e-16            0.73276
113          0.0028506        2.51154e-05        4.25237e-06             101325           0.169313        4.25237e-06            2003.35                  0           0.999999         0.00101765            641.756        1.67771e-05        9.17805e-07        7.75043e-05           0.044402         0.00103185          0.0995539        1.19034e-06        1.22371e-14         8.5683e-16         2.8963e-13        6.33894e-13        0.000535147           0.121621        5.03336e-12        3.12397e-13        6.44729e-16            0.73276
114         0.00287572        2.51154e-05        4.25237e-06             101325           0.169313        4.25237e-06            2003.35                  0           0.999999         0.00079444            502.537        1.67768e-05        9.17775e-07        7.75027e-05           0.044402         0.00103184           0.099554        1.19034e-06         9.3435e-15        6.54223e-16        2.21148e-13        4.84011e-13        0.000535129           0.121621        5.03169e-12        2.51471e-13        4.92282e-16            0.73276
115         0.00290083        2.51154e-05        4.25237e-06             101325           0.169313        4.25237e-06            2003.35                  0           0.999999         0.00061899            392.729        1.67765e-05        9.17751e-07        7.75014e-05           0.044402         0.00103183           0.099554        1.19033e-06        7.12267e-15        4.98723e-16        1.68586e-13        3.68974e-13        0.000535115           0.121621         5.0304e-12        2.04711e-13        3.75279e-16            0.73276
116         0.00292595        2.51154e-05        4.25237e-06             101325           0.169313        4.25237e-06            2003.35                  0                  1        0.000481365            306.302        1.67762e-05        9.17733e-07        7.75004e-05           0.044402         0.00103182           0.099554        1.19033e-06        5.42208e-15        3.79649e-16        1.28336e-13        2.80881e-13        0.000535105           0.121621        5.02942e-12        1.68904e-13        2.85684e-16            0.73276
117         0.00295106        2.51154e-05        4.25237e-06             101325           0.169313        4.25237e-06            2003.35                  0                  1        0.000373633            238.426        1.67761e-05        9.17718e-07        7.74996e-05           0.044402         0.00103182           0.099554        1.19033e-06        4.12218e-15        2.88631e-16        9.75692e-14        2.13544e-13        0.000535096           0.121621        5.02866e-12        1.41535e-13        2.17199e-16            0.73276
118         0.00297618        2.51154e-05        4.25237e-06             101325           0.169313        4.25237e-06            2003.35                  0                  1        0.000289473            185.233        1.67759e-05        9.17707e-07         7.7499e-05           0.044402         0.00103181           0.099554        1.19033e-06        3.13085e-15        2.19219e-16        7.41057e-14        1.62191e-13        0.000535089           0.121621        5.02807e-12        1.20662e-13        1.64972e-16            0.73276
119         0.00300129        2.51154e-05        4.25237e-06             101325           0.169313        4.25237e-06            2003.35                  0                  1        0.000223857            143.631        1.67758e-05        9.17698e-07        7.74985e-05           0.044402         0.00103181           0.099554        1.19032e-06        2.37702e-15        1.66437e-16        5.62632e-14         1.2314e-13        0.000535084           0.121621        5.02763e-12         1.0479e-13        1.25257e-16            0.73276
120         0.00302641        2.51154e-05        4.25237e-06             101325           0.169313        4.25237e-06            2003.35                  0                  1          0.0001728            111.161        1.67757e-05        9.17691e-07        7.74982e-05           0.044402         0.00103181           0.099554        1.19032e-06        1.80278e-15        1.26229e-16        4.26712e-14        9.33922e-14         0.00053508           0.121621        5.02729e-12        9.26998e-14        9.50033e-17            0.73276
121         0.00305153        2.51154e-05        4.25237e-06             101325           0.169313        4.25237e-06            2003.35                  0                  1        0.000133145            85.8699        1.67757e-05        9.17685e-07        7.74979e-05           0.044402          0.0010318           0.099554        1.19032e-06        1.36571e-15        9.56258e-17        3.23261e-14        7.07504e-14        0.000535077           0.121621        5.02703e-12        8.34975e-14        7.19768e-17            0.73276
122         0.00307664        2.51154e-05        4.25237e-06             101325           0.169313        4.25237e-06            2003.35                  0                  1        0.000102407            66.2097        1.67756e-05        9.17681e-07        7.74976e-05           0.044402          0.0010318           0.099554        1.19032e-06        1.03348e-15        7.23632e-17        2.44623e-14        5.35394e-14        0.000535075           0.121621        5.02683e-12        7.65024e-14        5.44734e-17            0.73276
123         0.00310176        2.51154e-05        4.25237e-06             101325           0.169313        4.25237e-06            2003.35                  0                  1         7.8625e-05            50.9569        1.67756e-05        9.17678e-07        7.74975e-05           0.044402          0.0010318           0.099554        1.19032e-06        7.81032e-16         5.4687e-17        1.84869e-14        4.04614e-14        0.000535073           0.121621        5.02668e-12        7.11871e-14        4.11734e-17            0.73276
124         0.00312687        2.51154e-05        4.25237e-06             101325           0.169313        4.25237e-06            2003.35                  0                  1        6.02594e-05            39.1466        1.67755e-05        9.17675e-07        7.74973e-05           0.044402          0.0010318           0.099554        1.19032e-06        5.89512e-16         4.1277e-17        1.39537e-14        3.05397e-14        0.000535071           0.121621        5.02656e-12        6.71547e-14        3.10833e-17            0.73276
125         0.00315199        2.51154e-05        4.25237e-06             101325           0.169313        4.25237e-06            2003.35                  0                  1        4.61031e-05            30.0193        1.67755e-05        9.17673e-07        7.74972e-05           0.044402          0.0010318           0.099554        1.19032e-06        4.44124e-16        3.10971e-17        1.05124e-14        2.30079e-14         0.00053507           0.121621        5.02647e-12        6.40936e-14        2.34236e-17            0.73276
126          0.0031771        2.51154e-05        4.25237e-06             101325           0.169313        4.25237e-06            2003.35                  0                  1         3.5211e-05            22.9791        1.67755e-05        9.17672e-07        7.74972e-05           0.044402          0.0010318           0.099554        1.19032e-06        3.34281e-16         2.3406e-17        7.91239e-15        1.73175e-14        0.000535069           0.121621        5.02641e-12        6.17809e-14        1.76366e-17            0.73276
127         0.00320222        2.51154e-05        4.25237e-06             101325           0.169313        4.25237e-06            2003.35                  0                  1        2.68461e-05            17.5587        1.67755e-05        9.17671e-07        7.74971e-05           0.044402          0.0010318           0.099554        1.19032e-06         2.5166e-16         1.7621e-17        5.95678e-15        1.30373e-14        0.000535069           0.121621        5.02636e-12        6.00413e-14        1.32838e-17            0.73276
128         0.00322733        2.51154e-05        4.25237e-06             101325           0.169313        4.25237e-06            2003.35                  0                  1        2.04339e-05            13.3931        1.67755e-05         9.1767e-07         7.7497e-05           0.044402          0.0010318           0.099554        1.19032e-06        1.89782e-16        1.32883e-17        4.49212e-15        9.83169e-15        0.000535068           0.121621        5.02632e-12        5.87385e-14        1.00238e-17            0.73276
129         0.00325245        2.51154e-05        4.25237e-06             101325           0.169313        4.25237e-06            2003.35                  0                  1        1.55275e-05            10.1976        1.67755e-05        9.17669e-07         7.7497e-05           0.044402          0.0010318           0.099554        1.19032e-06        1.43332e-16         1.0036e-17        3.39266e-15        7.42536e-15        0.000535068           0.121621        5.02629e-12        5.77605e-14        7.57666e-18            0.73276
130         0.00327756        2.51154e-05        4.25237e-06             101325           0.169313        4.25237e-06            2003.35                  0                  1        1.17797e-05            7.75093        1.67755e-05        9.17669e-07         7.7497e-05           0.044402          0.0010318           0.099554        1.19032e-06         1.0897e-16        7.62998e-18        2.57932e-15        5.64523e-15        0.000535068           0.121621        5.02627e-12         5.7037e-14        5.76633e-18            0.73276
131         0.00330268        2.51154e-05        4.25237e-06             101325           0.169313        4.25237e-06            2003.35                  0                  1        8.92237e-06            5.88065        1.67754e-05        9.17668e-07         7.7497e-05           0.044402          0.0010318           0.099554        1.19032e-06        8.30091e-17         5.8122e-18        1.96482e-15         4.3003e-15        0.000535067           0.121621        5.02625e-12        5.64904e-14        4.39859e-18            0.73276
132          0.0033278        2.51154e-05        4.25237e-06             101325           0.169313        4.25237e-06            2003.35                  0                  1        6.74717e-06            4.45403        1.67754e-05        9.17668e-07        7.74969e-05           0.044402          0.0010318           0.099554        1.19032e-06        6.32248e-17        4.42693e-18        1.49652e-15        3.27537e-15        0.000535067           0.121621        5.02624e-12        5.60739e-14        3.35627e-18            0.73276
133         0.00335291        2.51154e-05        4.25237e-06             101325           0.169313        4.25237e-06            2003.35                  0                  1        5.09406e-06            3.36776        1.67754e-05        9.17668e-07        7.74969e-05           0.044402          0.0010318           0.099554        1.19032e-06        4.81429e-17        3.37091e-18        1.13954e-15        2.49405e-15        0.000535067           0.121621        5.02623e-12        5.57563e-14        2.56169e-18            0.73276
134         0.00337803        2.51154e-05        4.25237e-06             101325           0.169313        4.25237e-06            2003.35                  0                  1        3.83985e-06            2.54213        1.67754e-05        9.17668e-07        7.74969e-05           0.044402          0.0010318           0.099554        1.19032e-06        3.66274e-17        2.56461e-18        8.66965e-16        1.89748e-15        0.000535067           0.121621        5.02622e-12        5.55139e-14        1.95501e-18            0.73276
135         0.00340314        2.51154e-05        4.25237e-06             101325           0.169313        4.25237e-06            2003.35                  0                  1        2.88984e-06            1.91569        1.67754e-05        9.17668e-07        7.74969e-05           0.044402          0.0010318           0.099554        1.19032e-06        2.78032e-17        1.94674e-18        6.58096e-16        1.44034e-15        0.000535067           0.121621        5.02622e-12        5.53281e-14        1.49011e-18            0.73276
136         0.00342826        2.51154e-05        4.25237e-06             101325           0.169313        4.25237e-06            2003.35                  0                  1        2.17142e-06            1.44127        1.67754e-05        9.17668e-07        7.74969e-05           0.044402          0.0010318           0.099554        1.19032e-06        2.09833e-17        1.46922e-18        4.96669e-16        1.08703e-15        0.000535067           0.121621        5.02621e-12        5.51845e-14        1.13081e-18            0.73276
137         0.00345337        2.51154e-05        4.25237e-06             101325           0.169313        4.25237e-06            2003.35                  0                  1        1.62894e-06            1.08263        1.67754e-05        9.17667e-07        7.74969e-05           0.044402          0.0010318           0.099554        1.19032e-06        1.60312e-17        1.12248e-18        3.79453e-16        8.30488e-16        0.000535067           0.121621        5.02621e-12        5.50802e-14        8.69915e-19            0.73276
138         0.00347849        2.51154e-05        4.25237e-06             101325           0.169313        4.25237e-06            2003.35                  0                  1         1.2204e-06           0.811744        1.67754e-05        9.17667e-07        7.74969e-05           0.044402          0.0010318           0.099554        1.19032e-06        1.22785e-17        8.59718e-19        2.90626e-16        6.36074e-16        0.000535067           0.121621        5.02621e-12        5.50012e-14        6.72203e-19            0.73276
139          0.0035036        2.51154e-05        4.25237e-06             101325           0.169313        4.25237e-06            2003.35                  0                  1        9.12908e-07           0.607679        1.67754e-05        9.17667e-07        7.74969e-05           0.044402          0.0010318           0.099554        1.19032e-06        9.37089e-18        6.56133e-19        2.21803e-16        4.85447e-16        0.000535067           0.121621        5.02621e-12          5.494e-14         5.1902e-19            0.73276
140         0.00352872        2.51154e-05        4.25237e-06             101325           0.169313        4.25237e-06            2003.35                  0                  1        6.81822e-07           0.454219        1.67754e-05        9.17667e-07        7.74969e-05           0.044402          0.0010318           0.099554        1.19032e-06        7.13034e-18        4.99252e-19         1.6877e-16        3.69374e-16        0.000535067           0.121621         5.0262e-12        5.48928e-14        4.00979e-19            0.73276
141         0.00355383        2.51154e-05        4.25237e-06             101325           0.169313        4.25237e-06            2003.35                  0                  1        5.08464e-07           0.339006        1.67754e-05        9.17667e-07        7.74969e-05           0.044402          0.0010318           0.099554        1.19032e-06        5.41311e-18        3.79014e-19        1.28123e-16        2.80413e-16        0.000535067           0.121621         5.0262e-12        5.48567e-14        3.10508e-19            0.73276
142         0.00357895        2.51154e-05        4.25237e-06             101325           0.169313        4.25237e-06            2003.35                  0                  1        3.78646e-07           0.252657        1.67754e-05        9.17667e-07        7.74969e-05           0.044402          0.0010318           0.099554        1.19032e-06        4.10227e-18        2.87229e-19        9.70953e-17        2.12504e-16        0.000535067           0.121621         5.0262e-12        5.48291e-14        2.41447e-19            0.73276
143         0.00360407        2.51154e-05        4.25237e-06             101325           0.169313        4.25237e-06            2003.35                  0                  1        2.81601e-07           0.188052        1.67754e-05        9.17667e-07        7.74969e-05           0.044402          0.0010318           0.099554        1.19032e-06        3.10491e-18        2.17395e-19        7.34878e-17        1.60835e-16        0.000535067           0.121621         5.0262e-12        5.48081e-14        1.88902e-19            0.73276
144         0.00362918        2.51154e-05        4.25237e-06             101325           0.169313        4.25237e-06            2003.35                  0                  1        2.09202e-07           0.139812        1.67754e-05        9.17667e-07        7.74969e-05           0.044402          0.0010318           0.099554        1.19032e-06        2.34839e-18        1.64425e-19        5.55811e-17        1.21644e-16        0.000535067           0.121621         5.0262e-12        5.47921e-14        1.49046e-19            0.73276
145          0.0036543        2.51154e-05        4.25237e-06             101325           0.169313        4.25237e-06            2003.35                  0                  1        1.55309e-07           0.103873        1.67754e-05        9.17667e-07        7.74969e-05           0.044402          0.0010318           0.099554        1.19032e-06        1.77647e-18        1.24379e-19        4.20437e-17         9.2015e-17        0.000535067           0.121621         5.0262e-12        5.47801e-14        1.18915e-19            0.73276
146         0.00367941        2.51154e-05        4.25237e-06             101325           0.169313        4.25237e-06            2003.35                  0                  1        1.15308e-07          0.0771751        1.67754e-05        9.17667e-07        7.74969e-05           0.044402          0.0010318           0.099554        1.19032e-06        1.34597e-18        9.42366e-20        3.18539e-17         6.9713e-17        0.000535067           0.121621         5.0262e-12         5.4771e-14        9.62344e-20            0.73276
147         0.00370453        2.51154e-05        4.25237e-06             101325           0.169313        4.25237e-06            2003.35                  0                  1        8.57323e-08          0.0574185        1.67754e-05        9.17667e-07        7.74969e-05           0.044402          0.0010318           0.099554        1.19032e-06        1.02402e-18        7.16941e-20        2.42334e-17        5.30343e-17        0.000535067           0.121621         5.0262e-12        5.47642e-14        7.92728e-20            0.73276
148         0.00372964        2.51154e-05        4.25237e-06             101325           0.169313        4.25237e-06            2003.35                  0                  1        6.40186e-08          0.0429043        1.67754e-05        9.17667e-07        7.74969e-05           0.044402          0.0010318           0.099554        1.19032e-06        7.85835e-19        5.50164e-20        1.85955e-17        4.06949e-17        0.000535067           0.121621         5.0262e-12        5.47592e-14         6.6724e-20            0.73276
149         0.00375476        2.51154e-05        4.25237e-06             101325           0.169313        4.25237e-06            2003.35                  0                  1        4.82496e-08          0.0323573        1.67754e-05        9.17667e-07        7.74969e-05           0.044402          0.0010318           0.099554        1.19032e-06           6.13e-19        4.29147e-20        1.45045e-17        3.17411e-17        0.000535067           0.121621         5.0262e-12        5.47556e-14        5.76183e-20            0.73276
150         0.00377987        2.51154e-05        4.25237e-06             101325           0.169313        4.25237e-06            2003.35                  0                  1        3.70217e-08          0.0248421        1.67754e-05        9.17667e-07        7.74969e-05           0.044402          0.0010318           0.099554        1.19032e-06        4.92183e-19        3.44552e-20        1.16447e-17        2.54821e-17        0.000535067           0.121621         5.0262e-12         5.4753e-14        5.12532e-20            0.73276
151         0.00380499        2.51154e-05        4.25237e-06             101325           0.169313        4.25237e-06            2003.35                  0                  1        2.93507e-08          0.0197038        1.67754e-05        9.17667e-07        7.74969e-05           0.044402          0.0010318           0.099554        1.19032e-06        4.14169e-19        2.89927e-20        9.79813e-18        2.14406e-17        0.000535067           0.121621         5.0262e-12        5.47514e-14        4.71431e-20            0.73276
152          0.0038301        2.51154e-05        4.25237e-06             101325           0.169313        4.25237e-06            2003.35                  0                  1        2.45829e-08          0.0165117        1.67754e-05        9.17667e-07        7.74969e-05           0.044402          0.0010318           0.099554        1.19032e-06        3.73162e-19        2.61214e-20        8.82749e-18        1.93162e-17        0.000535067           0.121621         5.0262e-12        5.47505e-14        4.49827e-20            0.73276
