# Time 0.000185
# eta = 0.002
# length = 0.000883384
#--- 	  	 LEM Line data  --- 
#(1) wafer              (2) x             (3) dx              (4) m              (5) p            (6) rho              (7) m              (8) T              (9) Z             (10) C          (11) dCdt       (12) heatRel                  (13) Y_H2                  (14) Y_H                  (15) Y_O                  (16) Y_O2                  (17) Y_OH                  (18) Y_H2O                  (19) Y_HO2                  (20) Y_CH2                  (21) Y_CH2(S)                  (22) Y_CH3                  (23) Y_CH4                  (24) Y_CO                  (25) Y_CO2                  (26) Y_HCO                  (27) Y_CH2O                  (28) Y_CH2OH                  (29) Y_N2
0        1.25578e-05        2.51157e-05        2.84221e-05             101325            1.13165        2.84221e-05            300.001                  0                  0                  0           -55.8125        1.00811e-11        1.01683e-20          5.104e-13           0.222598        9.73042e-13        2.54748e-08        4.40376e-11        1.29636e-20        6.83635e-22        1.99096e-10          0.0446421        3.02083e-10        3.05762e-08        8.13998e-21        4.67567e-11        1.47078e-24            0.73276
1        3.76735e-05        2.51157e-05         2.8422e-05             101325            1.13165         2.8422e-05            300.001                  0        2.61786e-07        7.43387e-08           0.054747         2.5261e-11        5.42114e-20        1.02977e-12           0.222598         2.0483e-12        6.23004e-08        1.05717e-10        7.20263e-20         3.7368e-21        4.89552e-10           0.044642        7.53389e-10        7.47552e-08        4.54673e-20        1.17739e-10        8.07668e-24            0.73276
2        6.27891e-05        2.51157e-05        2.84218e-05             101325            1.13164        2.84218e-05            300.004                  0        6.31478e-07        1.54044e-07           0.113671         7.3746e-11        3.50319e-19        2.35938e-12           0.222598         4.9282e-12        1.77236e-07        2.94489e-10        4.84608e-19        2.50341e-20        1.40096e-09           0.044642        2.18871e-09        2.12603e-07        3.06896e-19        3.45247e-10        5.41495e-23            0.73276
3        8.79048e-05        2.51157e-05        2.84211e-05             101325            1.13161        2.84211e-05            300.011                  0         1.7999e-06        3.71529e-07           0.275403        2.14397e-10        2.15626e-18         5.3105e-12           0.222597        1.17126e-11        5.01724e-07        8.14693e-10        3.11862e-18        1.60911e-19        3.99044e-09          0.0446418        6.33254e-09        6.01643e-07        1.98025e-18        1.00742e-09        3.48243e-22            0.73276
4         0.00011302        2.51157e-05        2.84194e-05             101325            1.13154        2.84194e-05             300.03                  0        5.09386e-06        8.83359e-07           0.661891        6.05118e-10        1.21433e-17        1.12738e-11           0.222596        2.65035e-11        1.37592e-06        2.17669e-09        1.84974e-17         9.5525e-19         1.1017e-08          0.0446414        1.77856e-08        1.64934e-06        1.17756e-17        2.85216e-09        2.06888e-21            0.73276
5        0.000138136        2.51157e-05        2.84147e-05             101325            1.13136        2.84147e-05            300.078                  0        1.39613e-05        2.00078e-06            1.53907        1.65134e-09         6.1776e-17        2.22306e-11           0.222592        5.64338e-11        3.63826e-06        5.58683e-09        1.00069e-16        5.16947e-18        2.93456e-08          0.0446404         4.8296e-08        4.35943e-06        6.39103e-17        7.80255e-09        1.12164e-20            0.73276
6        0.000163252        2.51157e-05        2.84033e-05             101325             1.1309        2.84033e-05            300.199                  0        3.68928e-05        4.27443e-06            3.50118        4.34999e-09        2.79701e-16        4.01499e-11           0.222582        1.12084e-10        9.25593e-06         1.3738e-08        4.87753e-16        2.52262e-17        7.52551e-08          0.0446379        1.26598e-07        1.10853e-05        3.12756e-16        2.05888e-08        5.49388e-20            0.73276
7        0.000188367        2.51157e-05        2.83763e-05             101325            1.12983        2.83763e-05            300.485                  0        9.37898e-05        8.56863e-06            8.07375        1.10448e-08        1.10968e-15        6.52047e-11           0.222558        2.05514e-10        2.26086e-05        3.22806e-08        2.11671e-15        1.09612e-16        1.85421e-07          0.0446318         3.1992e-07         2.7062e-05        1.36502e-15        5.23177e-08        2.40566e-19            0.73276
8        0.000213483        2.51157e-05        2.83153e-05             101325             1.1274        2.83153e-05            301.132                  0        0.000228915        1.60739e-05            19.9398        2.69854e-08        3.77083e-15        9.27961e-11           0.222505        3.43338e-10        5.28977e-05        7.22697e-08        8.03566e-15        4.17513e-16        4.37934e-07           0.044618        7.78282e-07        6.32758e-05        5.22572e-15        1.27788e-07        9.30719e-19            0.73276
9        0.000238599        2.51157e-05        2.81852e-05             101325            1.12222        2.81852e-05            302.522                  0        0.000535166        2.82543e-05            54.9424        6.33208e-08          1.071e-14         1.1164e-10           0.222389        5.14087e-10        0.000118217        1.53652e-07        2.61599e-14        1.36771e-15        9.88728e-07          0.0445883        1.81961e-06        0.000141299         1.7244e-14        2.99355e-07        3.14424e-18            0.73276
10        0.000263714        2.51157e-05        2.79244e-05             101325            1.11183        2.79244e-05            305.347                  0         0.00119505        4.68516e-05            166.732        1.42326e-07        2.48025e-14        1.08293e-10           0.222153        6.77457e-10        0.000251456        3.09082e-07        7.13238e-14        3.77372e-15        2.12639e-06          0.0445277        4.07952e-06        0.000300264        4.80887e-14        6.70615e-07        9.20256e-18            0.73276
11         0.00028883        2.51157e-05        2.74401e-05             101325            1.09255        2.74401e-05            310.734                  0         0.00254009        7.39122e-05            529.019        3.05384e-07        4.65353e-14        8.02932e-11           0.221702        7.76739e-10        0.000506787        5.85988e-07        1.60101e-13        8.65558e-15        4.33695e-06          0.0444113        8.74461e-06        0.000604438        1.12142e-13        1.43114e-06        2.35587e-17            0.73276
12        0.000313946        2.51157e-05         2.6621e-05             101325            1.05994         2.6621e-05            320.293                  0         0.00511636        0.000111201            1668.59        6.22807e-07        7.53046e-14        4.37277e-11           0.220897        7.94412e-10         0.00096265         1.0438e-06         3.0247e-13        1.69738e-14        8.34528e-06          0.0442035        1.78534e-05         0.00114645        2.25908e-13        2.89545e-06        5.64997e-17            0.73276
13        0.000339061        2.51157e-05        2.53812e-05             101325            1.01057        2.53812e-05            335.932                  0         0.00971504         0.00016141            5020.57        1.20176e-06        1.30974e-13        1.75705e-11           0.219569        8.26739e-10         0.00171446        1.74553e-06        5.50529e-13        3.28071e-14        1.50729e-05          0.0438603        3.45753e-05         0.00203803        4.56851e-13        5.52516e-06        1.55092e-16            0.73276
14        0.000364177        2.51157e-05        2.37239e-05             101325           0.944586        2.37239e-05            359.391                  0          0.0172991        0.000249892            13885.4        2.18666e-06        3.34631e-13        5.58576e-12           0.217559        1.12213e-09         0.00285343        2.75001e-06        1.22165e-12        7.89508e-14        2.54721e-05          0.0433398        6.33203e-05         0.00338415        1.17743e-12        9.90575e-06        6.05798e-16            0.73276
15        0.000389293        2.51157e-05        2.17677e-05             101325           0.866697        2.17677e-05            391.673                  0          0.0287862        0.000512332            34474.2        3.75025e-06        1.20122e-12        1.86301e-12           0.214761        2.12656e-09         0.00444022        4.11567e-06        3.42548e-12        2.40875e-13        4.02992e-05          0.0426132        0.000109614         0.00525114         3.9073e-12        1.66743e-05        3.04079e-15            0.73276
16        0.000414408        2.51157e-05        1.96992e-05             101325           0.784341        1.96992e-05            432.773                  0          0.0447715         0.00143898            76879.9        6.08155e-06        4.61331e-12        2.02824e-12           0.211149        4.66293e-09         0.00649063        5.91701e-06        1.01988e-11        7.73314e-13        5.99733e-05          0.0416724        0.000179876         0.00764957        1.38002e-11        2.64379e-05         1.5575e-14            0.73276
17        0.000439524        2.51157e-05        1.76924e-05             101325           0.704438        1.76924e-05            481.821                  0          0.0653709         0.00451266             157546        9.37916e-06        1.65723e-11        6.98848e-12           0.206768        1.02062e-08         0.00898075        8.26174e-06        2.87588e-11        2.31947e-12         8.4596e-05           0.040527        0.000281311          0.0105407          4.616e-11        3.97292e-05        7.25932e-14            0.73276
18         0.00046464        2.51157e-05        1.58588e-05             101325           0.631433        1.58588e-05            537.467                  0          0.0902707          0.0136363             306265         1.3852e-05        5.42388e-11        2.85806e-11           0.201706        2.10149e-08          0.0118631           1.13e-05        7.41038e-11        6.25593e-12        0.000114074          0.0391972        0.000421976          0.0138559        1.41031e-10        5.70034e-05        2.97945e-13            0.73276
19        0.000489755        2.51157e-05        1.42457e-05             101325           0.567204        1.42457e-05            598.238                  0           0.118902          0.0374392             578841        1.97244e-05        1.64147e-10        1.16351e-10           0.196063        4.00146e-08          0.0150823        1.52259e-05         1.7441e-10        1.51512e-11        0.000148254          0.0377067         0.00061096          0.0175156        3.93017e-10        7.86526e-05        1.08233e-12            0.73276
20        0.000514871        2.51157e-05        1.28561e-05             101325           0.511875        1.28561e-05            662.775                  0           0.150615          0.0917471        1.07356e+06        2.72412e-05        4.70036e-10        4.57162e-10           0.189937        7.08559e-08          0.0185854        2.02763e-05        3.82286e-10        3.35837e-11        0.000187009          0.0360782        0.000858563          0.0214417        1.01344e-09        0.000105015        3.56872e-12           0.732759
21        0.000539986        2.51157e-05        1.16704e-05             101325           0.464666        1.16704e-05            729.934                  0           0.184786           0.201801        1.95351e+06        3.66715e-05         1.2909e-09        1.70018e-09           0.183413        1.19226e-07           0.022327        2.67256e-05        8.06649e-10        7.04245e-11        0.000230297          0.0343307         0.00117642           0.025563        2.46775e-09        0.000136372        1.10356e-11           0.732759
22        0.000565102        2.51157e-05        1.06609e-05             101325           0.424471        1.06609e-05            798.816                  0           0.220868           0.407591        3.49234e+06        4.83081e-05        3.40414e-09        5.90147e-09           0.176562        1.97343e-07          0.0262699        3.48767e-05        1.70508e-09        1.45605e-10        0.000278178          0.0324795         0.00157753           0.029817        5.78626e-09        0.000172946        3.29126e-11           0.732759
23        0.000590218        2.51157e-05         9.7991e-06             101325           0.390159         9.7991e-06            868.746                  0           0.258406           0.784557        6.18779e+06        6.24653e-05        8.59183e-09        1.89849e-08            0.16944        3.35534e-07          0.0303854        4.50403e-05        3.73495e-09        3.08643e-10         0.00033083          0.0305359         0.00207614          0.0341495        1.32569e-08        0.000214888        9.61026e-11           0.732759
24        0.000615333        2.51157e-05        9.05949e-06             101325           0.360711        9.05949e-06            939.252                  0           0.297023            1.50971        1.10351e+07        7.94722e-05        2.07672e-08        5.66343e-08           0.162091        6.09548e-07          0.0346521        5.74963e-05        8.59374e-09        6.85623e-10        0.000388555          0.0285077         0.00268745          0.0385138        2.99255e-08         0.00026228        2.75179e-10           0.732759
25        0.000640449        2.51157e-05        8.42021e-06             101325           0.335258        8.42021e-06            1010.02                  0           0.336417            3.04113        2.01545e+07        9.96594e-05        4.83834e-08         1.5775e-07            0.15455        1.20241e-06          0.0390537        7.24196e-05        2.05559e-08        1.59098e-09        0.000451763          0.0264006         0.00342707          0.0428692        6.67243e-08        0.000315116          7.679e-10           0.732759
26        0.000665565        2.51157e-05        7.86327e-06             101325           0.313082        7.86327e-06            1080.88                  0           0.376335            6.55783        3.81793e+07        0.000123347        1.09706e-07         4.1458e-07           0.146843        2.54032e-06          0.0435785        8.97596e-05        4.99565e-08        3.77879e-09        0.000520907          0.0242178         0.00431046          0.0471809        1.46759e-07        0.000373286        2.07215e-09           0.732759
27         0.00069068        2.51157e-05          7.374e-06             101325           0.293602          7.374e-06            1151.74                  0           0.416578            14.9618        7.52061e+07        0.000150841         2.4413e-07        1.03914e-06           0.138983        5.58207e-06          0.0482224        0.000109055         1.2066e-07        8.97797e-09        0.000596302          0.0219594         0.00535282          0.0514239        3.17494e-07        0.000436552        5.37534e-09           0.732759
28        0.000715796        2.51157e-05        6.94063e-06             101325           0.276347        6.94063e-06             1222.6                  0           0.457031            35.0125        1.52762e+08        0.000182413        5.35047e-07        2.50416e-06            0.13097        1.24053e-05          0.0529864        0.000129156        2.84967e-07        2.09547e-08        0.000677554          0.0196236         0.00656847          0.0555823        6.72889e-07        0.000504393        1.33512e-08           0.732759
29        0.000740912        2.51157e-05        6.55385e-06             101325           0.260947        6.55385e-06            1293.46                  0           0.497641            81.4699        3.14912e+08        0.000218213        1.15212e-06        5.82481e-06           0.122804        2.73089e-05           0.057871        0.000147907        6.50317e-07        4.74056e-08        0.000762277          0.0172104         0.00796859          0.0596471        1.38892e-06        0.000575607        3.16304e-08           0.732759
30        0.000766027        2.51157e-05         6.2066e-06             101325           0.247121         6.2066e-06            1364.27                  0           0.538381            184.006        6.46133e+08        0.000258106        2.42023e-06        1.30798e-05           0.114485        5.86714e-05          0.0628682         0.00016206        1.41853e-06        1.02727e-07        0.000843865          0.0147267         0.00955706          0.0636148        2.76715e-06        0.000647547        7.10725e-08           0.732758
31        0.000791143        2.51157e-05        5.89402e-06             101325           0.234675        5.89402e-06            1434.77                  0           0.579199            395.688        1.29231e+09        0.000301334          4.907e-06        2.82723e-05           0.106035        0.000121531          0.0679468        0.000167837        2.91694e-06        2.10202e-07        0.000908431          0.0121966          0.0113214          0.0674861        5.24815e-06        0.000714739        1.49888e-07           0.732758
32        0.000816259        2.51157e-05        5.61381e-06             101325           0.223518        5.61381e-06            1504.25                  0            0.61994            794.865        2.46223e+09        0.000345877        9.46411e-06        5.84918e-05          0.0975279        0.000239724          0.0730287        0.000162418        5.53277e-06        3.97405e-07        0.000932905         0.00967537          0.0132144          0.0712647         9.2776e-06        0.000766759        2.90922e-07           0.732758
33        0.000841374        2.51157e-05        5.36656e-06             101325           0.213674        5.36656e-06             1571.2                  0           0.660219            1457.95        4.34639e+09        0.000387516        1.70328e-05        0.000114801          0.0891304        0.000443847          0.0779593        0.000145682        9.34529e-06        6.70528e-07        0.000889958         0.00726457          0.0151228          0.0749551        1.48225e-05        0.000786421        5.02284e-07           0.732758
34         0.00086649        2.51157e-05        5.15564e-06             101325           0.205276        5.15564e-06            1633.11                  0           0.699262            2373.94        6.86253e+09        0.000419318        2.79477e-05        0.000211029          0.0811478        0.000758891          0.0824947        0.000120706        1.33816e-05        9.62193e-07        0.000766415         0.00510976          0.0168389          0.0785595        2.05772e-05        0.000752722        7.34898e-07           0.732758
35        0.000891606        2.51157e-05        4.98502e-06             101325           0.198483        4.98502e-06            1686.98                  0           0.735846            3333.01        9.30508e+09        0.000433513        4.09581e-05        0.000357128          0.0739862         0.00118123          0.0863559        9.26887e-05        1.55311e-05        1.12375e-06        0.000585754          0.0033564          0.0180863          0.0820706        2.39538e-05        0.000655178        8.72211e-07           0.732758
36        0.000916721        2.51157e-05        4.85514e-06             101325           0.193311        4.85514e-06             1730.8                  0           0.768598            3966.21         1.0492e+10        0.000426815        5.33111e-05        0.000546276          0.0679912         0.00166355          0.0893576         6.6863e-05        1.45503e-05        1.06312e-06        0.000400564         0.00207491          0.0186474          0.0854626        2.31506e-05         0.00051202        8.36731e-07           0.732758
37        0.000941837        2.51157e-05        4.76051e-06             101325           0.189544        4.76051e-06            1764.76                  0           0.796639            4029.41        9.82638e+09        0.000403941        6.25468e-05        0.000748626          0.0632786         0.00213273          0.0915034        4.64307e-05        1.14945e-05        8.49345e-07        0.000252408         0.00122657          0.0185001           0.088691        1.90546e-05        0.000363202        6.76713e-07           0.732758
38        0.000966953        2.51157e-05        4.69203e-06             101325           0.186817        4.69203e-06            1790.82                  0           0.819986            3603.98         7.9013e+09        0.000373744        6.78499e-05        0.000927231          0.0597248         0.00252963          0.0929516        3.19887e-05        8.12021e-06          6.065e-07        0.000151464        0.000705342          0.0178053          0.0917085        1.39614e-05        0.000240109        4.88245e-07           0.732759
39        0.000992068        2.51157e-05          4.641e-06             101325           0.184785          4.641e-06            1811.36                  0           0.839318            2957.18        5.71538e+09        0.000343243        6.96837e-05         0.00105898          0.0570856         0.00283016          0.0939076        2.24916e-05        5.37938e-06        4.05499e-07        8.87109e-05        0.000399974          0.0167809          0.0944851        9.49432e-06        0.000151955        3.29168e-07            0.73276
40         0.00101718        2.51157e-05        4.60103e-06             101325           0.183194        4.60103e-06            1828.28                  0           0.855497            2310.88        3.88432e+09        0.000315716        6.89287e-05         0.00113904          0.0551116         0.00303794          0.0945484        1.64714e-05        3.44467e-06        2.61572e-07         5.1494e-05        0.000225762          0.0156074          0.0970129        6.17374e-06        9.38952e-05        2.13726e-07            0.73276
41          0.0010423        2.51157e-05        4.56808e-06             101325           0.181882        4.56808e-06            1842.82                  0           0.869283            1766.85         2.5681e+09        0.000291822         6.6409e-05         0.00117382          0.0536022         0.00316864          0.0949998        1.26887e-05         2.1701e-06        1.65701e-07        2.98989e-05        0.000127628           0.014402          0.0993008        3.91132e-06        5.73714e-05        1.36068e-07            0.73276
42         0.00106742        2.51157e-05        4.53973e-06             101325           0.180753        4.53973e-06            1855.76                  0           0.881252            1343.87        1.69514e+09        0.000271065        6.27659e-05         0.00117347          0.0524138         0.00323963          0.0953419        1.02803e-05        1.35879e-06        1.04152e-07        1.74648e-05        7.25653e-05          0.0132305           0.101367        2.44193e-06        3.49366e-05        8.58387e-08           0.732761
43         0.00109253        2.51157e-05         4.5146e-06             101325           0.179752         4.5146e-06            1867.53                  0           0.891816            1025.73        1.13739e+09        0.000252675        5.84662e-05         0.00114789          0.0514493         0.00326579          0.0956228        8.69756e-06        8.50638e-07        6.53527e-08        1.03015e-05         4.1616e-05           0.012125           0.103233        1.51288e-06        2.13063e-05        5.39938e-08           0.732761
44         0.00111765        2.51157e-05        4.49189e-06             101325           0.178848        4.49189e-06            1878.39                  0           0.901262            788.426        7.83998e+08        0.000235969        5.38404e-05          0.0011052          0.0506446         0.00325864          0.0958698        7.60771e-06         5.3428e-07        4.10851e-08         6.1505e-06        2.41236e-05          0.0110981            0.10492        9.34209e-07        1.30522e-05        3.39907e-08           0.732761
45         0.00114276        2.51157e-05        4.47113e-06             101325           0.178022        4.47113e-06            1888.48                  0           0.909795            610.596        5.57295e+08        0.000220451        4.91196e-05         0.00105158          0.0499575          0.0032267          0.0960979        6.81358e-06         3.3736e-07        2.59336e-08         3.7227e-06        1.41552e-05          0.0101519            0.10645        5.76616e-07        8.04643e-06        2.14638e-08           0.732761
46         0.00116788        2.51157e-05        4.45203e-06             101325           0.177261        4.45203e-06            1897.91                  0           0.917563            475.949        4.07905e+08        0.000205804        4.44635e-05        0.000991551          0.0493603         0.00317621          0.0963147         6.1995e-06        2.14385e-07        1.64567e-08        2.28619e-06        8.41644e-06         0.00928326            0.10784        3.56435e-07        4.99741e-06        1.36133e-08           0.732761
47         0.00119299        2.51157e-05        4.43439e-06             101325           0.176559        4.43439e-06            1906.72                  0           0.924673            372.796        3.05916e+08        0.000191845        3.99796e-05        0.000928323          0.0488342         0.00311178          0.0965241        5.69783e-06        1.37185e-07        1.05059e-08        1.42503e-06        5.07429e-06         0.00848696           0.109106        2.20973e-07        3.12881e-06         8.6792e-09           0.732761
48         0.00121811        2.51157e-05        4.41807e-06             101325           0.175909        4.41807e-06            1914.96                  0           0.931208             292.92        2.33595e+08        0.000178484        3.57386e-05        0.000864168          0.0483662         0.00303686          0.0967272        5.26896e-06        8.84179e-08         6.7501e-09        9.01536e-07        3.10333e-06         0.00775713           0.110262        1.37546e-07         1.9754e-06         5.5651e-09           0.732761
49         0.00124322        2.51157e-05        4.40298e-06             101325           0.175308        4.40298e-06            1922.65                  0            0.93723            230.535         1.8047e+08        0.000165688        3.17836e-05        0.000800671          0.0479471          0.0029541          0.0969245        4.88964e-06        5.74024e-08          4.366e-09        5.78736e-07         1.9256e-06         0.00708802           0.111318        8.60467e-08        1.25794e-06        3.58999e-09           0.732761
50         0.00126834        2.51157e-05        4.38902e-06             101325           0.174752        4.38902e-06            1929.83                  0            0.94279            181.512        1.40284e+08        0.000153455        2.81379e-05        0.000738929          0.0475702         0.00286559          0.0971155         4.5462e-06        3.75404e-08         2.8434e-09        3.76833e-07        1.21231e-06         0.00647432           0.112286        5.41492e-08        8.08089e-07        2.33058e-09           0.732761
51         0.00129346        2.51157e-05        4.37613e-06             101325           0.174239        4.37613e-06            1936.51                  0           0.947929            142.843        1.09214e+08        0.000141802        2.48101e-05        0.000679687          0.0472304         0.00277301          0.0972998        4.23057e-06         2.4733e-08        1.86493e-09        2.48773e-07        7.74368e-07         0.00591129           0.113172        3.43099e-08        5.23747e-07        1.52306e-09           0.732761
52         0.00131857        2.51157e-05        4.36424e-06             101325           0.173766        4.36424e-06            1942.72                  0            0.95268            112.289        8.48424e+07        0.000130748        2.17983e-05        0.000623437          0.0469235         0.00267779          0.0974768        3.93806e-06        1.64182e-08        1.23216e-09        1.66447e-07         5.0181e-07         0.00539472           0.113985        2.19091e-08        3.42566e-07         1.0023e-09           0.732761
53         0.00134369        2.51157e-05        4.35329e-06             101325            0.17333        4.35329e-06            1948.48                  0           0.957071            88.1478        6.55695e+07        0.000120313        1.90931e-05         0.00057049          0.0466465          0.0025811           0.097646        3.66591e-06        1.09835e-08         8.2034e-10        1.12831e-07        3.29884e-07         0.00492092            0.11473        1.41131e-08        2.26182e-07        6.64486e-10           0.732761
54          0.0013688        2.51157e-05        4.34322e-06             101325           0.172929        4.34322e-06            1953.81                  0           0.961127            69.1017        5.02862e+07        0.000110512        1.66798e-05        0.000521017          0.0463964         0.00248398          0.0978069        3.41255e-06        7.40738e-09        5.50581e-10        7.74778e-08        2.19989e-07         0.00448661           0.115413        9.18002e-09         1.5081e-07        4.44006e-10           0.732761
55         0.00139392        2.51157e-05        4.33399e-06             101325           0.172561        4.33399e-06            1958.72                  0           0.964868            54.1141        3.81851e+07        0.000101352        1.45401e-05         0.00047509          0.0461709         0.00238731          0.0979592        3.17706e-06        5.03826e-09        3.72702e-10        5.38862e-08        1.48823e-07         0.00408885           0.116038        6.03536e-09        1.01593e-07        2.99193e-10           0.732761
56         0.00141903        2.51157e-05        4.32553e-06             101325           0.172224        4.32553e-06            1963.25                  0           0.968316            42.3612        2.86515e+07        9.28344e-05         1.2654e-05        0.000432704           0.045968          0.0022919          0.0981028        2.95888e-06         3.4579e-09        2.54602e-10        3.79612e-08        1.02144e-07         0.00372502            0.11661        4.01427e-09        6.91821e-08        2.03447e-10           0.732761
57         0.00144415        2.51157e-05         4.3178e-06             101325           0.171917         4.3178e-06             1967.4                  0           0.971487            33.1837         2.1201e+07        8.49521e-05            1.1e-05        0.000393797          0.0457856         0.00219842          0.0982376        2.75761e-06        2.39617e-09        1.75632e-10        2.70904e-08        7.11363e-08          0.0033927           0.117132        2.70351e-09        4.76513e-08        1.39697e-10           0.732761
58         0.00146927        2.51157e-05        4.31076e-06             101325           0.171636        4.31076e-06             1971.2                  0           0.974397            26.0506        1.54413e+07        7.76926e-05        9.55659e-06        0.000358264           0.045622         0.00210748          0.0983636        2.57287e-06        1.67759e-09        1.22429e-10         1.9588e-08        5.02807e-08         0.00308968           0.117608        1.84501e-09        3.32182e-08        9.69371e-11           0.732761
59         0.00149438        2.51157e-05        4.30435e-06             101325           0.171381        4.30435e-06            1974.67                  0           0.977064            20.5342        1.10492e+07        7.10372e-05        8.30256e-06        0.000325966          0.0454756          0.0020196          0.0984808        2.40428e-06        1.18748e-09        8.63044e-11         1.4354e-08        3.60787e-08          0.0028139           0.118042        1.27674e-09        2.34515e-08          6.803e-11           0.732761
60          0.0015195        2.51157e-05        4.29854e-06             101325            0.17115        4.29854e-06            1977.83                  0           0.979501            16.2891        7.75532e+06        6.49629e-05        7.21752e-06        0.000296741           0.045345         0.00193522          0.0985894        2.25133e-06         8.5047e-10        6.15709e-11        1.06632e-08        2.62879e-08         0.00256341           0.118435        8.96345e-10        1.67775e-08        4.83245e-11           0.732761
61         0.00154461        2.51157e-05        4.29328e-06             101325           0.170941        4.29328e-06             1980.7                  0           0.981722            13.0376        5.33457e+06        5.94425e-05         6.2822e-06        0.000270412          0.0452286          0.0018547          0.0986897        2.11346e-06        6.16741e-10        4.44875e-11        8.03239e-09        1.94548e-08         0.00233639           0.118792        6.38691e-10        1.21701e-08        3.47722e-11           0.732761
62         0.00156973        2.51157e-05        4.28854e-06             101325           0.170752        4.28854e-06             1983.3                  0           0.983743            10.5565        3.59882e+06        5.44461e-05        5.47862e-06        0.000246787          0.0451251         0.00177834          0.0987819        1.98997e-06        4.53166e-10        3.25781e-11        6.13682e-09        1.46269e-08         0.00213112           0.119114        4.62038e-10        8.95539e-09        2.53637e-11            0.73276
63         0.00159484        2.51157e-05        4.28426e-06             101325           0.170581        4.28426e-06            1985.64                  0           0.985576            8.66747        2.39174e+06        4.99418e-05        4.79031e-06        0.000225673          0.0450334         0.00170635          0.0988664        1.88006e-06        3.37582e-10        2.41934e-11        4.75591e-09        1.11731e-08         0.00194595           0.119405        3.39401e-10        6.68754e-09        1.87663e-11            0.73276
64         0.00161996        2.51157e-05        4.28043e-06             101325           0.170429        4.28043e-06            1987.76                  0           0.987234            7.22896        1.58449e+06        4.58966e-05        4.20225e-06        0.000206873          0.0449523         0.00163888          0.0989435        1.78286e-06        2.55071e-10        1.82283e-11        3.73851e-09        8.67085e-09         0.00177934           0.119667        2.53177e-10        5.06916e-09        1.40907e-11            0.73276
65         0.00164508        2.51157e-05        4.27699e-06             101325           0.170292        4.27699e-06            1989.65                  0            0.98873            6.12942        1.07226e+06        4.22768e-05        3.70098e-06        0.000190191          0.0448807           0.001576          0.0990136        1.69742e-06        1.95525e-10         1.3937e-11        2.98015e-09        6.83438e-09         0.00162979           0.119902        1.91774e-10         3.9003e-09        1.07394e-11            0.73276
66         0.00167019        2.51157e-05        4.27392e-06             101325            0.17017        4.27392e-06            1991.35                  0           0.990076             5.2818             771041        3.90491e-05        3.27449e-06        0.000175439          0.0448176         0.00151774          0.0990771        1.62278e-06        1.52051e-10        1.08132e-11        2.40794e-09        5.46837e-09          0.0014959           0.120112         1.4748e-10        3.04546e-09        8.30814e-12            0.73276
67         0.00169531        2.51157e-05        4.27119e-06             101325           0.170061        4.27119e-06            1992.86                  0           0.991283            4.61903             614816        3.61806e-05        2.91219e-06        0.000162434          0.0447622         0.00146405          0.0991343        1.55794e-06        1.19916e-10        8.51033e-12        1.97062e-09          4.438e-09         0.00137636             0.1203        1.15112e-10        2.41203e-09        6.52165e-12            0.73276
68         0.00172042        2.51157e-05        4.26876e-06             101325           0.169964        4.26876e-06             1994.2                  0           0.992363            4.09016             552883        3.36396e-05        2.60479e-06        0.000151003          0.0447135         0.00141484          0.0991858        1.50191e-06        9.58499e-11        6.78998e-12        1.63187e-09        3.64939e-09          0.0012699           0.120467         9.1153e-11        1.93618e-09        5.19106e-12            0.73276
69         0.00174554        2.51157e-05        4.26662e-06             101325           0.169879        4.26662e-06             1995.4                  0           0.993326            3.65717             547387        3.13958e-05         2.3442e-06        0.000140982           0.044671         0.00136998          0.0992319        1.45373e-06        7.75759e-11        5.48666e-12        1.36574e-09        3.03658e-09         0.00117535           0.120615        7.31876e-11         1.5736e-09        4.18586e-12            0.73276
70         0.00177065        2.51157e-05        4.26472e-06             101325           0.169803        4.26472e-06            1996.45                  0           0.994182            3.29227             571041        2.94203e-05        2.12345e-06         0.00013222          0.0446338         0.00132928           0.099273        1.41249e-06        6.35003e-11        4.48486e-12        1.15359e-09        2.55286e-09          0.0010916           0.120747        5.95434e-11        1.29326e-09        3.41522e-12            0.73276
71         0.00179577        2.51157e-05        4.26305e-06             101325           0.169737        4.26305e-06            1997.38                  0           0.994942             2.9757             605048        2.76862e-05        1.93653e-06        0.000124578          0.0446013         0.00129255          0.0993096        1.37733e-06        5.24991e-11        3.70336e-12        9.81963e-10        2.16495e-09         0.00101763           0.120863        4.90496e-11        1.07327e-09        2.81551e-12            0.73276
72         0.00182088        2.51157e-05        4.26158e-06             101325           0.169678        4.26158e-06             1998.2                  0           0.995614            2.69381             637254        2.61682e-05        1.77829e-06        0.000117927          0.0445731         0.00125957           0.099342        1.34746e-06        4.37748e-11        3.08468e-12         8.4108e-10        1.84896e-09         0.00095246           0.120966        4.08789e-11        8.98096e-10         2.3418e-12            0.73276
73           0.001846        2.51157e-05         4.2603e-06             101325           0.169627         4.2603e-06            1998.92                  0           0.996206            2.43755             660541         2.4843e-05        1.64435e-06        0.000112151          0.0445486         0.00123008          0.0993707        1.32217e-06        3.67577e-11        2.58784e-12        7.23823e-10        1.58768e-09        0.000895209           0.121055        3.44411e-11        7.56608e-10        1.96217e-12            0.73276
74         0.00187112        2.51157e-05        4.25918e-06             101325           0.169583        4.25918e-06            1999.55                  0           0.996726            2.20118             671462        2.36892e-05        1.53099e-06        0.000107146          0.0445274         0.00120383          0.0993959        1.30081e-06        3.10379e-11        2.18344e-12        6.24983e-10        1.36864e-09         0.00084505           0.121134        2.93111e-11        6.40799e-10        1.65374e-12            0.73276
75         0.00189623        2.51157e-05         4.2582e-06             101325           0.169544         4.2582e-06            2000.09                  0           0.997182            1.98132             669125        2.26872e-05        1.43505e-06        0.000102817           0.044509         0.00118058           0.099418        1.28282e-06        2.63185e-11        1.85018e-12        5.40734e-10        1.18276e-09        0.000801226           0.121203        2.51801e-11        5.44854e-10        1.40001e-12            0.73276
76         0.00192135        2.51157e-05        4.25735e-06             101325            0.16951        4.25735e-06            2000.57                  0           0.997581            1.77614             654301        2.18194e-05        1.35384e-06        9.90799e-05          0.0444931         0.00116007          0.0994373        1.26768e-06        2.23824e-11        1.57256e-12        4.68252e-10         1.0234e-09        0.000763041           0.121263        2.18214e-11        4.64516e-10        1.18897e-12            0.73276
77         0.00194646        2.51157e-05        4.25662e-06             101325           0.169481        4.25662e-06            2000.98                  0           0.997928             1.5848             628742        2.10695e-05        1.28513e-06        9.58603e-05          0.0444795         0.00114204          0.0994541        1.25497e-06        1.90696e-11        1.33913e-12        4.05437e-10        8.85658e-10        0.000729859           0.121315         1.9067e-11        3.96643e-10        1.01177e-12            0.73276
78         0.00197158        2.51157e-05        4.25598e-06             101325           0.169455        4.25598e-06            2001.33                  0            0.99823            1.40696             594671        2.04232e-05        1.22698e-06        9.30916e-05          0.0444677         0.00112626          0.0994687         1.2443e-06        1.62606e-11        1.14138e-12        3.50707e-10        7.65877e-10        0.000701105            0.12136        1.67913e-11        3.38886e-10        8.61843e-13            0.73276
79         0.00199669        2.51157e-05        4.25544e-06             101325           0.169434        4.25544e-06            2001.64                  0           0.998492            1.24256             554437        1.98675e-05         1.1778e-06        9.07152e-05          0.0444576          0.0011125          0.0994814        1.23536e-06        1.38651e-11        9.72876e-13        3.02857e-10        6.61292e-10        0.000676254           0.121399        1.48991e-11        2.89467e-10        7.34221e-13            0.73276
80         0.00202181        2.51157e-05        4.25497e-06             101325           0.169415        4.25497e-06             2001.9                  0           0.998718            1.09157             510272        1.93909e-05         1.1362e-06        8.86793e-05           0.044449         0.00110055          0.0994924        1.22788e-06        1.18137e-11        8.28676e-13        2.60946e-10         5.6977e-10        0.000654834           0.121433        1.33176e-11         2.4702e-10        6.25114e-13            0.73276
81         0.00204693        2.51157e-05        4.25457e-06             101325           0.169399        4.25457e-06            2002.13                  0           0.998913           0.953858             464160        1.89829e-05        1.10105e-06        8.69386e-05          0.0444416         0.00109021          0.0995018        1.22162e-06        1.00524e-11        7.04936e-13        2.24226e-10        4.89623e-10        0.000636421           0.121462        1.19904e-11        2.10473e-10        5.31564e-13            0.73276
82         0.00207204        2.51157e-05        4.25422e-06             101325           0.169385        4.25422e-06            2002.32                  0            0.99908           0.829196             417763        1.86347e-05        1.07136e-06        8.54531e-05          0.0444353         0.00108129          0.0995099        1.21638e-06        8.53798e-12        5.98595e-13        1.92081e-10        4.19481e-10        0.000620636           0.121487        1.08732e-11        1.78973e-10        4.51228e-13            0.73276
83         0.00209716        2.51157e-05        4.25393e-06             101325           0.169374        4.25393e-06            2002.49                  0           0.999224           0.717174             372403         1.8338e-05         1.0463e-06        8.41879e-05            0.04443         0.00107361          0.0995168          1.212e-06        7.23548e-12        5.07176e-13        1.63995e-10        3.58198e-10        0.000607138           0.121508         9.9309e-12        1.51823e-10        3.82207e-13            0.73276
84         0.00212227        2.51157e-05        4.25368e-06             101325           0.169364        4.25368e-06            2002.63                  0           0.999346           0.617243             329072        1.80859e-05        1.02517e-06        8.31125e-05          0.0444254         0.00106704          0.0995227        1.20833e-06        6.11598e-12        4.28632e-13        1.39518e-10        3.04789e-10        0.000595627           0.121526        9.13519e-12        1.28444e-10        3.22938e-13            0.73276
85         0.00214739        2.51157e-05        4.25347e-06             101325           0.169355        4.25347e-06            2002.75                  0           0.999451           0.528721             288465        1.78722e-05        1.00738e-06        8.22004e-05          0.0444216         0.00106142          0.0995278        1.20528e-06        5.15516e-12        3.61241e-13        1.18258e-10        2.58389e-10        0.000585836           0.121541        8.46301e-12        1.08347e-10        2.72108e-13            0.73276
86          0.0021725        2.51157e-05         4.2533e-06             101325           0.169348         4.2533e-06            2002.85                  0            0.99954           0.450835             251022        1.76914e-05        9.92408e-07        8.14283e-05          0.0444183         0.00105663           0.099532        1.20272e-06        4.33221e-12        3.03536e-13        9.98581e-11        2.18225e-10        0.000577529           0.121554        7.89534e-12        9.11098e-11        2.28602e-13            0.73276
87         0.00219762        2.51157e-05        4.25315e-06             101325           0.169342        4.25315e-06            2002.93                  0           0.999615           0.382746             216972        1.75387e-05        9.79832e-07        8.07762e-05          0.0444156         0.00105257          0.0995357        1.20059e-06        3.62915e-12         2.5425e-13        8.39982e-11        1.83596e-10        0.000570499           0.121565        7.41634e-12        7.63674e-11        1.91454e-13            0.73276
88         0.00222274        2.51157e-05        4.25302e-06             101325           0.169337        4.25302e-06               2003                  0           0.999679           0.323584             186379        1.74102e-05        9.69283e-07        8.02265e-05          0.0444133         0.00104913          0.0995387        1.19882e-06        3.03028e-12        2.12275e-13         7.0385e-11        1.53866e-10        0.000564566           0.121575        7.01272e-12        6.37979e-11        1.59826e-13            0.73276
89         0.00224785        2.51157e-05        4.25291e-06             101325           0.169333        4.25291e-06            2003.06                  0           0.999733           0.272474             159183        1.73022e-05        9.60447e-07        7.97642e-05          0.0444114         0.00104622          0.0995413        1.19734e-06         2.5218e-12        1.76642e-13        5.87512e-11        1.28453e-10         0.00055957           0.121583        6.67321e-12        5.31175e-11        1.32983e-13            0.73276
90         0.00227297        2.51157e-05        4.25283e-06             101325            0.16933        4.25283e-06            2003.11                  0           0.999778           0.228561             135233        1.72117e-05        9.53059e-07        7.93762e-05          0.0444097         0.00104377          0.0995435        1.19611e-06        2.09156e-12        1.46496e-13        4.88529e-11        1.06825e-10        0.000555374           0.121589        6.38822e-12        4.40748e-11        1.10278e-13            0.73276
91         0.00229808        2.51157e-05        4.25275e-06             101325           0.169327        4.25275e-06            2003.15                  0           0.999816           0.191025             114320        1.71359e-05        9.46892e-07        7.90514e-05          0.0444084         0.00104172          0.0995453        1.19509e-06        1.72884e-12        1.21084e-13        4.04686e-11        8.85024e-11         0.00055186           0.121595        6.14957e-12        3.64473e-11        9.11416e-14            0.73276
92          0.0023232        2.51157e-05        4.25269e-06             101325           0.169324        4.25269e-06            2003.19                  0           0.999848           0.159096            96194.2        1.70727e-05        9.41754e-07          7.878e-05          0.0444072            0.00104          0.0995468        1.19424e-06        1.42416e-12        9.97408e-14        3.33982e-11        7.30477e-11        0.000548922           0.121599        5.95022e-12        3.00379e-11        7.50715e-14            0.73276
93         0.00234831        2.51157e-05        4.25264e-06             101325           0.169322        4.25264e-06            2003.22                  0           0.999875            0.13206            80593.4        1.70201e-05        9.37481e-07        7.85537e-05          0.0444063         0.00103856          0.0995481        1.19354e-06        1.16921e-12        8.18824e-14         2.7462e-11        6.00699e-11        0.000546473           0.121603        5.78416e-12         2.4673e-11        6.16267e-14            0.73276
94         0.00237343        2.51157e-05         4.2526e-06             101325           0.169321         4.2526e-06            2003.24                  0           0.999897           0.109266              67249        1.69764e-05        9.33934e-07        7.83656e-05          0.0444055         0.00103736          0.0995491        1.19296e-06        9.56682e-13        6.69962e-14        2.24995e-11        4.92192e-11        0.000544437           0.121606        5.64623e-12        2.01995e-11        5.04208e-14            0.73276
95         0.00239854        2.51157e-05        4.25256e-06             101325           0.169319        4.25256e-06            2003.26                  0           0.999915          0.0901275            55899.9        1.69401e-05        9.30996e-07        7.82094e-05          0.0444049         0.00103636            0.09955        1.19248e-06        7.80183e-13        5.46346e-14        1.83687e-11        4.01858e-11        0.000542747           0.121609        5.53199e-12        1.64839e-11         4.1116e-14            0.73276
96         0.00242366        2.51157e-05        4.25253e-06             101325           0.169318        4.25253e-06            2003.28                  0           0.999931          0.0741209            46298.7        1.69101e-05        9.28567e-07          7.808e-05          0.0444044         0.00103554          0.0995507        1.19208e-06        6.34161e-13         4.4408e-14        1.49445e-11        3.26966e-11        0.000541348           0.121611        5.43765e-12        1.34094e-11        3.34187e-14            0.73276
97         0.00244878        2.51157e-05        4.25251e-06             101325           0.169317        4.25251e-06            2003.29                  0           0.999943          0.0607829            38215.7        1.68854e-05        9.26562e-07        7.79732e-05          0.0444039         0.00103485          0.0995513        1.19176e-06        5.13803e-13        3.59791e-14        1.21175e-11        2.65129e-11        0.000540193           0.121613        5.35999e-12         1.0875e-11         2.7075e-14            0.73276
98         0.00247389        2.51157e-05        4.25249e-06             101325           0.169316        4.25249e-06             2003.3                  0           0.999954          0.0497074            31441.3         1.6865e-05        9.24912e-07        7.78851e-05          0.0444036         0.00103429          0.0995518        1.19149e-06        4.14966e-13        2.90576e-14        9.79282e-12        2.14275e-11        0.000539242           0.121614        5.29625e-12        8.79368e-12        2.18659e-14            0.73276
99         0.00249901        2.51157e-05        4.25247e-06             101325           0.169316        4.25247e-06            2003.31                  0           0.999962          0.0405416            25787.9        1.68482e-05        9.23556e-07        7.78127e-05          0.0444033         0.00103383          0.0995522        1.19127e-06        3.34096e-13        2.33944e-14        7.88855e-12        1.72615e-11         0.00053846           0.121616        5.24408e-12         7.0906e-12        1.76041e-14            0.73276
100         0.00252412        2.51157e-05        4.25246e-06             101325           0.169315        4.25246e-06            2003.32                  0           0.999969          0.0329805            21088.4        1.68345e-05        9.22445e-07        7.77532e-05           0.044403         0.00103345          0.0995526        1.19109e-06        2.68162e-13        1.87773e-14        6.33454e-12        1.38616e-11        0.000537818           0.121617        5.20153e-12        5.70205e-12        1.41295e-14            0.73276
101         0.00254924        2.51157e-05        4.25245e-06             101325           0.169315        4.25245e-06            2003.33                  0           0.999975          0.0267623            17196.5        1.68232e-05        9.21535e-07        7.77045e-05          0.0444028         0.00103313          0.0995528        1.19094e-06        2.14594e-13        1.50262e-14        5.07101e-12         1.1097e-11        0.000537294           0.121617        5.16691e-12         4.5739e-12        1.13068e-14            0.73276
102         0.00257435        2.51157e-05        4.25244e-06             101325           0.169314        4.25244e-06            2003.33                  0            0.99998          0.0216636            13984.6         1.6814e-05        9.20792e-07        7.76647e-05          0.0444027         0.00103288           0.099553        1.19082e-06        1.71221e-13        1.19891e-14        4.04731e-12        8.85701e-12        0.000536865           0.121618        5.13884e-12        3.66048e-12        9.02137e-15            0.73276
103         0.00259947        2.51157e-05        4.25244e-06             101325           0.169314        4.25244e-06            2003.33                  0           0.999984          0.0174945            11342.7        1.68066e-05        9.20187e-07        7.76323e-05          0.0444025         0.00103267          0.0995532        1.19073e-06        1.36221e-13         9.5383e-15        3.22078e-12        7.04841e-12        0.000536516           0.121619        5.11614e-12        2.92338e-12        7.17717e-15            0.73276
104         0.00262459        2.51157e-05        4.25243e-06             101325           0.169314        4.25243e-06            2003.34                  0           0.999987          0.0140951            9176.58        1.68005e-05        9.19695e-07        7.76059e-05          0.0444024          0.0010325          0.0995534        1.19065e-06        1.08069e-13        7.56705e-15        2.55569e-12        5.59301e-12        0.000536232           0.121619        5.09783e-12        2.33051e-12        5.69385e-15            0.73276
105          0.0026497        2.51157e-05        4.25242e-06             101325           0.169314        4.25242e-06            2003.34                  0            0.99999          0.0113305            7405.82        1.67955e-05        9.19296e-07        7.75845e-05          0.0444023         0.00103236          0.0995535        1.19058e-06        8.54979e-14        5.98658e-15        2.02225e-12        4.42567e-12        0.000536002            0.12162        5.08311e-12        1.85517e-12         4.5046e-15            0.73276
106         0.00267482        2.51157e-05        4.25242e-06             101325           0.169314        4.25242e-06            2003.34                  0           0.999992         0.00908794            5962.47        1.67916e-05        9.18973e-07        7.75671e-05          0.0444023         0.00103225          0.0995536        1.19053e-06         6.7457e-14        4.72334e-15        1.59576e-12        3.49234e-12        0.000535816            0.12162         5.0713e-12        1.47524e-12        3.55406e-15            0.73276
107         0.00269993        2.51157e-05        4.25242e-06             101325           0.169313        4.25242e-06            2003.34                  0           0.999993         0.00727346            4789.29        1.67883e-05        9.18712e-07        7.75531e-05          0.0444022         0.00103216          0.0995537        1.19049e-06        5.30804e-14        3.71667e-15        1.25581e-12        2.74838e-12        0.000535666            0.12162        5.06186e-12        1.17249e-12         2.7966e-15            0.73276
108         0.00272505        2.51157e-05        4.25242e-06             101325           0.169313        4.25242e-06            2003.35                  0           0.999995         0.00580887            3838.24        1.67857e-05        9.18501e-07        7.75418e-05          0.0444022         0.00103209          0.0995537        1.19045e-06        4.16597e-14        2.91699e-15        9.85701e-13        2.15726e-12        0.000535545            0.12162        5.05433e-12        9.31984e-13        2.19488e-15            0.73276
109         0.00275016        2.51157e-05        4.25241e-06             101325           0.169313        4.25241e-06            2003.35                  0           0.999996         0.00462944             3069.2        1.67836e-05        9.18332e-07        7.75327e-05          0.0444021         0.00103203          0.0995538        1.19043e-06        3.26145e-14        2.28365e-15        7.71742e-13        1.68902e-12        0.000535447            0.12162        5.04834e-12        7.41509e-13        1.71832e-15            0.73276
110         0.00277528        2.51157e-05        4.25241e-06             101325           0.169313        4.25241e-06            2003.35                  0           0.999997         0.00368185             2448.9         1.6782e-05        9.18196e-07        7.75254e-05          0.0444021         0.00103198          0.0995538         1.1904e-06         2.5471e-14        1.78347e-15        6.02746e-13        1.31916e-12        0.000535369           0.121621        5.04359e-12        5.91083e-13        1.34196e-15            0.73276
111          0.0028004        2.51157e-05        4.25241e-06             101325           0.169313        4.25241e-06            2003.35                  0           0.999997         0.00292227            1949.79        1.67806e-05        9.18087e-07        7.75195e-05          0.0444021         0.00103194          0.0995539        1.19039e-06         1.9845e-14        1.38953e-15        4.69635e-13        1.02784e-12        0.000535307           0.121621        5.03983e-12        4.72612e-13        1.04555e-15            0.73276
112         0.00282551        2.51157e-05        4.25241e-06             101325           0.169313        4.25241e-06            2003.35                  0           0.999998         0.00231475            1549.16        1.67795e-05           9.18e-07        7.75148e-05           0.044402         0.00103191          0.0995539        1.19037e-06        1.54259e-14        1.08011e-15         3.6507e-13        7.98996e-13        0.000535257           0.121621        5.03686e-12        3.79558e-13        8.12731e-16            0.73276
113         0.00285063        2.51157e-05        4.25241e-06             101325           0.169313        4.25241e-06            2003.35                  0           0.999998          0.0018299            1228.31        1.67787e-05         9.1793e-07        7.75111e-05           0.044402         0.00103189          0.0995539        1.19036e-06        1.19634e-14        8.37669e-16        2.83137e-13        6.19678e-13        0.000535217           0.121621        5.03451e-12        3.06649e-13        6.30313e-16            0.73276
114         0.00287574        2.51157e-05        4.25241e-06             101325           0.169313        4.25241e-06            2003.35                  0           0.999999         0.00144378            971.934         1.6778e-05        9.17875e-07        7.75081e-05           0.044402         0.00103187          0.0995539        1.19035e-06        9.25891e-15          6.483e-16        2.19135e-13        4.79604e-13        0.000535185           0.121621        5.03268e-12        2.49701e-13        4.87826e-16            0.73276
115         0.00290086        2.51157e-05        4.25241e-06             101325           0.169313        4.25241e-06            2003.35                  0           0.999999         0.00113694            767.532        1.67774e-05        9.17831e-07        7.75057e-05           0.044402         0.00103186          0.0995539        1.19035e-06         7.1517e-15        5.00756e-16        1.69267e-13        3.70462e-13         0.00053516           0.121621        5.03123e-12         2.0533e-13        3.76809e-16            0.73276
116         0.00292597        2.51157e-05        4.25241e-06             101325           0.169313        4.25241e-06            2003.35                  0           0.999999        0.000893612            604.924         1.6777e-05        9.17796e-07        7.75038e-05           0.044402         0.00103184           0.099554        1.19034e-06        5.51406e-15        3.86089e-16        1.30509e-13        2.85637e-13         0.00053514           0.121621        5.03011e-12        1.70847e-13         2.9053e-16            0.73276
117         0.00295109        2.51157e-05        4.25241e-06             101325           0.169313        4.25241e-06            2003.35                  0           0.999999        0.000701038            475.837        1.67767e-05        9.17768e-07        7.75023e-05           0.044402         0.00103183           0.099554        1.19034e-06        4.24485e-15         2.9722e-16         1.0047e-13        2.19893e-13        0.000535124           0.121621        5.02923e-12        1.44122e-13        2.23662e-16            0.73276
118          0.0029762        2.51157e-05        4.25241e-06             101325           0.169313        4.25241e-06            2003.35                  0           0.999999        0.000548933             373.57        1.67764e-05        9.17746e-07        7.75012e-05           0.044402         0.00103183           0.099554        1.19033e-06        3.26327e-15        2.28491e-16        7.72384e-14        1.69047e-13        0.000535112           0.121621        5.02854e-12        1.23454e-13        1.71949e-16            0.73276
119         0.00300132        2.51157e-05        4.25241e-06             101325           0.169313        4.25241e-06            2003.35                  0                  1        0.000429037            292.722        1.67762e-05        9.17729e-07        7.75002e-05           0.044402         0.00103182           0.099554        1.19033e-06        2.50562e-15        1.75441e-16        5.93061e-14          1.298e-13        0.000535102           0.121621        5.02801e-12        1.07501e-13        1.32032e-16            0.73276
120         0.00302644        2.51157e-05        4.25241e-06             101325           0.169313        4.25241e-06            2003.35                  0                  1        0.000334716            228.939         1.6776e-05        9.17715e-07        7.74995e-05           0.044402         0.00103182           0.099554        1.19033e-06        1.92201e-15        1.34577e-16        4.54929e-14        9.95677e-14        0.000535094           0.121621         5.0276e-12        9.52125e-14        1.01285e-16            0.73276
121         0.00305155        2.51157e-05        4.25241e-06             101325           0.169313        4.25241e-06            2003.35                  0                  1        0.000260659            178.718        1.67759e-05        9.17705e-07        7.74989e-05           0.044402         0.00103181           0.099554        1.19032e-06        1.47329e-15        1.03158e-16         3.4872e-14        7.63224e-14        0.000535088           0.121621        5.02728e-12        8.57641e-14        7.76443e-17            0.73276
122         0.00307667        2.51157e-05        4.25241e-06             101325           0.169313        4.25241e-06            2003.35                  0                  1        0.000202625            139.256        1.67758e-05        9.17696e-07        7.74985e-05           0.044402         0.00103181           0.099554        1.19032e-06        1.12915e-15        7.90617e-17        2.67265e-14        5.84948e-14        0.000535083           0.121621        5.02703e-12        7.85179e-14        5.95135e-17            0.73276
123         0.00310178        2.51157e-05        4.25241e-06             101325           0.169313        4.25241e-06            2003.35                  0                  1        0.000157234            108.309        1.67757e-05         9.1769e-07        7.74981e-05           0.044402         0.00103181           0.099554        1.19032e-06        8.64723e-16         6.0547e-17        2.04677e-14        4.47967e-14         0.00053508           0.121621        5.02684e-12        7.29502e-14        4.55826e-17            0.73276
124          0.0031269        2.51157e-05        4.25241e-06             101325           0.169313        4.25241e-06            2003.35                  0                  1        0.000121797            84.0861        1.67756e-05        9.17685e-07        7.74978e-05           0.044402          0.0010318           0.099554        1.19032e-06        6.61537e-16        4.63201e-17        1.56584e-14        3.42708e-14        0.000535077           0.121621        5.02669e-12         6.8672e-14        3.48779e-17            0.73276
125         0.00315201        2.51157e-05        4.25241e-06             101325           0.169313        4.25241e-06            2003.35                  0                  1        9.41827e-05            65.1638        1.67756e-05        9.17681e-07        7.74976e-05           0.044402          0.0010318           0.099554        1.19032e-06        5.05461e-16        3.53919e-17        1.19642e-14        2.61854e-14        0.000535074           0.121621        5.02658e-12        6.53856e-14        2.66551e-17            0.73276
126         0.00317713        2.51157e-05        4.25241e-06             101325           0.169313        4.25241e-06            2003.35                  0                  1        7.27031e-05            50.4098        1.67756e-05        9.17678e-07        7.74975e-05           0.044402          0.0010318           0.099554        1.19032e-06        3.85716e-16        2.70075e-17        9.12986e-15        1.99821e-14        0.000535073           0.121621        5.02649e-12        6.28643e-14        2.03465e-17            0.73276
127         0.00320225        2.51157e-05        4.25241e-06             101325           0.169313        4.25241e-06            2003.35                  0                  1        5.60258e-05            38.9277        1.67755e-05        9.17675e-07        7.74973e-05           0.044402          0.0010318           0.099554        1.19032e-06        2.94312e-16        2.06074e-17        6.96633e-15        1.52469e-14        0.000535071           0.121621        5.02642e-12        6.09397e-14        1.55309e-17            0.73276
128         0.00322736        2.51157e-05        4.25241e-06             101325           0.169313        4.25241e-06            2003.35                  0                  1        4.31012e-05             30.008        1.67755e-05        9.17673e-07        7.74972e-05           0.044402          0.0010318           0.099554        1.19032e-06        2.24743e-16        1.57363e-17        5.31965e-15        1.16429e-14         0.00053507           0.121621        5.02637e-12        5.94749e-14        1.18657e-17            0.73276
129         0.00325248        2.51157e-05        4.25241e-06             101325           0.169313        4.25241e-06            2003.35                  0                  1        3.31027e-05            23.0916        1.67755e-05        9.17672e-07        7.74972e-05           0.044402          0.0010318           0.099554        1.19032e-06        1.71389e-16        1.20004e-17        4.05675e-15        8.87881e-15        0.000535069           0.121621        5.02633e-12        5.83514e-14        9.05479e-18            0.73276
130         0.00327759        2.51157e-05        4.25241e-06             101325           0.169313        4.25241e-06            2003.35                  0                  1        2.53811e-05            17.7389        1.67755e-05        9.17671e-07        7.74971e-05           0.044402          0.0010318           0.099554        1.19032e-06        1.30891e-16        9.16482e-18        3.09817e-15        6.78082e-15        0.000535069           0.121621         5.0263e-12        5.74987e-14        6.92119e-18            0.73276
131         0.00330271        2.51157e-05        4.25241e-06             101325           0.169313        4.25241e-06            2003.35                  0                  1         1.9429e-05            13.6034        1.67755e-05         9.1767e-07         7.7497e-05           0.044402          0.0010318           0.099554        1.19032e-06        1.00581e-16        7.04259e-18        2.38075e-15        5.21063e-15        0.000535068           0.121621        5.02628e-12        5.68605e-14        5.32437e-18            0.73276
132         0.00332782        2.51157e-05        4.25241e-06             101325           0.169313        4.25241e-06            2003.35                  0                  1        1.48494e-05            10.4136        1.67755e-05        9.17669e-07         7.7497e-05           0.044402          0.0010318           0.099554        1.19032e-06        7.74593e-17        5.42361e-18        1.83345e-15        4.01279e-15        0.000535068           0.121621        5.02626e-12        5.63737e-14         4.1062e-18            0.73276
133         0.00335294        2.51157e-05        4.25241e-06             101325           0.169313        4.25241e-06            2003.35                  0                  1         1.1331e-05            7.95834        1.67755e-05        9.17669e-07         7.7497e-05           0.044402          0.0010318           0.099554        1.19032e-06        5.96959e-17        4.17984e-18        1.41299e-15        3.09255e-15        0.000535068           0.121621        5.02625e-12        5.59996e-14        3.17035e-18            0.73276
134         0.00337806        2.51157e-05        4.25241e-06             101325           0.169313        4.25241e-06            2003.35                  0                  1         8.6325e-06             6.0717        1.67754e-05        9.17668e-07         7.7497e-05           0.044402          0.0010318           0.099554        1.19032e-06        4.60506e-17        3.22441e-18        1.09001e-15        2.38565e-15        0.000535067           0.121621        5.02623e-12        5.57123e-14        2.45146e-18            0.73276
135         0.00340317        2.51157e-05        4.25241e-06             101325           0.169313        4.25241e-06            2003.35                  0                  1        6.56635e-06            4.62456        1.67754e-05        9.17668e-07        7.74969e-05           0.044402          0.0010318           0.099554        1.19032e-06        3.55587e-17        2.48978e-18        8.41669e-16        1.84212e-15        0.000535067           0.121621        5.02623e-12        5.54914e-14         1.8987e-18            0.73276
136         0.00342829        2.51157e-05        4.25241e-06             101325           0.169313        4.25241e-06            2003.35                  0                  1        4.98697e-06            3.51648        1.67754e-05        9.17668e-07        7.74969e-05           0.044402          0.0010318           0.099554        1.19032e-06        2.74797e-17        1.92409e-18        6.50439e-16        1.42358e-15        0.000535067           0.121621        5.02622e-12        5.53213e-14        1.47307e-18            0.73276
137          0.0034534        2.51157e-05        4.25241e-06             101325           0.169313        4.25241e-06            2003.35                  0                  1        3.78166e-06             2.6695        1.67754e-05        9.17668e-07        7.74969e-05           0.044402          0.0010318           0.099554        1.19032e-06        2.12482e-17        1.48777e-18        5.02939e-16        1.10076e-15        0.000535067           0.121621        5.02622e-12        5.51901e-14        1.14477e-18            0.73276
138         0.00347852        2.51157e-05        4.25241e-06             101325           0.169313        4.25241e-06            2003.35                  0                  1         2.8633e-06            2.02323        1.67754e-05        9.17668e-07        7.74969e-05           0.044402          0.0010318           0.099554        1.19032e-06        1.64323e-17        1.15057e-18        3.88948e-16        8.51268e-16        0.000535067           0.121621        5.02621e-12        5.50887e-14        8.91047e-19            0.73276
139         0.00350363        2.51157e-05        4.25241e-06             101325           0.169313        4.25241e-06            2003.35                  0                  1        2.16471e-06            1.53096        1.67754e-05        9.17668e-07        7.74969e-05           0.044402          0.0010318           0.099554        1.19032e-06        1.27013e-17        8.89328e-19        3.00635e-16        6.57982e-16        0.000535067           0.121621        5.02621e-12        5.50101e-14        6.94483e-19            0.73276
140         0.00352875        2.51157e-05        4.25241e-06             101325           0.169313        4.25241e-06            2003.35                  0                  1        1.63413e-06            1.15665        1.67754e-05        9.17667e-07        7.74969e-05           0.044402          0.0010318           0.099554        1.19032e-06        9.80063e-18        6.86223e-19        2.31975e-16        5.07709e-16        0.000535067           0.121621        5.02621e-12         5.4949e-14        5.41661e-19            0.73276
141         0.00355386        2.51157e-05        4.25241e-06             101325           0.169313        4.25241e-06            2003.35                  0                  1        1.23178e-06           0.872555        1.67754e-05        9.17667e-07        7.74969e-05           0.044402          0.0010318           0.099554        1.19032e-06        7.54203e-18        5.28078e-19        1.78515e-16        3.90702e-16        0.000535067           0.121621        5.02621e-12        5.49015e-14        4.22669e-19            0.73276
142         0.00357898        2.51157e-05        4.25241e-06             101325           0.169313        4.25241e-06            2003.35                  0                  1        9.27176e-07           0.657313        1.67754e-05        9.17667e-07        7.74969e-05           0.044402          0.0010318           0.099554        1.19032e-06        5.78991e-18        4.05397e-19        1.37042e-16        2.99933e-16        0.000535067           0.121621         5.0262e-12        5.48646e-14         3.3036e-19            0.73276
143          0.0036041        2.51157e-05        4.25241e-06             101325           0.169313        4.25241e-06            2003.35                  0                  1        6.96996e-07           0.494534        1.67754e-05        9.17667e-07        7.74969e-05           0.044402          0.0010318           0.099554        1.19032e-06        4.43683e-18        3.10655e-19        1.05014e-16        2.29836e-16        0.000535067           0.121621         5.0262e-12        5.48361e-14        2.59073e-19            0.73276
144         0.00362921        2.51157e-05        4.25241e-06             101325           0.169313        4.25241e-06            2003.35                  0                  1         5.2342e-07           0.371682        1.67754e-05        9.17667e-07        7.74969e-05           0.044402          0.0010318           0.099554        1.19032e-06        3.39615e-18        2.37788e-19        8.03815e-17        1.75923e-16        0.000535067           0.121621         5.0262e-12        5.48142e-14        2.04246e-19            0.73276
145         0.00365433        2.51157e-05        4.25241e-06             101325           0.169313        4.25241e-06            2003.35                  0                  1        3.92824e-07           0.279171        1.67754e-05        9.17667e-07        7.74969e-05           0.044402          0.0010318           0.099554        1.19032e-06        2.59916e-18        1.81984e-19        6.15169e-17        1.34635e-16        0.000535067           0.121621         5.0262e-12        5.47974e-14        1.62258e-19            0.73276
146         0.00367944        2.51157e-05        4.25241e-06             101325           0.169313        4.25241e-06            2003.35                  0                  1         2.9488e-07           0.209734        1.67754e-05        9.17667e-07        7.74969e-05           0.044402          0.0010318           0.099554        1.19032e-06          1.992e-18        1.39471e-19        4.71455e-17        1.03181e-16        0.000535067           0.121621         5.0262e-12        5.47846e-14         1.3027e-19            0.73276
147         0.00370456        2.51157e-05        4.25241e-06             101325           0.169313        4.25241e-06            2003.35                  0                  1        2.21739e-07           0.157839        1.67754e-05        9.17667e-07        7.74969e-05           0.044402          0.0010318           0.099554        1.19032e-06        1.53289e-18        1.07324e-19        3.62782e-17        7.93962e-17        0.000535067           0.121621         5.0262e-12         5.4775e-14        1.06082e-19            0.73276
148         0.00372967        2.51157e-05        4.25241e-06             101325           0.169313        4.25241e-06            2003.35                  0                  1        1.67492e-07           0.119321        1.67754e-05        9.17667e-07        7.74969e-05           0.044402          0.0010318           0.099554        1.19032e-06        1.18979e-18        8.33012e-20        2.81572e-17        6.16221e-17        0.000535067           0.121621         5.0262e-12        5.47677e-14        8.80063e-20            0.73276
149         0.00375479        2.51157e-05        4.25241e-06             101325           0.169313        4.25241e-06            2003.35                  0                  1        1.27726e-07          0.0910648        1.67754e-05        9.17667e-07        7.74969e-05           0.044402          0.0010318           0.099554        1.19032e-06        9.38604e-19        6.57131e-20        2.22115e-17        4.86091e-17        0.000535067           0.121621         5.0262e-12        5.47624e-14        7.47725e-20            0.73276
150         0.00377991        2.51157e-05        4.25241e-06             101325           0.169313        4.25241e-06            2003.35                  0                  1        9.91886e-08          0.0707743        1.67754e-05        9.17667e-07        7.74969e-05           0.044402          0.0010318           0.099554        1.19032e-06        7.61648e-19        5.33228e-20         1.8023e-17        3.94419e-17        0.000535067           0.121621         5.0262e-12        5.47587e-14        6.54497e-20            0.73276
151         0.00380502        2.51157e-05        4.25241e-06             101325           0.169313        4.25241e-06            2003.35                  0                  1        7.95637e-08          0.0568133        1.67754e-05        9.17667e-07        7.74969e-05           0.044402          0.0010318           0.099554        1.19032e-06        6.46615e-19        4.52683e-20        1.53001e-17        3.34825e-17        0.000535067           0.121621         5.0262e-12        5.47563e-14        5.93893e-20            0.73276
152         0.00383014        2.51157e-05        4.25241e-06             101325           0.169313        4.25241e-06            2003.35                  0                  1        6.72674e-08          0.0480627        1.67754e-05        9.17667e-07        7.74969e-05           0.044402          0.0010318           0.099554        1.19032e-06        5.85737e-19        4.10057e-20        1.38591e-17        3.03287e-17        0.000535067           0.121621         5.0262e-12         5.4755e-14         5.6182e-20            0.73276
