# Time 0.00019
# eta = 0.002
# length = 0.000878743
#--- 	  	 LEM Line data  --- 
#(1) wafer              (2) x             (3) dx              (4) m              (5) p            (6) rho              (7) m              (8) T              (9) Z             (10) C          (11) dCdt       (12) heatRel                  (13) Y_H2                  (14) Y_H                  (15) Y_O                  (16) Y_O2                  (17) Y_OH                  (18) Y_H2O                  (19) Y_HO2                  (20) Y_CH2                  (21) Y_CH2(S)                  (22) Y_CH3                  (23) Y_CH4                  (24) Y_CO                  (25) Y_CO2                  (26) Y_HCO                  (27) Y_CH2O                  (28) Y_CH2OH                  (29) Y_N2
0        1.25579e-05        2.51158e-05        2.84222e-05             101325            1.13165        2.84222e-05            300.001                  0                  0                  0                  0        1.28604e-11        1.43196e-20        5.90698e-13           0.222598        1.06123e-12        3.21018e-08        5.49783e-11        1.73204e-20        9.09713e-22        2.51648e-10           0.044642        3.84449e-10        3.85248e-08        1.08972e-20        5.97879e-11        1.95742e-24            0.73276
1        3.76736e-05        2.51158e-05        2.84221e-05             101325            1.13165        2.84221e-05            300.002                  0        3.30068e-07        8.11276e-08          0.0598052        3.16753e-11        7.38426e-20        1.16763e-12           0.222598        2.19031e-12        7.71409e-08        1.29572e-10        9.33355e-20        4.83018e-21        6.08052e-10           0.044642        9.42461e-10        9.25483e-08        5.90156e-20        1.47928e-10        1.04425e-23            0.73276
2        6.27894e-05        2.51158e-05        2.84218e-05             101325            1.13163        2.84218e-05            300.005                  0        7.81923e-07        1.64727e-07            0.12173        9.08691e-11        4.58419e-19        2.61402e-12           0.222598        5.15638e-12        2.15536e-07        3.54145e-10        6.04754e-19        3.12365e-20        1.70918e-09           0.044642         2.6906e-09        2.58502e-07        3.83435e-19        4.26106e-10        6.75688e-23            0.73276
3        8.79051e-05        2.51158e-05        2.84211e-05             101325             1.1316        2.84211e-05            300.013                  0        2.18906e-06        3.88783e-07           0.288923         2.5993e-10        2.72455e-18        5.75512e-12           0.222597        1.20069e-11        6.00009e-07        9.62564e-10        3.76483e-18        1.94203e-19        4.78791e-09          0.0446418        7.65992e-09        7.19375e-07        2.39359e-18        1.22294e-09        4.20341e-22            0.73276
4        0.000113021        2.51158e-05         2.8419e-05             101325            1.13152         2.8419e-05            300.035                  0        6.09236e-06        9.05783e-07           0.682136        7.22189e-10        1.48086e-17        1.19502e-11           0.222595        2.66278e-11        1.61886e-06        2.52793e-09        2.15963e-17        1.11527e-18        1.30058e-08          0.0446413        2.11805e-08        1.94019e-06        1.37662e-17        3.40708e-09        2.41576e-21            0.73276
5        0.000138137        2.51158e-05        2.84137e-05             101325            1.13131        2.84137e-05            300.091                  0         1.6428e-05        2.01117e-06            1.56397        1.94075e-09        7.26494e-17        2.30312e-11           0.222591        5.55539e-11        4.21262e-06        6.37953e-09        1.12968e-16        5.83616e-18        3.40943e-08          0.0446401         5.6646e-08         5.0466e-06        7.22487e-17        9.17477e-09        1.26665e-20            0.73276
6        0.000163252        2.51158e-05        2.84008e-05             101325             1.1308        2.84008e-05            300.227                  0        4.27201e-05        4.21231e-06             3.5322        5.03618e-09        3.16905e-16        4.06043e-11           0.222579        1.08079e-10        1.05497e-05        1.54288e-08        5.32256e-16        2.75292e-17        8.60695e-08          0.0446373        1.46305e-07         1.2632e-05        3.41831e-16        2.38386e-08        5.99906e-20            0.73276
7        0.000188368        2.51158e-05        2.83709e-05             101325             1.1296        2.83709e-05            300.544                  0        0.000106905        8.28179e-06             8.1816        1.26017e-08        1.20919e-15        6.42566e-11           0.222553        1.94045e-10         2.5374e-05        3.56685e-08        2.23148e-15        1.15585e-16        2.08821e-07          0.0446305        3.64465e-07        3.03646e-05        1.44167e-15        5.96692e-08        2.53985e-19            0.73276
8        0.000213484        2.51158e-05        2.83043e-05             101325            1.12696        2.83043e-05             301.25                  0        0.000256924        1.52504e-05            20.5536        3.03577e-08        3.94575e-15        8.88955e-11           0.222495         3.1732e-10        5.84794e-05        7.86011e-08        8.18195e-15        4.25333e-16        4.85817e-07          0.0446155        8.74531e-07         6.9933e-05         5.3329e-15        1.43624e-07         9.5038e-19            0.73276
9          0.0002386        2.51158e-05        2.81645e-05             101325            1.12139        2.81645e-05            302.745                  0        0.000591642        2.63554e-05            57.8447        7.02728e-08        1.07465e-14        1.03663e-10            0.22237        4.65118e-10        0.000128787         1.6458e-07        2.57324e-14        1.34656e-15        1.08083e-06          0.0445835        2.01797e-06        0.000153883        1.70128e-14        3.31708e-07        3.10899e-18            0.73276
10        0.000263715        2.51158e-05        2.78888e-05             101325            1.11041        2.78888e-05            305.737                  0         0.00130188        4.30587e-05            178.106        1.55917e-07        2.38718e-14        9.72015e-11           0.222121        6.00965e-10        0.000270069        3.26284e-07        6.79074e-14        3.59846e-15         2.2916e-06          0.0445192        4.46841e-06        0.000322371        4.59728e-14        7.32998e-07        8.84185e-18            0.73276
11        0.000288831        2.51158e-05        2.73849e-05             101325            1.09035        2.73849e-05            311.362                  0           0.002728        6.70823e-05            568.074         3.3048e-07        4.32383e-14        6.96082e-11           0.221649        6.79786e-10        0.000536922        6.10291e-07          1.486e-13        8.05391e-15        4.61052e-06          0.0443976        9.46798e-06        0.000640104        1.04691e-13        1.54398e-06        2.22059e-17            0.73276
12        0.000313947        2.51158e-05        2.65454e-05             101325            1.05692        2.65454e-05            321.206                  0         0.00542017        0.000100083            1787.35        6.66436e-07        6.91637e-14        3.67364e-11           0.220819        6.98469e-10         0.00100688        1.07405e-06        2.79289e-13        1.57342e-14        8.75858e-06          0.0441833        1.91279e-05          0.0011985        2.10355e-13        3.08575e-06        5.35154e-17            0.73276
13        0.000339063        2.51158e-05        2.52923e-05             101325            1.00703        2.52923e-05            337.114                  0          0.0101599        0.000146147             5329.3        1.27317e-06         1.2487e-13        1.44186e-11           0.219467        7.57419e-10          0.0017724        1.77812e-06        5.25162e-13        3.14579e-14        1.56365e-05          0.0438337        3.67055e-05         0.00210561        4.40701e-13        5.82332e-06        1.53027e-16            0.73276
14        0.000364178        2.51158e-05        2.36359e-05             101325           0.941079        2.36359e-05            360.729                  0          0.0178794        0.000235412            14544.4        2.29736e-06        3.37827e-13        4.53136e-12           0.217442        1.09422e-09         0.00292025        2.78019e-06        1.22432e-12        7.94703e-14        2.61619e-05          0.0433089        6.67214e-05         0.00346082        1.19219e-12         1.0341e-05        6.21768e-16            0.73276
15        0.000389294        2.51158e-05        2.16955e-05             101325           0.863821        2.16955e-05            392.976                  0          0.0294486        0.000511232            35622.5        3.91483e-06        1.23451e-12        1.56944e-12           0.214644        2.14156e-09           0.004507        4.14027e-06         3.5022e-12        2.46851e-13        4.10585e-05          0.0425821        0.000114862         0.00532527        4.02276e-12        1.72731e-05        3.13554e-15            0.73276
16         0.00041441        2.51158e-05        1.96519e-05             101325           0.782454        1.96519e-05            433.814                  0          0.0454186         0.00147244            78583.9        6.31948e-06        4.70969e-12        1.93896e-12           0.211053        4.71248e-09          0.0065466        5.93692e-06        1.03958e-11        7.88978e-13        6.07301e-05          0.0416457        0.000187794         0.00770696        1.41321e-11        2.72272e-05        1.58747e-14            0.73276
17        0.000439526        2.51158e-05        1.76712e-05             101325            0.70359        1.76712e-05            482.397                  0          0.0658834         0.00460669             159874        9.71719e-06        1.67387e-11        6.90769e-12           0.206711        1.02613e-08         0.00901576        8.28331e-06        2.90656e-11        2.34434e-12        8.52843e-05          0.0405093        0.000293072          0.0105674        4.68025e-11        4.07429e-05         7.3025e-14            0.73276
18        0.000464641        2.51158e-05        1.58599e-05             101325           0.631473        1.58599e-05            537.426                  0          0.0905348          0.0137863             309351        1.43262e-05        5.43245e-11        2.83403e-11           0.201701        2.10032e-08          0.0118692        1.13357e-05        7.43049e-11        6.27043e-12        0.000114648          0.0391918        0.000439203          0.0138401         1.4175e-10        5.82877e-05        2.96649e-13            0.73276
19        0.000489757        2.51158e-05        1.42633e-05             101325           0.567903        1.42633e-05            597.492                  0           0.118827          0.0374982             582672        2.03816e-05        1.63606e-10          1.155e-10           0.196121        3.98095e-08          0.0150546         1.5295e-05        1.73857e-10        1.50954e-11        0.000148689          0.0377157        0.000635804          0.0174484        3.92554e-10        8.02688e-05        1.07071e-12            0.73276
20        0.000514873        2.51158e-05        1.28846e-05             101325           0.513009        1.28846e-05            661.294                  0           0.150137          0.0912505        1.07756e+06        2.81395e-05        4.67871e-10        4.54673e-10           0.190063        7.02949e-08          0.0185219        2.04056e-05        3.79667e-10        3.33396e-11        0.000187304          0.0361021        0.000893755          0.0213169        1.00852e-09         0.00010704         3.5216e-12           0.732759
21        0.000539989        2.51158e-05        1.17053e-05             101325           0.466054        1.17053e-05            727.738                  0           0.183872           0.199859        1.95662e+06        3.78798e-05        1.28727e-09        1.69677e-09           0.183606        1.18156e-07          0.0222285        2.69509e-05        7.99899e-10         6.9817e-11        0.000230469           0.034369          0.0012253          0.0253771        2.45274e-09        0.000138898        1.09014e-11           0.732759
22        0.000565104        2.51158e-05        1.06986e-05             101325           0.425972        1.06986e-05            795.966                  0           0.219511           0.403042        3.49505e+06        4.99051e-05        3.40947e-09        5.92083e-09           0.176818         1.9573e-07          0.0261399        3.52434e-05        1.69224e-09        1.44483e-10        0.000278255          0.0325302         0.00164403          0.0295688        5.75779e-09        0.000176074        3.26381e-11           0.732759
23         0.00059022        2.51158e-05        9.83716e-06             101325           0.391673        9.83716e-06            865.338                  0           0.256621           0.776754        6.19914e+06        6.45381e-05        8.66019e-09        1.91802e-08            0.16975        3.33869e-07          0.0302298        4.56046e-05        3.71961e-09        3.07307e-10        0.000330849          0.0305959         0.00216474          0.0338401        1.32387e-08        0.000218728        9.58408e-11           0.732759
24        0.000615336        2.51158e-05        9.09608e-06             101325           0.362166        9.09608e-06            935.406                  0           0.294849            1.50141        1.10928e+07        8.21132e-05        2.10938e-08        5.76865e-08           0.162443         6.1025e-07           0.034479        5.83237e-05         8.6072e-09        6.86507e-10        0.000388559           0.028573         0.00280314          0.0381461        3.00565e-08         0.00026694        2.76198e-10           0.732759
25        0.000640452        2.51158e-05        8.45409e-06             101325           0.336605        8.45409e-06            1005.88                  0           0.333909            3.04868        2.03796e+07        0.000102964         4.9555e-08        1.62095e-07           0.154928        1.21407e-06          0.0388731        7.35821e-05         2.0731e-08        1.60414e-09        0.000451804          0.0264662         0.00357518          0.0424482        6.75167e-08        0.000320697         7.7576e-10           0.732759
26        0.000665567        2.51158e-05        7.89358e-06             101325           0.314288        7.89358e-06             1076.6                  0           0.373569            6.64377         3.8915e+07        0.000127407        1.13299e-07        4.29714e-07           0.147228        2.58901e-06          0.0434022        9.13237e-05        5.07369e-08        3.83723e-09        0.000521042          0.0242781         0.00449646          0.0467131        1.49743e-07        0.000379864        2.10617e-09           0.732759
27        0.000690683        2.51158e-05        7.40021e-06             101325           0.294644        7.40021e-06             1147.5                  0           0.413641            15.3269        7.73505e+07        0.000155742        2.54087e-07        1.08579e-06           0.139356        5.73866e-06          0.0480627        0.000111059        1.23324e-07        9.17561e-09        0.000596589          0.0220085         0.00558205           0.050917        3.26652e-07        0.000444163        5.49356e-09           0.732759
28        0.000715799        2.51158e-05        6.96243e-06             101325           0.277214        6.96243e-06            1218.56                  0           0.454018            36.2262        1.58514e+08        0.000188225        5.60714e-07        2.63533e-06           0.131311        1.28468e-05           0.052856        0.000131568         2.9281e-07        2.15312e-08        0.000678022          0.0196554         0.00684587          0.0550452         6.9753e-07        0.000513007        1.37092e-08           0.732759
29        0.000740915        2.51158e-05        6.57113e-06             101325           0.261634        6.57113e-06            1289.79                  0           0.494655            84.9867        3.29309e+08        0.000224982        1.21441e-06        6.16725e-06           0.123091        2.84443e-05          0.0577823        0.000150573        6.70961e-07        4.89111e-08        0.000762843          0.0172191         0.00829831          0.0590895        1.44871e-06        0.000585085        3.26026e-08           0.732759
30         0.00076603        2.51158e-05        6.21943e-06             101325           0.247631        6.21943e-06            1361.13                  0           0.535525            193.152        6.79804e+08        0.000265837         2.5627e-06        1.39174e-05           0.114698        6.13708e-05          0.0628321        0.000164656         1.4675e-06        1.06276e-07         0.00084413          0.0147075          0.0099418          0.0630471        2.89896e-06        0.000657558        7.34546e-08           0.732758
31        0.000791146        2.51158e-05        5.90272e-06             101325           0.235021        5.90272e-06            1432.26                  0            0.57657            417.105        1.36519e+09         0.00030995        5.21206e-06        3.01971e-05            0.10616         0.00012747          0.0679705        0.000169906        3.02019e-06        2.17648e-07        0.000907364          0.0121469          0.0117611          0.0669192        5.50983e-06        0.000724606        1.55083e-07           0.732758
32        0.000816262        2.51158e-05        5.61896e-06             101325           0.223723        5.61896e-06            1502.39                  0            0.61762            839.434        2.60518e+09        0.000355143        1.00664e-05         6.2633e-05          0.0975564        0.000251714          0.0731123        0.000163536        5.71757e-06         4.1071e-07        0.000928613         0.00959678          0.0137038          0.0707098        9.73187e-06        0.000775215        3.00569e-07           0.732758
33        0.000841378        2.51158e-05        5.36912e-06             101325           0.213775        5.36912e-06            1569.89                  0           0.658252            1538.03        4.59117e+09        0.000396924        1.81028e-05        0.000123065          0.0890688        0.000465683          0.0780914        0.000145669        9.59665e-06        6.88725e-07         0.00088022         0.00716505          0.0156475          0.0744228        1.54724e-05        0.000791399        5.16006e-07           0.732758
34        0.000866493        2.51158e-05        5.15692e-06             101325           0.205326        5.15692e-06             1632.1                  0           0.697626            2492.66        7.20663e+09        0.000428024        2.96072e-05        0.000226065          0.0810229        0.000793969            0.08265         0.00011971        1.35717e-05        9.76447e-07        0.000750635         0.00500383          0.0173719          0.0780584        2.12665e-05        0.000751786        7.46232e-07           0.732757
35        0.000891609        2.51158e-05        4.98641e-06             101325           0.198537        4.98641e-06            1685.89                  0           0.734443            3470.45        9.66609e+09        0.000440611        4.31621e-05        0.000381432          0.0738414         0.00122998          0.0865016        9.11268e-05        1.54703e-05        1.12066e-06        0.000566783         0.00326048          0.0185918          0.0816058        2.43941e-05        0.000647357         8.7064e-07           0.732757
36        0.000916725        2.51158e-05        4.85761e-06             101325           0.193409        4.85761e-06            1729.32                  0            0.76728               4085        1.07377e+10        0.000431974        5.58609e-05        0.000580298          0.0678687         0.00172197          0.0894666        6.52213e-05         1.4215e-05        1.04043e-06        0.000382962         0.00199968          0.0190965          0.0850342        2.31809e-05        0.000499577        8.19891e-07           0.732758
37        0.000941841        2.51158e-05        4.76433e-06             101325           0.189695        4.76433e-06            1762.78                  0           0.795278            4104.55        9.90038e+09        0.000407677        6.52529e-05        0.000789946          0.0632029         0.00219444          0.0915649         4.5047e-05        1.10428e-05        8.17753e-07        0.000238881         0.00117373           0.018884          0.0882935        1.87806e-05        0.000350093         6.5244e-07           0.732758
38        0.000966956        2.51158e-05        4.69701e-06             101325           0.187014        4.69701e-06             1788.4                  0           0.818521            3638.89        7.85674e+09        0.000376923        7.06171e-05        0.000972313          0.0597008         0.00258961          0.0929682        3.09812e-05        7.70023e-06         5.7655e-07        0.000142202        0.000670824          0.0181323          0.0913346        1.35829e-05        0.000229046        4.64783e-07           0.732759
39        0.000992072        2.51158e-05        4.64679e-06             101325           0.185015        4.64679e-06            1808.61                  0           0.837741            2969.71        5.63133e+09        0.000346547        7.24794e-05          0.0011051          0.0571064         0.00288632          0.0938881        2.18311e-05        5.05068e-06        3.81725e-07        8.27449e-05        0.000378353          0.0170661          0.0941276        9.14319e-06        0.000143712        3.10293e-07           0.732759
40         0.00101719        2.51158e-05        4.60734e-06             101325           0.183444        4.60734e-06            1825.29                  0           0.853825            2316.03        3.80903e+09        0.000319501        7.17378e-05         0.00118479          0.0551668         0.00309034           0.094502        1.60769e-05        3.20859e-06        2.44318e-07        4.77593e-05        0.000212499          0.0158643          0.0966661        5.89738e-06        8.81575e-05        1.99896e-07            0.73276
41          0.0010423        2.51158e-05        4.57469e-06             101325           0.182144        4.57469e-06            1839.68                  0           0.867535            1772.13        2.51749e+09        0.000296196        6.92154e-05         0.00121865          0.0536821         0.00321833          0.0949341        1.24804e-05        2.00778e-06        1.53746e-07        2.75841e-05        0.000119553          0.0146408          0.0989609        3.71127e-06        5.35197e-05         1.2642e-07            0.73276
42         0.00106742        2.51158e-05        4.54649e-06             101325           0.181022        4.54649e-06            1852.52                  0           0.879447            1351.56        1.66836e+09        0.000276006        6.55496e-05         0.00121729          0.0525106         0.00328788          0.0952625        1.01967e-05        1.24955e-06        9.60632e-08        1.60291e-05        6.76456e-05          0.0134579           0.101031         2.3037e-06        3.23977e-05        7.92803e-08           0.732761
43         0.00109254        2.51158e-05        4.52142e-06             101325           0.180023        4.52142e-06            1864.24                  0           0.889968            1035.74        1.12832e+09        0.000258101         6.1205e-05         0.00119075          0.0515572         0.00331371          0.0955338         8.6957e-06        7.77826e-07        5.99417e-08        9.40461e-06        3.86005e-05          0.0123452             0.1029        1.41993e-06        1.96459e-05        4.95939e-08           0.732761
44         0.00111765        2.51158e-05         4.4987e-06             101325           0.179119         4.4987e-06            1875.07                  0           0.899385            799.891        7.86442e+08        0.000241779        5.65122e-05         0.00114716          0.0507595         0.00330707          0.0957741        7.65913e-06        4.85882e-07        3.74813e-08        5.58411e-06        2.22579e-05          0.0113136            0.10459        8.72716e-07        1.19683e-05        3.10561e-08           0.732761
45         0.00114277        2.51158e-05        4.47788e-06             101325            0.17829        4.47788e-06            1885.17                  0           0.907898            622.629        5.66508e+08        0.000226547        5.17041e-05         0.00109266          0.0500763         0.00327624          0.0959977        6.89967e-06        3.05155e-07         2.3534e-08        3.36033e-06        1.29876e-05          0.0103639           0.106122        5.36335e-07        7.33757e-06        1.95093e-08           0.732761
46         0.00116788        2.51158e-05        4.45867e-06             101325           0.177525        4.45867e-06            1894.61                  0           0.915656            487.853         4.2065e+08        0.000212093         4.6943e-05         0.00103171          0.0494809         0.00322724          0.0962116        6.30813e-06        1.92885e-07        1.48555e-08        2.05108e-06        7.67644e-06         0.00949236           0.107515        3.30203e-07        4.53197e-06        1.23102e-08           0.732761
47           0.001193        2.51158e-05         4.4409e-06             101325           0.176817         4.4409e-06            1903.46                  0           0.922764            384.099        3.20121e+08        0.000198246        4.23399e-05        0.000967494          0.0489548          0.0031645          0.0964193          5.821e-06        1.22768e-07        9.43358e-09         1.2703e-06        4.59904e-06         0.00869327           0.108784        2.03945e-07        2.82157e-06        7.80808e-09           0.732761
48         0.00121811        2.51158e-05        4.42442e-06             101325           0.176161        4.42442e-06            1911.75                  0           0.929306            303.333         2.4799e+08        0.000184924        3.79685e-05        0.000902261          0.0484855         0.00309134          0.0966218        5.40127e-06        7.86988e-08        6.02875e-09        7.98269e-07        2.79397e-06         0.00796043           0.109944         1.2651e-07        1.77132e-06        4.98053e-09           0.732761
49         0.00124323        2.51158e-05        4.40915e-06             101325           0.175553        4.40915e-06            1919.51                  0           0.935343             239.91        1.94305e+08        0.000172104        3.38753e-05        0.000837582          0.0480642         0.00301029          0.0968193        5.02734e-06        5.08134e-08        3.87823e-09         5.0887e-07        1.72151e-06         0.00728789           0.111005        7.88944e-08        1.12146e-06         3.1959e-09           0.732761
50         0.00126835        2.51158e-05        4.39499e-06             101325            0.17499        4.39499e-06            1926.76                  0           0.940927            189.796        1.53142e+08        0.000159793        3.00866e-05         0.00077455          0.0476842         0.00292337          0.0970113        4.68655e-06        3.30462e-08        2.51169e-09        3.28941e-07        1.07585e-06         0.00667022           0.111979        4.95098e-08         7.1613e-07        2.06351e-09           0.732761
51         0.00129346        2.51158e-05        4.38189e-06             101325           0.174468        4.38189e-06            1933.54                  0           0.946097            150.048        1.20886e+08        0.000148014        2.66137e-05        0.000713916          0.0473406         0.00283219          0.0971971         4.3715e-06        2.16477e-08        1.63794e-09        2.15527e-07        6.81926e-07         0.00610263           0.112872        3.12952e-08        4.61296e-07        1.34099e-09           0.732761
52         0.00131858        2.51158e-05        4.36977e-06             101325           0.173985        4.36977e-06            1939.85                  0           0.950886            118.468        9.52477e+07        0.000136795        2.34573e-05        0.000656184          0.0470294         0.00273812          0.0973762        4.07792e-06        1.42854e-08        1.07578e-09        1.43083e-07        4.38359e-07          0.0055809           0.113693        1.99449e-08        2.99793e-07        8.77368e-10           0.732761
53         0.00134369        2.51158e-05        4.35858e-06             101325            0.17354        4.35858e-06            1945.71                  0           0.955323            93.3792        7.47087e+07         0.00012616        2.06099e-05        0.000601675          0.0467476         0.00264231          0.0975479        3.80334e-06        9.49821e-09        7.11806e-10         9.6214e-08        2.85759e-07         0.00510136           0.114447         1.2829e-08        1.96618e-07        5.78132e-10           0.732761
54         0.00136881        2.51158e-05        4.34826e-06             101325           0.173129        4.34826e-06            1951.15                  0           0.959431            73.4759        5.82088e+07        0.000116131        1.80586e-05        0.000550579          0.0464925         0.00254576          0.0977117        3.54641e-06        6.36467e-09        4.74646e-10        6.55166e-08        1.88899e-07         0.00466075            0.11514        8.33682e-09        1.30176e-07        3.83839e-10           0.732761
55         0.00139392        2.51158e-05        4.33877e-06             101325           0.172751        4.33877e-06            1956.19                  0           0.963231             57.727        4.49697e+07         0.00010672        1.57868e-05        0.000502984          0.0462617         0.00244934          0.0978673        3.30635e-06        4.29986e-09        3.19108e-10        4.51729e-08        1.26627e-07         0.00425622           0.115775        5.47879e-09        8.70404e-08        2.56902e-10           0.732761
56         0.00141904        2.51158e-05        4.33006e-06             101325           0.172404        4.33006e-06            1960.84                  0           0.966741            45.3088        3.43933e+07        9.79335e-05        1.37751e-05        0.000458902          0.0460532         0.00235382          0.0980145        3.08277e-06        2.93006e-09        2.16414e-10        3.15364e-08         8.6082e-08          0.0038852           0.116359        3.64455e-09        5.88042e-08        1.73433e-10           0.732761
57         0.00144416        2.51158e-05        4.32207e-06             101325           0.172086        4.32207e-06            1965.12                  0           0.969978            35.5579         2.6003e+07        8.97702e-05        1.20032e-05        0.000418289          0.0458653         0.00225989          0.0981531        2.87539e-06        2.01499e-09        1.48139e-10        2.22943e-08        5.93541e-08         0.00354535           0.116893        2.45602e-09        4.01631e-08        1.18174e-10           0.732761
58         0.00146927        2.51158e-05        4.31477e-06             101325           0.171795        4.31477e-06            1969.05                  0           0.972959            27.9378         1.9409e+07        8.22216e-05        1.04501e-05        0.000381056          0.0456962         0.00216815           0.098283        2.68399e-06         1.3993e-09        1.02417e-10        1.59624e-08        4.15167e-08         0.00323455           0.117381        1.67781e-09        2.77481e-08         8.1328e-11           0.732761
59         0.00149439        2.51158e-05        4.30811e-06             101325            0.17153        4.30811e-06            1972.65                  0           0.975698            22.0134        1.42865e+07        7.52736e-05        9.09473e-06        0.000347081          0.0455444         0.00207914          0.0984043         2.5083e-06        9.81924e-10        7.15632e-11        1.15779e-08        2.94667e-08         0.00295082           0.117827        1.16254e-09         1.9404e-08         5.6573e-11           0.732761
60          0.0015195        2.51158e-05        4.30204e-06             101325           0.171289        4.30204e-06            1975.94                  0            0.97821            17.4316        1.03622e+07        6.89065e-05        7.91692e-06        0.000316216          0.0454084         0.00199331          0.0985172        2.34797e-06        6.96762e-10        5.05761e-11        8.50967e-09        2.12275e-08         0.00269229           0.118233        8.17307e-10        1.37425e-08        3.98076e-11           0.732761
61         0.00154462        2.51158e-05        4.29654e-06             101325           0.171069        4.29654e-06            1978.94                  0           0.980507            13.9064        7.40501e+06        6.30966e-05         6.8973e-06        0.000288294          0.0452869         0.00191104          0.0986217        2.20256e-06         5.0032e-10        3.61796e-11        6.33984e-09        1.55255e-08         0.00245721           0.118602        5.83146e-10        9.86321e-09        2.83565e-11           0.732761
62         0.00156973        2.51158e-05        4.29155e-06             101325           0.170871        4.29155e-06            1981.66                  0           0.982603            11.2068        5.21972e+06         5.7817e-05        6.01766e-06        0.000263139          0.0451785         0.00183266          0.0987183         2.0715e-06        3.63817e-10        2.62159e-11        4.78907e-09        1.15318e-08         0.00224394           0.118937         4.2231e-10         7.1778e-09        2.04646e-11           0.732761
63         0.00159485        2.51158e-05        4.28705e-06             101325           0.170692        4.28705e-06            1984.13                  0           0.984511            9.14695        3.64193e+06        5.30382e-05        5.26116e-06        0.000240564          0.0450821         0.00175842           0.098807        1.95412e-06        2.68092e-10        1.92551e-11         3.6689e-09         8.7005e-09          0.0020509            0.11924        3.10423e-10        5.29905e-09        1.49737e-11            0.73276
64         0.00161997        2.51158e-05        4.28299e-06             101325            0.17053        4.28299e-06            1986.36                  0           0.986244            7.57797        2.53427e+06        4.87291e-05        4.61237e-06         0.00022038          0.0449966         0.00168849          0.0988883        1.84966e-06        2.00312e-10        1.43438e-11        2.85095e-09        6.66866e-09         0.00187658           0.119514         2.3159e-10        3.97011e-09        1.11146e-11            0.73276
65         0.00164508        2.51158e-05        4.27934e-06             101325           0.170385        4.27934e-06            1988.37                  0           0.987812            6.38165        1.78316e+06        4.48578e-05         4.0573e-06        0.000202397          0.0449208           0.001623          0.0989625        1.75727e-06        1.51824e-10         1.0842e-11        2.24705e-09        5.19237e-09         0.00171955           0.119761         1.7534e-10        3.01929e-09        8.37324e-12            0.73276
66          0.0016702        2.51158e-05        4.27607e-06             101325           0.170254        4.27607e-06            1990.17                  0           0.989228            5.46485        1.29592e+06        4.13919e-05        3.58339e-06        0.000186429          0.0448538           0.001562            0.09903        1.67604e-06        1.16758e-10        8.31722e-12        1.79602e-09        4.10599e-09         0.00157846           0.119982          1.347e-10        2.33087e-09        6.40376e-12            0.73276
67         0.00169531        2.51158e-05        4.27314e-06             101325           0.170138        4.27314e-06            1991.79                  0           0.990504            4.75497             998146        3.82994e-05        3.17949e-06        0.000172295          0.0447948          0.0015055          0.0990911        1.60504e-06        9.11029e-11        6.47527e-12        1.45512e-09        3.29596e-09         0.00145201           0.120181        1.04973e-10        1.82619e-09        4.97166e-12            0.73276
68         0.00172043        2.51158e-05        4.27054e-06             101325           0.170034        4.27054e-06            1993.23                  0           0.991649            4.19614             831250        3.55492e-05        2.83574e-06        0.000159823          0.0447429         0.00145345          0.0991462        1.54333e-06           7.21e-11        5.11448e-12        1.19417e-09        2.68362e-09         0.00133897           0.120358        8.29654e-11        1.45139e-09        3.91695e-12            0.73276
69         0.00174554        2.51158e-05        4.26822e-06             101325           0.169942        4.26822e-06            1994.52                  0           0.992674            3.74609             750186        3.31109e-05        2.54351e-06        0.000148846          0.0446972         0.00140573          0.0991959        1.48995e-06        5.78392e-11         4.0957e-12        9.91762e-10        2.21404e-09         0.00123819           0.120517        6.64762e-11        1.16923e-09        3.12961e-12            0.73276
70         0.00177066        2.51158e-05        4.26616e-06             101325            0.16986        4.26616e-06            1995.66                  0            0.99359            3.37339             721262        3.09557e-05        2.29528e-06        0.000139213          0.0446573         0.00136222          0.0992404        1.44402e-06        4.69886e-11        3.32223e-12         8.3254e-10        1.84847e-09         0.00114858           0.120658        5.39759e-11        9.53783e-10        2.53346e-12            0.73276
71         0.00179578        2.51158e-05        4.26435e-06             101325           0.169788        4.26435e-06            1996.67                  0           0.994405            3.05523             720147        2.90563e-05        2.08455e-06        0.000130778          0.0446223         0.00132274          0.0992801        1.40465e-06        3.86134e-11        2.72641e-12        7.05459e-10        1.55942e-09          0.0010691           0.120782        4.43893e-11        7.86861e-10        2.07539e-12            0.73276
72         0.00182089        2.51158e-05        4.26275e-06             101325           0.169724        4.26275e-06            1997.56                  0           0.995129            2.77553             730030        2.73871e-05        1.90574e-06        0.000123411          0.0445917          0.0012871          0.0993154        1.37104e-06        3.20533e-11        2.26057e-12        6.02519e-10        1.32722e-09        0.000998806           0.120893        3.69535e-11          6.556e-10        1.71808e-12            0.73276
73         0.00184601        2.51158e-05        4.26134e-06             101325           0.169668        4.26134e-06            1998.35                  0           0.995769            2.52333             739992        2.59241e-05        1.75403e-06         0.00011699          0.0445651         0.00125506          0.0993468        1.34246e-06        2.68388e-11        1.89089e-12        5.17899e-10        1.13773e-09        0.000936798            0.12099         3.1122e-11        5.50844e-10        1.43514e-12            0.73276
74         0.00187112        2.51158e-05         4.2601e-06             101325           0.169619         4.2601e-06            1999.04                  0           0.996335            2.29149             743587        2.46453e-05        1.62535e-06        0.000111405           0.044542         0.00122639          0.0993745        1.31821e-06        2.26339e-11        1.59324e-12         4.4735e-10        9.80732e-10        0.000882245           0.121076        2.64997e-11        4.66029e-10        1.20778e-12            0.73276
75         0.00189624        2.51158e-05        4.25902e-06             101325           0.169576        4.25902e-06            1999.64                  0           0.996833            2.07565             737630        2.35305e-05         1.5162e-06        0.000106557          0.0445219         0.00120086           0.099399         1.2977e-06        1.91967e-11        1.35027e-12        3.87761e-10        8.48812e-10        0.000834382           0.121151        2.27985e-11        3.96419e-10        1.02252e-12            0.73276
76         0.00192135        2.51158e-05        4.25808e-06             101325           0.169538        4.25808e-06            2000.17                  0            0.99727            1.87337             721214         2.2561e-05        1.42361e-06        0.000102357          0.0445045         0.00117822          0.0994204        1.28039e-06        1.63518e-11        1.14941e-12        3.36845e-10        7.36568e-10          0.0007925           0.121217        1.98065e-11        3.38574e-10        8.69626e-13            0.73276
77         0.00194647        2.51158e-05        4.25726e-06             101325           0.169506        4.25726e-06            2000.63                  0           0.997652            1.68344             694919          2.172e-05        1.34509e-06         9.8726e-05          0.0444895         0.00115821          0.0994392         1.2658e-06        1.39708e-11        9.81489e-13        2.92915e-10        6.40043e-10         0.00075595           0.121274        1.73667e-11        2.89975e-10        7.41996e-13            0.73276
78         0.00197159        2.51158e-05        4.25655e-06             101325           0.169477        4.25655e-06            2001.03                  0           0.997986            1.50545             660205        2.09922e-05        1.27849e-06         9.5592e-05          0.0444765         0.00114062          0.0994556        1.25352e-06        1.19591e-11        8.39756e-13        2.54716e-10        5.56323e-10        0.000724138           0.121324        1.53612e-11        2.48762e-10        6.34415e-13            0.73276
79          0.0019967        2.51158e-05        4.25593e-06             101325           0.169453        4.25593e-06            2001.37                  0           0.998276            1.33935             618963         2.0364e-05        1.22202e-06        9.28921e-05          0.0444653         0.00112519          0.0994699         1.2432e-06        1.02463e-11        7.19183e-13        2.21311e-10         4.8324e-10        0.000696524           0.121367        1.37012e-11         2.1355e-10        5.43006e-13            0.73276
80         0.00202182        2.51158e-05         4.2554e-06             101325           0.169432         4.2554e-06            2001.67                  0           0.998529             1.1853             573205        1.98228e-05        1.17415e-06        9.05705e-05          0.0444557         0.00111173          0.0994823        1.23454e-06         8.7791e-12        6.15981e-13        1.91984e-10        4.19161e-10        0.000672617           0.121405         1.2319e-11        1.83288e-10        4.64849e-13            0.73276
81         0.00204693        2.51158e-05        4.25495e-06             101325           0.169414        4.25495e-06            2001.93                  0           0.998747            1.04338             524847        1.93579e-05        1.13359e-06        8.85781e-05          0.0444474         0.00110001           0.099493        1.22727e-06        7.51679e-12        5.27249e-13        1.66184e-10        3.62833e-10        0.000651975           0.121437        1.11623e-11        1.57174e-10        3.97714e-13            0.73276
82         0.00207205        2.51158e-05        4.25456e-06             101325           0.169398        4.25456e-06            2002.15                  0           0.998935           0.913612             475592        1.89593e-05        1.09923e-06        8.68713e-05          0.0444404         0.00108985          0.0995022        1.22117e-06        6.42759e-12        4.50731e-13        1.43472e-10        3.13271e-10        0.000634198           0.121465        1.01905e-11        1.34581e-10        3.39867e-13            0.73276
83         0.00209717        2.51158e-05        4.25422e-06             101325           0.169385        4.25422e-06            2002.33                  0           0.999097           0.795849             426861        1.86184e-05        1.07015e-06         8.5412e-05          0.0444344         0.00108107          0.0995101        1.21606e-06        5.48631e-12        3.84636e-13        1.23491e-10         2.6968e-10        0.000618928           0.121489        9.37154e-12        1.15008e-10        2.89936e-13            0.73276
84         0.00212228        2.51158e-05        4.25394e-06             101325           0.169373        4.25394e-06             2002.5                  0           0.999237           0.689779             379778        1.83275e-05        1.04556e-06        8.41667e-05          0.0444292         0.00107351           0.099517        1.21178e-06         4.6725e-12        3.27518e-13        1.05944e-10        2.31398e-10        0.000605846            0.12151        8.67988e-12        9.80492e-11        2.46813e-13            0.73276
85          0.0021474        2.51158e-05        4.25369e-06             101325           0.169364        4.25369e-06            2002.63                  0           0.999356           0.594938             335174        1.80798e-05        1.02478e-06        8.31062e-05          0.0444248         0.00106702          0.0995228        1.20819e-06         3.9693e-12        2.78181e-13        9.05722e-11        1.97858e-10        0.000594668           0.121527        8.09497e-12        8.33682e-11        2.09583e-13            0.73276
86         0.00217251        2.51158e-05        4.25349e-06             101325           0.169355        4.25349e-06            2002.75                  0           0.999458           0.510733             293622        1.78693e-05        1.00724e-06        8.22049e-05          0.0444211         0.00106147          0.0995278        1.20519e-06        3.36249e-12        2.35621e-13        7.71481e-11        1.68563e-10         0.00058514           0.121542        7.60004e-12        7.06793e-11        1.77482e-13            0.73276
87         0.00219763        2.51158e-05        4.25331e-06             101325           0.169348        4.25331e-06            2002.85                  0           0.999545           0.436475             255466        1.76909e-05         9.9246e-07        8.14404e-05           0.044418         0.00105672           0.099532        1.20268e-06        2.83991e-12        1.98977e-13        6.54672e-11        1.43067e-10        0.000577039           0.121555        7.18126e-12        5.97367e-11        1.49855e-13            0.73276
88         0.00222274        2.51158e-05        4.25316e-06             101325           0.169342        4.25316e-06            2002.93                  0           0.999619           0.371406             220866        1.75401e-05        9.80014e-07        8.07934e-05          0.0444153         0.00105269          0.0995356        1.20058e-06        2.39099e-12        1.67507e-13        5.53433e-11        1.20963e-10         0.00057017           0.121566        6.82714e-12        5.03258e-11        1.26135e-13            0.73276
89         0.00224786        2.51158e-05        4.25304e-06             101325           0.169338        4.25304e-06               2003                  0           0.999681           0.314735             189836        1.74127e-05         9.6955e-07        8.02469e-05          0.0444131         0.00104927          0.0995386        1.19883e-06        2.00648e-12        1.40557e-13        4.66055e-11        1.01882e-10        0.000564358           0.121575        6.52802e-12        4.22574e-11        1.05828e-13            0.73276
90         0.00227298        2.51158e-05        4.25293e-06             101325           0.169333        4.25293e-06            2003.06                  0           0.999734           0.265659             162279        1.73055e-05        9.60766e-07        7.97862e-05          0.0444112         0.00104637          0.0995412        1.19737e-06         1.6782e-12        1.17551e-13        3.90967e-11        8.54799e-11        0.000559455           0.121583        6.27573e-12        3.53633e-11        8.84973e-14            0.73276
91         0.00229809        2.51158e-05        4.25285e-06             101325            0.16933        4.25285e-06            2003.11                  0           0.999779           0.223391             138020        1.72154e-05        9.53406e-07        7.93988e-05          0.0444096         0.00104392          0.0995433        1.19615e-06        1.39889e-12        9.79804e-14        3.26726e-11         7.1444e-11        0.000555327           0.121589        6.06335e-12        2.94939e-11        7.37569e-14            0.73276
92         0.00232321        2.51158e-05        4.25277e-06             101325           0.169327        4.25277e-06            2003.15                  0           0.999816            0.18717             116833        1.71399e-05        9.47248e-07        7.90737e-05          0.0444083         0.00104187          0.0995452        1.19513e-06         1.1621e-12         8.1391e-14        2.72008e-11        5.94863e-11        0.000551861           0.121595        5.88492e-12        2.45155e-11        6.12643e-14            0.73276
93         0.00234832        2.51158e-05        4.25271e-06             101325           0.169324        4.25271e-06            2003.19                  0           0.999848           0.156281            98460.4        1.70767e-05        9.42105e-07        7.88015e-05          0.0444072         0.00104014          0.0995467        1.19429e-06        9.62107e-13         6.7381e-14         2.2561e-11        4.93446e-11        0.000548957           0.121599        5.73537e-12        2.03089e-11        5.07154e-14            0.73276
94         0.00237344        2.51158e-05        4.25266e-06             101325           0.169322        4.25266e-06            2003.22                  0           0.999874           0.130059            82632.6         1.7024e-05        9.37818e-07         7.8574e-05          0.0444063         0.00103869           0.099548        1.19358e-06        7.93832e-13        5.55937e-14        1.86439e-11        4.07811e-11        0.000546531           0.121603        5.61035e-12        1.67683e-11        4.18414e-14            0.73276
95         0.00239855        2.51158e-05        4.25262e-06             101325           0.169321        4.25262e-06            2003.24                  0           0.999896           0.107893            69078.2          1.698e-05        9.34252e-07        7.83844e-05          0.0444055         0.00103748           0.099549          1.193e-06        6.52784e-13        4.57144e-14        1.53513e-11        3.35818e-11        0.000544508           0.121606         5.5061e-12        1.37998e-11        3.44043e-14            0.73276
96         0.00242367        2.51158e-05        4.25258e-06             101325           0.169319        4.25258e-06            2003.26                  0           0.999914          0.0892325            57534.1        1.69435e-05         9.3129e-07        7.82266e-05          0.0444049         0.00103648          0.0995499        1.19252e-06        5.35008e-13        3.74656e-14        1.25954e-11        2.75552e-11        0.000542825           0.121609        5.41941e-12        1.13206e-11        2.81953e-14            0.73276
97         0.00244879        2.51158e-05        4.25255e-06             101325           0.169318        4.25255e-06            2003.28                  0            0.99993           0.073583            47751.6        1.69133e-05        9.28835e-07        7.80957e-05          0.0444044         0.00103564          0.0995506        1.19212e-06        4.37039e-13        3.06043e-14        1.02985e-11        2.25316e-11        0.000541429           0.121611        5.34753e-12          9.258e-12         2.3031e-14            0.73276
98          0.0024739        2.51158e-05        4.25253e-06             101325           0.169317        4.25253e-06            2003.29                  0           0.999942          0.0605068            39500.9        1.68882e-05        9.26805e-07        7.79872e-05          0.0444039         0.00103495          0.0995512        1.19179e-06        3.55851e-13        2.49185e-14        8.39185e-12        1.83612e-11        0.000540273           0.121613        5.28809e-12        7.54855e-12        1.87517e-14            0.73276
99         0.00249902        2.51158e-05        4.25251e-06             101325           0.169316        4.25251e-06             2003.3                  0           0.999953          0.0496186            32572.6        1.68675e-05        9.25129e-07        7.78976e-05          0.0444036         0.00103437          0.0995517        1.19152e-06        2.88821e-13        2.02244e-14        6.81551e-12        1.49129e-11        0.000539318           0.121614        5.23909e-12        6.13707e-12         1.5219e-14            0.73276
100         0.00252413        2.51158e-05        4.25249e-06             101325           0.169316        4.25249e-06            2003.31                  0           0.999962          0.0405826            26778.5        1.68505e-05        9.23749e-07        7.78236e-05          0.0444033          0.0010339          0.0995522         1.1913e-06        2.33682e-13        1.63631e-14        5.51731e-12        1.20728e-11        0.000538531           0.121616         5.1988e-12        4.97592e-12        1.23131e-14            0.73276
101         0.00254925        2.51158e-05        4.25248e-06             101325           0.169315        4.25248e-06            2003.32                  0           0.999969          0.0331074            21951.5        1.68365e-05        9.22614e-07        7.77628e-05           0.044403         0.00103351          0.0995525        1.19111e-06        1.88487e-13        1.31983e-14        4.45223e-12        9.74258e-12        0.000537884           0.121617        5.16578e-12        4.02415e-12        9.93146e-15            0.73276
102         0.00257436        2.51158e-05        4.25247e-06             101325           0.169315        4.25247e-06            2003.32                  0           0.999975          0.0269422            17944.8         1.6825e-05        9.21683e-07        7.77129e-05          0.0444028         0.00103319          0.0995528        1.19096e-06        1.51574e-13        1.06135e-14        3.58164e-12        7.83775e-12        0.000537353           0.121617        5.13878e-12        3.24678e-12        7.98633e-15            0.73276
103         0.00259948        2.51158e-05        4.25246e-06             101325           0.169314        4.25246e-06            2003.33                  0           0.999979          0.0218722            14630.3        1.68156e-05        9.20921e-07         7.7672e-05          0.0444027         0.00103292           0.099553        1.19084e-06        1.21529e-13         8.5096e-15        2.87258e-12        6.28625e-12        0.000536918           0.121618        5.11678e-12        2.61404e-12        6.40318e-15            0.73276
104          0.0026246        2.51158e-05        4.25245e-06             101325           0.169314        4.25245e-06            2003.33                  0           0.999983          0.0177146            11897.3        1.68079e-05        9.20298e-07        7.76385e-05          0.0444025         0.00103271          0.0995532        1.19074e-06        9.71567e-14          6.803e-15        2.29708e-12        5.02695e-12        0.000536563           0.121619         5.0989e-12        2.10077e-12        5.11898e-15            0.73276
105         0.00264971        2.51158e-05        4.25245e-06             101325           0.169314        4.25245e-06            2003.34                  0           0.999986          0.0143144            9650.77        1.68016e-05         9.1979e-07        7.76112e-05          0.0444024         0.00103253          0.0995533        1.19066e-06        7.74513e-14        5.42318e-15        1.83157e-12        4.00829e-12        0.000536274           0.121619         5.0844e-12        1.68578e-12         4.0807e-15            0.73276
106         0.00267483        2.51158e-05        4.25244e-06             101325           0.169314        4.25244e-06            2003.34                  0           0.999989           0.011541            7809.51        1.67965e-05        9.19377e-07         7.7589e-05          0.0444023         0.00103239          0.0995535        1.19059e-06        6.15705e-14        4.31118e-15        1.45627e-12        3.18702e-12        0.000536038           0.121619        5.07269e-12        1.35133e-12        3.24396e-15            0.73276
107         0.00269994        2.51158e-05        4.25244e-06             101325           0.169314        4.25244e-06            2003.34                  0           0.999991         0.00928455            6304.71        1.67924e-05        9.19042e-07         7.7571e-05          0.0444023         0.00103228          0.0995536        1.19054e-06         4.8812e-14        3.41781e-15        1.15467e-12          2.527e-12        0.000535847            0.12162        5.06324e-12        1.08264e-12        2.57173e-15            0.73276
108         0.00272506        2.51158e-05        4.25244e-06             101325           0.169314        4.25244e-06            2003.34                  0           0.999993         0.00745328            5078.28         1.6789e-05         9.1877e-07        7.75564e-05          0.0444022         0.00103218          0.0995537         1.1905e-06        3.85929e-14        2.70227e-15        9.13036e-13        1.99821e-12        0.000535693            0.12162        5.05565e-12        8.67438e-13        2.03332e-15            0.73276
109         0.00275017        2.51158e-05        4.25243e-06             101325           0.169313        4.25243e-06            2003.35                  0           0.999994         0.00597062            4081.31        1.67863e-05         9.1855e-07        7.75445e-05          0.0444022         0.00103211          0.0995537        1.19046e-06        3.04337e-14        2.13096e-15        7.20073e-13        1.57592e-12        0.000535568            0.12162        5.04955e-12        6.95613e-13        1.60344e-15            0.73276
110         0.00277529        2.51158e-05        4.25243e-06             101325           0.169313        4.25243e-06            2003.35                  0           0.999995         0.00477296            3272.89        1.67841e-05        9.18373e-07         7.7535e-05          0.0444021         0.00103204          0.0995538        1.19043e-06        2.39391e-14         1.6762e-15        5.66451e-13        1.23972e-12        0.000535467            0.12162        5.04468e-12        5.58845e-13        1.26126e-15            0.73276
111         0.00280041        2.51158e-05        4.25243e-06             101325           0.169313        4.25243e-06            2003.35                  0           0.999996         0.00380775            2618.97        1.67824e-05         9.1823e-07        7.75273e-05          0.0444021         0.00103199          0.0995538        1.19041e-06        1.87841e-14        1.31525e-15        4.44501e-13         9.7283e-13        0.000535386            0.12162         5.0408e-12         4.5029e-13        9.89664e-16            0.73276
112         0.00282552        2.51158e-05        4.25243e-06             101325           0.169313        4.25243e-06            2003.35                  0           0.999997         0.00303162             2091.3         1.6781e-05        9.18116e-07        7.75211e-05          0.0444021         0.00103195          0.0995539        1.19039e-06        1.47038e-14        1.02955e-15        3.47966e-13        7.61557e-13         0.00053532           0.121621         5.0377e-12        3.64368e-13        7.74695e-16            0.73276
113         0.00285064        2.51158e-05        4.25243e-06             101325           0.169313        4.25243e-06            2003.35                  0           0.999998          0.0024089             1666.5        1.67798e-05        9.18024e-07        7.75161e-05          0.0444021         0.00103192          0.0995539        1.19038e-06        1.14831e-14        8.04035e-16        2.71757e-13         5.9477e-13        0.000535268           0.121621        5.03524e-12        2.96545e-13        6.05007e-16            0.73276
114         0.00287575        2.51158e-05        4.25243e-06             101325           0.169313        4.25243e-06            2003.35                  0           0.999998         0.00191036            1325.29        1.67789e-05         9.1795e-07        7.75122e-05           0.044402          0.0010319          0.0995539        1.19036e-06        8.94835e-15        6.26556e-16        2.11778e-13        4.63501e-13        0.000535226           0.121621         5.0333e-12         2.4317e-13        4.71465e-16            0.73276
115         0.00290087        2.51158e-05        4.25243e-06             101325           0.169313        4.25243e-06            2003.35                  0           0.999999         0.00151207            1051.84        1.67782e-05        9.17891e-07         7.7509e-05           0.044402         0.00103188          0.0995539        1.19035e-06        6.95837e-15        4.87219e-16        1.64686e-13        3.60436e-13        0.000535193           0.121621        5.03176e-12        2.01266e-13        3.66623e-16            0.73276
116         0.00292598        2.51158e-05        4.25243e-06             101325           0.169313        4.25243e-06            2003.35                  0           0.999999         0.00119453            833.162        1.67776e-05        9.17844e-07        7.75064e-05           0.044402         0.00103186          0.0995539        1.19035e-06        5.40029e-15        3.78123e-16        1.27813e-13        2.79736e-13        0.000535166           0.121621        5.03055e-12        1.68457e-13        2.84537e-16            0.73276
117          0.0029511        2.51158e-05        4.25242e-06             101325           0.169313        4.25242e-06            2003.35                  0           0.999999        0.000941904            658.665        1.67772e-05        9.17807e-07        7.75044e-05           0.044402         0.00103185          0.0995539        1.19034e-06        4.18377e-15        2.92944e-16        9.90228e-14        2.16725e-13        0.000535145           0.121621        5.02959e-12         1.4284e-13        2.20445e-16            0.73276
118         0.00297622        2.51158e-05        4.25242e-06             101325           0.169313        4.25242e-06            2003.35                  0           0.999999        0.000741319            519.713        1.67768e-05        9.17777e-07        7.75028e-05           0.044402         0.00103184           0.099554        1.19034e-06        3.23618e-15        2.26594e-16        7.65961e-14        1.67641e-13        0.000535129           0.121621        5.02884e-12        1.22887e-13        1.70521e-16            0.73276
119         0.00300133        2.51158e-05        4.25242e-06             101325           0.169313        4.25242e-06            2003.35                  0           0.999999        0.000582374            409.293        1.67765e-05        9.17754e-07        7.75016e-05           0.044402         0.00103183           0.099554        1.19033e-06        2.49984e-15        1.75036e-16        5.91686e-14        1.29499e-13        0.000535115           0.121621        5.02826e-12        1.07382e-13        1.31728e-16            0.73276
120         0.00302645        2.51158e-05        4.25242e-06             101325           0.169313        4.25242e-06            2003.35                  0                  1        0.000456672            321.726        1.67763e-05        9.17735e-07        7.75006e-05           0.044402         0.00103182           0.099554        1.19033e-06         1.9288e-15        1.35053e-16        4.56531e-14        9.99182e-14        0.000535105           0.121621         5.0278e-12        9.53573e-14        1.01643e-16            0.73276
121         0.00305156        2.51158e-05        4.25242e-06             101325           0.169313        4.25242e-06            2003.35                  0                  1        0.000357455            252.422        1.67761e-05         9.1772e-07        7.74998e-05           0.044402         0.00103182           0.099554        1.19033e-06        1.48681e-15        1.04105e-16        3.51917e-14        7.70221e-14        0.000535096           0.121621        5.02744e-12        8.60502e-14        7.83566e-17            0.73276
122         0.00307668        2.51158e-05        4.25242e-06             101325           0.169313        4.25242e-06            2003.35                  0                  1        0.000279293            197.682        1.67759e-05        9.17709e-07        7.74991e-05           0.044402         0.00103181           0.099554        1.19033e-06        1.14517e-15        8.01834e-17        2.71055e-14        5.93243e-14         0.00053509           0.121621        5.02716e-12        7.88563e-14        6.03575e-17            0.73276
123          0.0031018        2.51158e-05        4.25242e-06             101325           0.169313        4.25242e-06            2003.35                  0                  1        0.000217837             154.53        1.67758e-05          9.177e-07        7.74986e-05           0.044402         0.00103181           0.099554        1.19032e-06        8.81368e-16        6.17125e-17        2.08616e-14        4.56587e-14        0.000535085           0.121621        5.02695e-12        7.33016e-14        4.64595e-17            0.73276
124         0.00312691        2.51158e-05        4.25242e-06             101325           0.169313        4.25242e-06            2003.35                  0                  1        0.000169605            120.579        1.67757e-05        9.17692e-07        7.74983e-05           0.044402         0.00103181           0.099554        1.19032e-06        6.77773e-16         4.7457e-17        1.60427e-14        3.51117e-14        0.000535081           0.121621        5.02678e-12        6.90145e-14        3.57333e-17            0.73276
125         0.00315203        2.51158e-05        4.25242e-06             101325           0.169313        4.25242e-06            2003.35                  0                  1        0.000131824            93.9189        1.67757e-05        9.17687e-07         7.7498e-05           0.044402         0.00103181           0.099554        1.19032e-06        5.20934e-16        3.64753e-17        1.23304e-14        2.69869e-14        0.000535078           0.121621        5.02665e-12         6.5712e-14        2.74703e-17            0.73276
126         0.00317714        2.51158e-05        4.25242e-06             101325           0.169313        4.25242e-06            2003.35                  0                  1        0.000102282            73.0236        1.67756e-05        9.17682e-07        7.74977e-05           0.044402          0.0010318           0.099554        1.19032e-06         4.0003e-16        2.80097e-17        9.46863e-15        2.07235e-14        0.000535075           0.121621        5.02654e-12        6.31661e-14        2.11006e-17            0.73276
127         0.00320226        2.51158e-05        4.25242e-06             101325           0.169313        4.25242e-06            2003.35                  0                  1        7.92252e-05            56.6775        1.67756e-05        9.17679e-07        7.74975e-05           0.044402          0.0010318           0.099554        1.19032e-06        3.07057e-16        2.14998e-17        7.26798e-15        1.59071e-14        0.000535073           0.121621        5.02647e-12        6.12084e-14        1.62023e-17            0.73276
128         0.00322737        2.51158e-05        4.25242e-06             101325           0.169313        4.25242e-06            2003.35                  0                  1        6.12622e-05            43.9134        1.67755e-05        9.17676e-07        7.74974e-05           0.044402          0.0010318           0.099554        1.19032e-06        2.35627e-16        1.64983e-17        5.57725e-15        1.22067e-14        0.000535072           0.121621         5.0264e-12        5.97043e-14        1.24391e-17            0.73276
129         0.00325249        2.51158e-05        4.25242e-06             101325           0.169313        4.25242e-06            2003.35                  0                  1        4.72926e-05            33.9649        1.67755e-05        9.17674e-07        7.74973e-05           0.044402          0.0010318           0.099554        1.19032e-06        1.80726e-16        1.26542e-17        4.27776e-15        9.36252e-15        0.000535071           0.121621        5.02636e-12        5.85482e-14        9.54672e-18            0.73276
130         0.00327761        2.51158e-05        4.25242e-06             101325           0.169313        4.25242e-06            2003.35                  0                  1        3.64475e-05            26.2251        1.67755e-05        9.17673e-07        7.74972e-05           0.044402          0.0010318           0.099554        1.19032e-06         1.3906e-16        9.73684e-18        3.29154e-15        7.20403e-15         0.00053507           0.121621        5.02632e-12        5.76709e-14         7.3516e-18            0.73276
131         0.00330272        2.51158e-05        4.25242e-06             101325           0.169313        4.25242e-06            2003.35                  0                  1        2.80441e-05            20.2138        1.67755e-05        9.17671e-07        7.74971e-05           0.044402          0.0010318           0.099554        1.19032e-06        1.06938e-16        7.48766e-18         2.5312e-15        5.53992e-15        0.000535069           0.121621        5.02629e-12        5.69945e-14        5.65925e-18            0.73276
132         0.00332784        2.51158e-05        4.25242e-06             101325           0.169313        4.25242e-06            2003.35                  0                  1        2.15428e-05            15.5542        1.67755e-05         9.1767e-07        7.74971e-05           0.044402          0.0010318           0.099554        1.19032e-06        8.27243e-17        5.79226e-18        1.95808e-15        4.28554e-15        0.000535068           0.121621        5.02627e-12        5.64846e-14        4.38359e-18            0.73276
133         0.00335295        2.51158e-05        4.25242e-06             101325           0.169313        4.25242e-06            2003.35                  0                  1         1.6523e-05            11.9479        1.67755e-05         9.1767e-07         7.7497e-05           0.044402          0.0010318           0.099554        1.19032e-06         6.4164e-17        4.49269e-18        1.51875e-15        3.32402e-15        0.000535068           0.121621        5.02626e-12        5.60938e-14        3.40575e-18            0.73276
134         0.00337807        2.51158e-05        4.25242e-06             101325           0.169313        4.25242e-06            2003.35                  0                  1        1.26528e-05            9.16235        1.67755e-05        9.17669e-07         7.7497e-05           0.044402          0.0010318           0.099554        1.19032e-06        4.98014e-17        3.48703e-18        1.17879e-15        2.57996e-15        0.000535068           0.121621        5.02624e-12        5.57913e-14        2.64907e-18            0.73276
135         0.00340318        2.51158e-05        4.25242e-06             101325           0.169313        4.25242e-06            2003.35                  0                  1        9.67385e-06            7.01454        1.67755e-05        9.17669e-07         7.7497e-05           0.044402          0.0010318           0.099554        1.19032e-06         3.8688e-17        2.70889e-18        9.15739e-16        2.00423e-15        0.000535067           0.121621        5.02623e-12        5.55573e-14        2.06357e-18            0.73276
136          0.0034283        2.51158e-05        4.25242e-06             101325           0.169313        4.25242e-06            2003.35                  0                  1        7.38476e-06            5.36133        1.67754e-05        9.17668e-07         7.7497e-05           0.044402          0.0010318           0.099554        1.19032e-06        3.00823e-17        2.10632e-18        7.12042e-16        1.55841e-15        0.000535067           0.121621        5.02623e-12        5.53761e-14        1.61018e-18            0.73276
137         0.00345342        2.51158e-05        4.25242e-06             101325           0.169313        4.25242e-06            2003.35                  0                  1        5.62868e-06            4.09104        1.67754e-05        9.17668e-07        7.74969e-05           0.044402          0.0010318           0.099554        1.19032e-06        2.34095e-17         1.6391e-18        5.54098e-16        1.21272e-15        0.000535067           0.121621        5.02622e-12        5.52356e-14        1.25863e-18            0.73276
138         0.00347853        2.51158e-05        4.25242e-06             101325           0.169313        4.25242e-06            2003.35                  0                  1        4.28368e-06            3.11666        1.67754e-05        9.17668e-07        7.74969e-05           0.044402          0.0010318           0.099554        1.19032e-06        1.82265e-17        1.27619e-18        4.31415e-16        9.44214e-16        0.000535067           0.121621        5.02622e-12        5.51265e-14        9.85571e-19            0.73276
139         0.00350365        2.51158e-05        4.25242e-06             101325           0.169313        4.25242e-06            2003.35                  0                  1        3.25521e-06            2.37055        1.67754e-05        9.17668e-07        7.74969e-05           0.044402          0.0010318           0.099554        1.19032e-06         1.4192e-17        9.93699e-19        3.35918e-16        7.35204e-16        0.000535067           0.121621        5.02621e-12        5.50415e-14        7.73014e-19            0.73276
140         0.00352876        2.51158e-05        4.25242e-06             101325           0.169313        4.25242e-06            2003.35                  0                  1        2.47002e-06            1.80024        1.67754e-05        9.17668e-07        7.74969e-05           0.044402          0.0010318           0.099554        1.19032e-06        1.10432e-17        7.73227e-19        2.61387e-16        5.72082e-16        0.000535067           0.121621        5.02621e-12        5.49752e-14        6.07125e-19            0.73276
141         0.00355388        2.51158e-05        4.25242e-06             101325           0.169313        4.25242e-06            2003.35                  0                  1        1.87154e-06            1.36508        1.67754e-05        9.17667e-07        7.74969e-05           0.044402          0.0010318           0.099554        1.19032e-06        8.57707e-18         6.0055e-19        2.03014e-16        4.44322e-16        0.000535067           0.121621        5.02621e-12        5.49233e-14        4.77199e-19            0.73276
142         0.00357899        2.51158e-05        4.25242e-06             101325           0.169313        4.25242e-06            2003.35                  0                  1         1.4161e-06            1.03365        1.67754e-05        9.17667e-07        7.74969e-05           0.044402          0.0010318           0.099554        1.19032e-06        6.64276e-18        4.65112e-19        1.57229e-16        3.44115e-16        0.000535067           0.121621        5.02621e-12        5.48826e-14        3.75291e-19            0.73276
143         0.00360411        2.51158e-05        4.25242e-06             101325           0.169313        4.25242e-06            2003.35                  0                  1        1.07012e-06           0.781711        1.67754e-05        9.17667e-07        7.74969e-05           0.044402          0.0010318           0.099554        1.19032e-06          5.132e-18        3.59331e-19        1.21469e-16         2.6585e-16        0.000535067           0.121621         5.0262e-12        5.48507e-14        2.95698e-19            0.73276
144         0.00362923        2.51158e-05        4.25242e-06             101325           0.169313        4.25242e-06            2003.35                  0                  1        8.07851e-07           0.590588        1.67754e-05        9.17667e-07        7.74969e-05           0.044402          0.0010318           0.099554        1.19032e-06        3.95842e-18        2.77158e-19        9.36905e-17        2.05052e-16        0.000535067           0.121621         5.0262e-12         5.4826e-14        2.33869e-19            0.73276
145         0.00365434        2.51158e-05        4.25242e-06             101325           0.169313        4.25242e-06            2003.35                  0                  1        6.09509e-07            0.44594        1.67754e-05        9.17667e-07        7.74969e-05           0.044402          0.0010318           0.099554        1.19032e-06         3.0516e-18        2.13663e-19         7.2226e-17        1.58073e-16        0.000535067           0.121621         5.0262e-12        5.48069e-14        1.86094e-19            0.73276
146         0.00367946        2.51158e-05        4.25242e-06             101325           0.169313        4.25242e-06            2003.35                  0                  1        4.60005e-07           0.336827        1.67754e-05        9.17667e-07        7.74969e-05           0.044402          0.0010318           0.099554        1.19032e-06        2.35517e-18          1.649e-19        5.57417e-17        1.21995e-16        0.000535067           0.121621         5.0262e-12        5.47923e-14        1.49403e-19            0.73276
147         0.00370457        2.51158e-05        4.25242e-06             101325           0.169313        4.25242e-06            2003.35                  0                  1        3.47804e-07           0.254878        1.67754e-05        9.17667e-07        7.74969e-05           0.044402          0.0010318           0.099554        1.19032e-06        1.82473e-18        1.27758e-19         4.3186e-17         9.4515e-17        0.000535067           0.121621         5.0262e-12        5.47811e-14        1.21457e-19            0.73276
148         0.00372969        2.51158e-05        4.25242e-06             101325           0.169313        4.25242e-06            2003.35                  0                  1        2.64187e-07            0.19376        1.67754e-05        9.17667e-07        7.74969e-05           0.044402          0.0010318           0.099554        1.19032e-06        1.42575e-18        9.98228e-20        3.37423e-17        7.38461e-17        0.000535067           0.121621         5.0262e-12        5.47727e-14        1.00438e-19            0.73276
149          0.0037548        2.51158e-05        4.25242e-06             101325           0.169313        4.25242e-06            2003.35                  0                  1        2.02628e-07           0.148735        1.67754e-05        9.17667e-07        7.74969e-05           0.044402          0.0010318           0.099554        1.19032e-06          1.132e-18        7.92542e-20        2.67891e-17        5.86278e-17        0.000535067           0.121621         5.0262e-12        5.47665e-14        8.49612e-20            0.73276
150         0.00377992        2.51158e-05        4.25242e-06             101325           0.169313        4.25242e-06            2003.35                  0                  1         1.5827e-07            0.11627        1.67754e-05        9.17667e-07        7.74969e-05           0.044402          0.0010318           0.099554        1.19032e-06         9.2405e-19        6.46941e-20         2.1867e-17        4.78552e-17        0.000535067           0.121621         5.0262e-12        5.47621e-14        7.40058e-20            0.73276
151         0.00380504        2.51158e-05        4.25242e-06             101325           0.169313        4.25242e-06            2003.35                  0                  1         1.2766e-07          0.0938563        1.67754e-05        9.17667e-07        7.74969e-05           0.044402          0.0010318           0.099554        1.19032e-06        7.88326e-19        5.51908e-20        1.86544e-17        4.08239e-17        0.000535067           0.121621         5.0262e-12        5.47593e-14        6.68552e-20            0.73276
152         0.00383015        2.51158e-05        4.25242e-06             101325           0.169313        4.25242e-06            2003.35                  0                  1        1.08425e-07          0.0797658        1.67754e-05        9.17667e-07        7.74969e-05           0.044402          0.0010318           0.099554        1.19032e-06        7.16226e-19        5.01424e-20        1.69478e-17        3.70887e-17        0.000535067           0.121621         5.0262e-12        5.47578e-14        6.30567e-20            0.73276
