# Time 0.000215
# eta = 0.002
# length = 0.000854366
#--- 	  	 LEM Line data  --- 
#(1) wafer              (2) x             (3) dx              (4) m              (5) p            (6) rho              (7) m              (8) T              (9) Z             (10) C          (11) dCdt       (12) heatRel                  (13) Y_H2                  (14) Y_H                  (15) Y_O                  (16) Y_O2                  (17) Y_OH                  (18) Y_H2O                  (19) Y_HO2                  (20) Y_CH2                  (21) Y_CH2(S)                  (22) Y_CH3                  (23) Y_CH4                  (24) Y_CO                  (25) Y_CO2                  (26) Y_HCO                  (27) Y_CH2O                  (28) Y_CH2OH                  (29) Y_N2
0        1.25581e-05        2.51162e-05        2.84226e-05             101325            1.13164        2.84226e-05            300.002                  0                  0                  0           0.474534        3.82543e-11        6.74507e-20        1.09211e-12           0.222598        1.45822e-12        8.99148e-08         1.4663e-10        6.29913e-20        3.25874e-21        7.14959e-10           0.044642        1.13124e-09        1.07826e-07        3.99459e-20        1.79382e-10         7.0446e-24            0.73276
1        3.76743e-05        2.51162e-05        2.84224e-05             101325            1.13164        2.84224e-05            300.004                  0        9.26667e-07        1.11795e-07          0.0831063         8.7192e-11           2.83e-19         1.9692e-12           0.222598        2.75235e-12        1.99602e-07        3.18106e-10        2.77593e-19        1.43818e-20        1.59642e-09           0.044642        2.56713e-09        2.39283e-07        1.76463e-19        4.10017e-10        3.10911e-23            0.73276
2        6.27905e-05        2.51162e-05        2.84217e-05             101325            1.13161        2.84217e-05            300.011                  0        2.02293e-06        2.06974e-07           0.154887        2.30846e-10        1.47054e-18        3.95727e-12           0.222597        5.85876e-12        5.13248e-07         7.9664e-10        1.51847e-18        7.85784e-20        4.13162e-09          0.0446418        6.76593e-09        6.15049e-07        9.68087e-19        1.08818e-09        1.69953e-22            0.73276
3        8.79067e-05        2.51162e-05        2.84201e-05             101325            1.13154        2.84201e-05            300.028                  0         5.2137e-06        4.41968e-07           0.335985        6.13271e-10        7.39071e-18        7.85659e-12           0.222596        1.24053e-11        1.32318e-06        1.99713e-09        8.07159e-18         4.1766e-19        1.07221e-08          0.0446415        1.78988e-08        1.58498e-06         5.1606e-18        2.89564e-09        9.03893e-22            0.73276
4        0.000113023        2.51162e-05         2.8416e-05             101325            1.13138         2.8416e-05            300.071                  0        1.34382e-05        9.37119e-07           0.738535        1.58682e-09        3.41278e-17        1.47128e-11           0.222592        2.50787e-11        3.31462e-06        4.85107e-09        3.97856e-17        2.05584e-18        2.70484e-08          0.0446406        4.61261e-08        3.96863e-06        2.55263e-17         7.4992e-09        4.45667e-21            0.73276
5        0.000138139        2.51162e-05        2.84065e-05             101325              1.131        2.84065e-05            300.172                  0        3.36414e-05        1.90002e-06            1.62456        3.97876e-09        1.41217e-16        2.54836e-11           0.222584        4.76863e-11        8.02058e-06        1.13418e-08        1.78133e-16        9.21774e-18        6.59459e-08          0.0446384        1.15218e-07        9.59808e-06        1.14721e-16        1.88048e-08        2.00388e-20            0.73276
6        0.000163255        2.51162e-05        2.83849e-05             101325            1.13014        2.83849e-05              300.4                  0        8.13411e-05        3.64038e-06            3.69862        9.65222e-09         5.1814e-16        4.01343e-11           0.222565        8.44897e-11        1.87054e-05         2.5455e-08        7.19359e-16        3.72341e-17        1.55051e-07          0.0446336        2.78563e-07        2.23707e-05        4.65762e-16        4.55773e-08        8.14421e-20            0.73276
7        0.000188371        2.51162e-05        2.83381e-05             101325            1.12828        2.83381e-05            300.896                  0        0.000189542         6.5678e-06            9.20412        2.26284e-08        1.64972e-15        5.62517e-11           0.222524        1.38051e-10        4.19663e-05        5.47175e-08        2.58073e-15        1.33872e-16        3.50916e-07           0.044623        6.51225e-07        5.01531e-05         1.6834e-15        1.06621e-07        2.96304e-19            0.73276
8        0.000213488        2.51162e-05        2.82416e-05             101325            1.12444        2.82416e-05            301.924                  0        0.000424861         1.1162e-05            25.8285           5.12e-08        4.46246e-15        6.81671e-11           0.222438        2.05583e-10        9.03845e-05        1.12383e-07        8.10919e-15        4.22663e-16        7.62937e-07          0.0446009        1.47064e-06        0.000107923        5.34936e-15        2.40365e-07        9.57172e-19            0.73276
9        0.000238604        2.51162e-05        2.80527e-05             101325            1.11692        2.80527e-05            303.957                  0        0.000914181        1.79707e-05            79.7944         1.1163e-07         1.0038e-14        6.87791e-11           0.222269        2.75842e-10        0.000186396        2.19976e-07        2.19963e-14         1.1567e-15        1.58948e-06          0.0445572         3.2041e-06        0.000222331        1.47735e-14        5.21176e-07        2.73502e-18            0.73276
10         0.00026372        2.51162e-05        2.77056e-05             101325             1.1031        2.77056e-05            307.763                  0         0.00188349        2.77051e-05            256.692        2.34035e-07        1.86174e-14        5.52766e-11            0.22195         3.3231e-10        0.000366913        4.09276e-07        5.11585e-14        2.73332e-15        3.16356e-06          0.0444749        6.72374e-06         0.00043708        3.53891e-14        1.08413e-06        6.99606e-18            0.73276
11        0.000288836        2.51162e-05        2.71142e-05             101325            1.07955        2.71142e-05            314.474                  0         0.00370417        4.14801e-05             817.82        4.70547e-07        2.97792e-14         3.3976e-11           0.221385        3.69355e-10        0.000686815        7.22268e-07        1.04655e-13        5.74752e-15        5.99358e-06           0.044329        1.35602e-05        0.000816836        7.60141e-14        2.15664e-06        1.69708e-17            0.73276
12        0.000313952        2.51162e-05        2.61924e-05             101325            1.04285        2.61924e-05            325.539                  0         0.00692782        6.19783e-05            2485.34         9.0448e-07        4.92936e-14        1.57012e-11           0.220447        4.19904e-10         0.00121768        1.20815e-06        2.08739e-13        1.19905e-14        1.07678e-05          0.0440866        2.62137e-05         0.00144526        1.64085e-13        4.08763e-06        4.53405e-17            0.73276
13        0.000339069        2.51162e-05        2.48948e-05             101325           0.991185        2.48948e-05              342.5                  0          0.0122729        0.000100495            6990.62        1.65734e-06        1.13588e-13        5.59817e-12              0.219        5.83393e-10         0.00203809        1.91946e-06        4.78957e-13        2.93302e-14        1.82874e-05          0.0437114          4.845e-05         0.00241282        4.22444e-13        7.35674e-06        1.59839e-16            0.73276
14        0.000364185        2.51162e-05        2.32566e-05             101325           0.925963        2.32566e-05            366.613                  0          0.0205244        0.000205106              17836        2.89013e-06        3.75763e-13        1.70786e-12           0.216924        1.06214e-09         0.00321631        2.91279e-06        1.32224e-12        8.72315e-14        2.93275e-05          0.0431716        8.54841e-05          0.0037955        1.34214e-12        1.25478e-05        7.28803e-16            0.73276
15        0.000389301        2.51162e-05        2.13948e-05             101325           0.851832        2.13948e-05            398.498                  0          0.0323545        0.000546474            41107.1        4.79844e-06        1.40988e-12        7.98358e-13           0.214147        2.25473e-09         0.00479372        4.25822e-06         3.9209e-12        2.78773e-13          4.449e-05          0.0424473        0.000144013          0.0056346        4.63906e-12        2.02923e-05        3.61361e-15            0.73276
16        0.000414417        2.51162e-05        1.94628e-05             101325           0.774911        1.94628e-05            438.023                  0          0.0481462         0.00165688            86671.5        7.60509e-06        5.15193e-12        1.69528e-12           0.210658        4.93715e-09         0.00677855        6.05362e-06        1.13061e-11        8.60819e-13         6.4131e-05          0.0415336        0.000232156         0.00792918        1.56998e-11         3.1212e-05        1.72198e-14            0.73276
17        0.000439533        2.51162e-05        1.75957e-05             101325           0.700571        1.75957e-05            484.453                  0          0.0679241          0.0050359             171226        1.15547e-05        1.74487e-11        6.66315e-12           0.206494        1.04658e-08         0.00915165        8.43649e-06        3.03683e-11        2.44852e-12        8.83877e-05          0.0404376        0.000359401          0.0106431        4.96762e-11        4.58832e-05        7.46759e-14            0.73276
18        0.000464649        2.51162e-05        1.58798e-05             101325           0.632254        1.58798e-05            536.726                  0          0.0914148          0.0143989             325098        1.69114e-05        5.46584e-11        2.76418e-11           0.201722        2.08654e-08          0.0118782          1.159e-05        7.49992e-11        6.31469e-12        0.000117262          0.0391737        0.000536589          0.0137195        1.44859e-10        6.48276e-05        2.90198e-13            0.73276
19        0.000489766        2.51162e-05        1.43532e-05             101325           0.571473        1.43532e-05            593.703                  0           0.118173          0.0375998             603488        2.39594e-05        1.61517e-10        1.13379e-10           0.196415        3.87866e-08          0.0149187        1.57445e-05         1.7113e-10         1.4817e-11         0.00015071          0.0377582        0.000775928          0.0170937        3.90642e-10        8.85106e-05        1.02019e-12            0.73276
20        0.000514882        2.51162e-05        1.30201e-05             101325           0.518394        1.30201e-05            654.338                  0           0.147704          0.0888246        1.10214e+06         3.3002e-05        4.60433e-10        4.50994e-10           0.190644        6.77183e-08          0.0182365        2.11773e-05        3.68061e-10        3.22406e-11        0.000188702          0.0362061         0.00109098          0.0207028        9.88544e-10        0.000117338        3.32789e-12            0.73276
21        0.000539998        2.51162e-05        1.18662e-05             101325            0.47245        1.18662e-05            717.755                  0           0.179537            0.19121        1.98264e+06        4.43605e-05         1.2801e-09        1.71218e-09           0.184468        1.13472e-07          0.0218011        2.82085e-05        7.71513e-10        6.72084e-11        0.000231266          0.0345296          0.0014966          0.0244895        2.39439e-09        0.000151643         1.0384e-11           0.732759
22        0.000565114        2.51162e-05        1.08695e-05             101325            0.43277        1.08695e-05            783.275                  0           0.213267           0.383667        3.52907e+06        5.83696e-05        3.46385e-09        6.12358e-09           0.177935        1.89147e-07          0.0255896        3.71909e-05        1.64247e-09        1.39976e-10        0.000278507          0.0327373         0.00200873          0.0284044         5.6597e-09        0.000191675        3.17253e-11           0.732759
23         0.00059023        2.51162e-05         1.0007e-05             101325           0.398428         1.0007e-05            850.401                  0           0.248563           0.745472        6.29118e+06        7.53709e-05        9.06281e-09        2.04652e-08           0.171078          3.286e-07          0.0295858        4.84866e-05        3.67713e-09        3.03146e-10         0.00033063          0.0308347         0.00264408          0.0324051        1.32455e-08        0.000237583        9.57402e-11           0.732759
24        0.000615347        2.51162e-05        9.25695e-06             101325           0.368565        9.25695e-06            918.799                  0           0.285164            1.47554        1.14385e+07        9.57028e-05        2.28571e-08        6.37831e-08           0.163924        6.20019e-07          0.0337797        6.24189e-05        8.75011e-09        6.96308e-10        0.000387959          0.0288247         0.00341967          0.0364562         3.0904e-08        0.000289407        2.84183e-10           0.732759
25        0.000640463        2.51162e-05        8.60064e-06             101325           0.342434        8.60064e-06            988.265                  0           0.322869            3.11727           2.16e+07        0.000119686        5.57191e-08        1.86048e-07           0.156489        1.28538e-06          0.0381652        7.91814e-05        2.17629e-08        1.68074e-09        0.000450945          0.0267083         0.00435203          0.0405278        7.18291e-08        0.000347058        8.21394e-10           0.732759
26        0.000665579        2.51162e-05        8.02229e-06             101325           0.319407        8.02229e-06             1058.7                  0           0.361523            7.13719         4.2778e+07        0.000147602        1.32074e-07        5.11437e-07           0.148787        2.85989e-06          0.0427376         9.8672e-05        5.49403e-08        4.14964e-09         0.00052009          0.0244856         0.00545612          0.0445944        1.65298e-07         0.00041027        2.28897e-09           0.732759
27        0.000690695        2.51162e-05        7.50899e-06             101325            0.29897        7.50899e-06            1130.05                  0           0.400996            17.2945         8.8503e+07        0.000179683        3.06101e-07        1.33561e-06           0.140824        6.58002e-06          0.0474957        0.000120239        1.37173e-07        1.01979e-08         0.00059573          0.0221559         0.00674499          0.0486376         3.7365e-07        0.000478552        6.10703e-09           0.732759
28        0.000715811        2.51162e-05        7.05034e-06             101325           0.280709        7.05034e-06            1202.33                  0           0.441209            42.6323        1.88349e+08        0.000216099          6.949e-07        3.33528e-06           0.132599         1.5177e-05          0.0524409        0.000142308        3.32767e-07        2.44577e-08        0.000677332          0.0197173         0.00822928          0.0526476        8.23069e-07        0.000551007        1.55293e-08           0.732759
29        0.000740927        2.51162e-05        6.63818e-06             101325           0.264299        6.63818e-06            1275.48                  0           0.482139            103.361         4.0385e+08        0.000256846           1.54e-06        7.99076e-06           0.124111        3.43653e-05          0.0575698        0.000161997         7.7453e-07        5.64427e-08        0.000761848          0.0171724         0.00991428          0.0566203        1.75148e-06        0.000625815        3.74698e-08           0.732759
30        0.000766044        2.51162e-05        6.26657e-06             101325           0.249503        6.26657e-06            1349.31                  0           0.523755            240.541        8.53396e+08        0.000301532        3.30568e-06        1.83671e-05           0.115374        7.52989e-05          0.0628632        0.000175143        1.70918e-06        1.23745e-07        0.000840813          0.0145349          0.0117942           0.060556        3.56048e-06        0.000699245        8.51929e-08           0.732758
31         0.00079116        2.51162e-05        5.93195e-06             101325            0.23618        5.93195e-06            1423.32                  0           0.565962            526.851        1.73747e+09        0.000348914        6.79318e-06        4.03805e-05           0.106434        0.000157742          0.0682662        0.000177393        3.51762e-06        2.53453e-07        0.000896678          0.0118428          0.0138394          0.0644572        6.80168e-06        0.000763854        1.80115e-07           0.732758
32        0.000816276        2.51162e-05         5.6336e-06             101325           0.224302         5.6336e-06            1496.28                  0           0.608488            1063.72        3.32233e+09        0.000396035        1.31506e-05        8.43918e-05          0.0974118         0.00031184          0.0736575        0.000166396        6.56973e-06        4.72005e-07        0.000901791         0.00917639          0.0159712           0.068327        1.19062e-05        0.000805865        3.45195e-07           0.732757
33        0.000841392        2.51162e-05        5.37416e-06             101325           0.213972        5.37416e-06            1565.92                  0            0.65071            1928.95        5.77937e+09        0.000437112        2.34707e-05         0.00016599          0.0885625        0.000572704          0.0788151        0.000143554        1.06492e-05        7.65124e-07        0.000828389         0.00667334          0.0180228          0.0721644        1.84068e-05        0.000803844        5.74065e-07           0.732757
34        0.000866508        2.51162e-05        5.15871e-06             101325           0.205394        5.15871e-06            1628.85                  0            0.69147            3044.46        8.78099e+09        0.000463546        3.76911e-05        0.000302708          0.0803032        0.000960563          0.0834223        0.000113742        1.41423e-05        1.02063e-06        0.000674668          0.0045121          0.0197188          0.0759587        2.40465e-05        0.000736123        7.82424e-07           0.732757
35        0.000891625        2.51162e-05        4.99102e-06             101325           0.198717        4.99102e-06            1681.65                  0            0.72912            4064.25        1.11539e+10        0.000467919        5.35546e-05        0.000501738          0.0731138         0.00145256          0.0871727        8.34353e-05        1.48221e-05        1.07993e-06        0.000482885          0.0028392          0.0207514          0.0796791        2.57245e-05        0.000602989         8.4274e-07           0.732757
36        0.000916741        2.51162e-05        4.86849e-06             101325           0.193839        4.86849e-06            1722.91                  0           0.762091            4549.01        1.15663e+10        0.000450891        6.76042e-05        0.000742527          0.0673069         0.00197748           0.089934        5.79096e-05        1.25298e-05        9.24699e-07        0.000310426          0.0016848          0.0209643          0.0832687        2.26882e-05        0.000440463        7.32572e-07           0.732757
37        0.000941857        2.51162e-05        4.78179e-06             101325           0.190387        4.78179e-06               1754                  0           0.789714            4359.62        9.97759e+09        0.000421535        7.76069e-05        0.000980229          0.0628868         0.00245416          0.0918031        3.93113e-05        9.09236e-06        6.80053e-07        0.000186043        0.000961117          0.0204534          0.0866573         1.7212e-05        0.000293555        5.45603e-07           0.732758
38        0.000966973        2.51162e-05        4.71964e-06             101325           0.187912        4.71964e-06            1777.63                  0           0.812391            3733.39        7.51941e+09        0.000389713        8.32733e-05         0.00117489          0.0596267         0.00283507          0.0930053        2.70401e-05        6.02412e-06         4.5601e-07        0.000107378        0.000536217          0.0194624          0.0897899        1.18174e-05        0.000184253        3.69595e-07           0.732759
39        0.000992089        2.51162e-05        4.67296e-06             101325           0.186054        4.67296e-06            1796.38                  0           0.831062            2991.11        5.21965e+09        0.000360921        8.53488e-05          0.0013097          0.0572305         0.00311237          0.0937697        1.93833e-05        3.80119e-06         2.9062e-07        6.09331e-05        0.000296107          0.0182297          0.0926418        7.64209e-06        0.000111759        2.37444e-07           0.732759
40         0.00101721        2.51162e-05        4.63574e-06             101325           0.184572        4.63574e-06            1812.05                  0           0.846689             2323.7        3.48992e+09        0.000336616        8.47712e-05         0.00138694          0.0554379             0.0033          0.0942704        1.47064e-05        2.34063e-06        1.80375e-07        3.44007e-05        0.000163081          0.0169217          0.0952153        4.77493e-06        6.66127e-05        1.48302e-07            0.73276
41         0.00104232        2.51162e-05        4.60444e-06             101325           0.183326        4.60444e-06            1825.75                  0           0.860037            1790.72        2.32626e+09        0.000316263        8.23445e-05         0.00141725          0.0540566         0.00341752          0.0946216        1.18349e-05        1.42569e-06        1.10536e-07        1.94566e-05        9.00123e-05          0.0156341          0.0975286        2.92662e-06        3.94114e-05         9.1328e-08            0.73276
42         0.00106744        2.51162e-05        4.57701e-06             101325           0.182233        4.57701e-06            1838.11                  0           0.871663            1385.71        1.58423e+09        0.000298776        7.86838e-05         0.00141262          0.0529559         0.00348257          0.0948926        1.00234e-05        8.65671e-07        6.74117e-08        1.10717e-05        4.99497e-05          0.0144143          0.0996069        1.77557e-06        2.32878e-05        5.59067e-08            0.73276
43         0.00109255        2.51162e-05        4.55231e-06             101325            0.18125        4.55231e-06            1849.51                  0           0.881956             1082.2        1.11848e+09        0.000283154        7.42419e-05         0.00138335          0.0520497         0.00350881          0.0951227        8.82639e-06        5.26335e-07        4.11046e-08        6.35667e-06        2.79295e-05          0.0132814           0.101477        1.07228e-06        1.37945e-05        3.41826e-08           0.732761
44         0.00111767        2.51162e-05        4.52969e-06             101325            0.18035        4.52969e-06            1860.14                  0           0.891191            853.702        8.22721e+08        0.000268665        6.93486e-05         0.00133741          0.0512826         0.00350626          0.0953334        7.98558e-06         3.2129e-07        2.51286e-08        3.68904e-06        1.57612e-05          0.0122392           0.103166        6.46923e-07        8.21052e-06        2.09349e-08           0.732761
45         0.00114279        2.51162e-05        4.50877e-06             101325           0.179517        4.50877e-06            1870.14                  0           0.899561            679.409        6.28788e+08        0.000254837        6.42423e-05         0.00128065          0.0506183         0.00348207          0.0955359        7.35305e-06        1.97202e-07        1.54269e-08        2.16666e-06        8.98714e-06           0.011284           0.104695        3.90904e-07        4.91749e-06        1.28649e-08           0.732761
46          0.0011679        2.51162e-05        4.48931e-06             101325           0.178742        4.48931e-06            1879.56                  0           0.907211            544.365        4.95731e+08        0.000241404        5.90956e-05         0.00121728           0.050033         0.00344135          0.0957351        6.84453e-06        1.21803e-07        9.51993e-09        1.28877e-06        5.18245e-06          0.0104091           0.106086        2.37022e-07        2.96618e-06        7.94052e-09           0.732761
47         0.00119302        2.51162e-05        4.47114e-06             101325           0.178018        4.47114e-06            1888.46                  0           0.914246            438.178        3.99743e+08        0.000228235        5.40319e-05         0.00115028          0.0495105         0.00338781          0.0959331        6.41196e-06        7.57358e-08        5.90828e-09        7.76625e-07        3.02407e-06         0.00960677           0.107356        1.44447e-07        1.80277e-06        4.92553e-09           0.732761
48         0.00121814        2.51162e-05        4.45415e-06             101325           0.177342        4.45415e-06            1896.87                  0           0.920749            353.657        3.27146e+08        0.000215289        4.91382e-05         0.00108177          0.0490395         0.00332423          0.0961301        6.02785e-06        4.74132e-08        3.68875e-09        4.74164e-07        1.78634e-06         0.00886952            0.10852        8.86082e-08        1.10426e-06        3.07159e-09           0.732761
49         0.00124325        2.51162e-05        4.43826e-06             101325           0.176709        4.43826e-06            1904.81                  0           0.926784            285.756        2.70055e+08        0.000202577        4.44746e-05         0.00101326          0.0486122          0.0032527          0.0963256        5.67639e-06        2.98847e-08         2.3171e-09        2.93265e-07        1.06844e-06         0.00819053            0.10959         5.4795e-08        6.81762e-07        1.92604e-09           0.732761
50         0.00126837        2.51162e-05        4.42339e-06             101325           0.176117        4.42339e-06            1912.31                  0           0.932399             230.86        2.23841e+08        0.000190136        4.00801e-05        0.000945802          0.0482225         0.00317489          0.0965186        5.34847e-06        1.89635e-08        1.46451e-09        1.83691e-07        6.47139e-07         0.00756382           0.110577         3.4213e-08        4.24258e-07        1.21456e-09           0.732761
51         0.00129348        2.51162e-05        4.40949e-06             101325           0.175564        4.40949e-06            1919.38                  0           0.937636            186.305        1.85699e+08        0.000178016        3.59784e-05        0.000880173          0.0478661         0.00309217          0.0967082        5.03888e-06        1.21139e-08        9.31423e-10        1.16481e-07        3.96925e-07         0.00698427           0.111488        2.16046e-08        2.66112e-07        7.70332e-10           0.732761
52          0.0013186        2.51162e-05        4.39651e-06             101325           0.175047        4.39651e-06            1926.04                  0           0.942528            150.079        1.53844e+08        0.000166267        3.21811e-05        0.000816909          0.0475396         0.00300566          0.0968935        4.74468e-06        7.78992e-09        5.96138e-10        7.47501e-08        2.46525e-07         0.00644751           0.112332        1.38212e-08        1.68245e-07        4.91482e-10           0.732761
53         0.00134372        2.51162e-05        4.38439e-06             101325           0.174564        4.38439e-06             1932.3                  0           0.947101            120.619        1.27075e+08        0.000154937        2.86907e-05        0.000756387            0.04724         0.00291635          0.0970735        4.46427e-06        5.04282e-09        3.84014e-10        4.85298e-08        1.55034e-07         0.00594984           0.113115        8.97252e-09        1.07224e-07        3.15494e-10           0.732761
54         0.00136883        2.51162e-05        4.37308e-06             101325           0.174114        4.37308e-06            1938.18                  0           0.951376             96.688        1.04533e+08        0.000144069        2.55031e-05        0.000698857          0.0469652         0.00282508          0.0972476        4.19685e-06        3.28661e-09        2.49016e-10         3.1866e-08        9.87118e-08         0.00548815            0.11384        5.91974e-09        6.88927e-08        2.03812e-10           0.732761
55         0.00139395        2.51162e-05        4.36256e-06             101325           0.173695        4.36256e-06            1943.68                  0           0.955374            77.2906        8.55636e+07        0.000133696        2.26089e-05        0.000644479          0.0467133         0.00273262          0.0974153        3.94212e-06        2.15688e-09         1.6259e-10        2.11582e-08        6.36309e-08         0.00505973           0.114513          3.974e-09        4.46341e-08        1.32543e-10           0.732761
56         0.00141906        2.51162e-05        4.35278e-06             101325           0.173306        4.35278e-06            1948.83                  0           0.959109            61.6152        6.96427e+07        0.000123844        1.99954e-05        0.000593341          0.0464824         0.00263966           0.097576        3.70004e-06        1.42564e-09        1.06923e-10         1.4204e-08        4.15255e-08         0.00466229           0.115138        2.71651e-09        2.91668e-08           8.68e-11           0.732761
57         0.00144418        2.51162e-05         4.3437e-06             101325           0.172944         4.3437e-06            1953.64                  0           0.962597            48.9949        5.63364e+07        0.000114532         1.7647e-05        0.000545472          0.0462712         0.00254682          0.0977294         3.4707e-06        9.49364e-10        7.08462e-11        9.64058e-09         2.7436e-08         0.00429378           0.115717        1.89125e-09        1.92301e-08        5.72661e-11           0.732761
58          0.0014693        2.51162e-05        4.33529e-06             101325           0.172609        4.33529e-06            1958.11                  0           0.965849            38.8782        4.52746e+07        0.000105769        1.55469e-05        0.000500859          0.0460783         0.00245466          0.0978753        3.25427e-06        6.37161e-10        4.73158e-11         6.6157e-09        1.83534e-08         0.00395242           0.116253        1.34059e-09         1.2797e-08        3.80791e-11           0.732761
59         0.00149441        2.51162e-05        4.32751e-06             101325             0.1723        4.32751e-06            1962.27                  0           0.968877            30.8081         3.6137e+07        9.75608e-05        1.36769e-05         0.00045945          0.0459024         0.00236372          0.0980135        3.05091e-06        4.31164e-10        3.18666e-11        4.59062e-09        1.24323e-08         0.00363656           0.116749        9.66701e-10        8.59925e-09        2.55331e-11           0.732761
60         0.00151953        2.51162e-05        4.32033e-06             101325           0.172014        4.32033e-06            1966.12                  0           0.971692            24.4049        2.86434e+07        8.99037e-05        1.20189e-05        0.000421168          0.0457423         0.00227447           0.098144        2.86073e-06        2.94316e-10        2.16532e-11        3.22152e-09        8.52897e-09         0.00334473           0.117208         7.0832e-10        5.83757e-09        1.72735e-11           0.732761
61         0.00154465        2.51162e-05        4.31371e-06             101325            0.17175        4.31371e-06            1969.68                  0           0.974305            19.3537         2.2548e+07        8.27902e-05        1.05545e-05        0.000385912          0.0455971         0.00218732          0.0982668        2.68378e-06        2.02762e-10        1.48524e-11        2.28684e-09        5.92702e-09         0.00307551           0.117631        5.26632e-10        4.00528e-09        1.17968e-11           0.732761
62         0.00156976        2.51162e-05        4.30763e-06             101325           0.171508        4.30763e-06            1972.97                  0           0.976724            15.3934        1.76343e+07         7.6208e-05        9.26586e-06        0.000353562          0.0454655         0.00210269          0.0983819        2.52003e-06        1.41058e-10        1.02897e-11        1.64249e-09        4.17325e-09         0.00282762            0.11802        3.96738e-10        2.77893e-09        8.13808e-12           0.732761
63         0.00159488        2.51162e-05        4.30205e-06             101325           0.171286        4.30205e-06               1976                  0            0.97896            12.3079        1.37125e+07        7.01407e-05         8.1359e-06        0.000323987          0.0453466         0.00202089          0.0984895        2.36931e-06        9.91526e-11         7.2045e-12        1.19396e-09        2.97802e-09         0.00259979           0.118378        3.02438e-10        1.95069e-09        5.67443e-12           0.732761
64         0.00161999        2.51162e-05        4.29694e-06             101325           0.171083        4.29694e-06            1978.78                  0           0.981021            9.91923         1.0616e+07        6.45687e-05        7.14823e-06        0.000297043          0.0452394         0.00194224          0.0985897        2.23137e-06        7.04647e-11        5.10117e-12         8.7867e-10        2.15437e-09         0.00239083           0.118706        2.33025e-10        1.38607e-09        4.00176e-12            0.73276
65         0.00164511        2.51162e-05        4.29227e-06             101325           0.170897        4.29227e-06            1981.33                  0           0.982918            8.08126        8.19983e+06        5.94701e-05        6.28753e-06         0.00027258           0.045143         0.00186698          0.0986828        2.10586e-06        5.06616e-11        3.65495e-12        6.54871e-10        1.58049e-09         0.00219958           0.119007          1.813e-10        9.97444e-10        2.85626e-12            0.73276
66         0.00167023        2.51162e-05        4.28802e-06             101325           0.170727        4.28802e-06            1983.66                  0           0.984659            6.67449        6.33834e+06        5.48208e-05        5.53953e-06        0.000250444          0.0450565         0.00179532           0.098769        1.99231e-06        3.68731e-11        2.65169e-12        4.94451e-10        1.17618e-09         0.00202493           0.119281        1.42341e-10        7.27316e-10        2.06471e-12            0.73276
67         0.00169534        2.51162e-05        4.28416e-06             101325           0.170574        4.28416e-06            1985.78                  0           0.986253            5.60186        4.92347e+06        5.05955e-05        4.89108e-06        0.000230478          0.0449791         0.00172742          0.0988484        1.89017e-06        2.71859e-11        1.94929e-12        3.78325e-10        8.88193e-10         0.00186579           0.119531        1.12723e-10         5.3765e-10        1.51258e-12            0.73276
68         0.00172046        2.51162e-05        4.28065e-06             101325           0.170434        4.28065e-06             1987.7                  0           0.987709            4.78507        3.86324e+06        4.67681e-05         4.3302e-06        0.000212526            0.04491         0.00166339          0.0989215        1.79882e-06        2.03165e-11         1.4528e-12         2.9343e-10        6.80769e-10         0.00172113           0.119758        9.00227e-11        4.03099e-10         1.1237e-12            0.73276
69         0.00174557        2.51162e-05        4.27748e-06             101325           0.170308        4.27748e-06            1989.45                  0           0.989035            4.16147        3.08012e+06        4.33119e-05        3.84601e-06        0.000196432          0.0448484         0.00160331          0.0989885        1.71757e-06        1.53977e-11        1.09834e-12        2.30742e-10        5.29699e-10         0.00158994           0.119964        7.25004e-11        3.06635e-10        8.46999e-13            0.73276
70         0.00177069        2.51162e-05        4.27461e-06             101325           0.170193        4.27461e-06            1991.03                  0            0.99024            3.68148        2.50969e+06        4.02005e-05        3.42873e-06        0.000182046          0.0447935         0.00154719          0.0990497        1.64568e-06        1.18397e-11         8.4266e-13        1.83978e-10        4.18425e-10         0.00147124           0.120151        5.88881e-11        2.36721e-10        6.48034e-13            0.73276
71         0.00179581        2.51162e-05        4.27203e-06             101325           0.170091        4.27203e-06            1992.46                  0           0.991333            3.30631        2.09912e+06        3.74078e-05        3.06963e-06        0.000169221          0.0447449         0.00149503          0.0991055        1.58242e-06        9.23863e-12        6.56208e-13        1.48725e-10        3.35512e-10         0.00136411           0.120319        4.82512e-11        1.85481e-10        5.03371e-13            0.73276
72         0.00182092        2.51162e-05        4.26972e-06             101325           0.169999        4.26972e-06            1993.74                  0           0.992321            3.00613        1.80586e+06        3.49082e-05        2.76096e-06        0.000157818          0.0447018         0.00144677          0.0991561        1.52701e-06        7.31558e-12        5.18678e-13        1.21857e-10         2.7299e-10         0.00126764            0.12047        3.98936e-11        1.47486e-10         3.9696e-13            0.73276
73         0.00184604        2.51162e-05        4.26764e-06             101325           0.169916        4.26764e-06            1994.89                  0           0.993211            2.75839        1.59629e+06        3.26771e-05        2.49589e-06        0.000147705          0.0446637         0.00140232          0.0992019         1.4787e-06        5.87684e-12        4.16001e-13        1.01142e-10        2.25252e-10           0.001181           0.120607        3.32919e-11        1.18968e-10        3.17718e-13            0.73276
74         0.00187116        2.51162e-05        4.26578e-06             101325           0.169842        4.26578e-06            1995.92                  0           0.994012            2.54646        1.44441e+06         3.0691e-05        2.26844e-06        0.000138755            0.04463         0.00136156          0.0992433        1.43677e-06        4.78678e-12        3.38358e-13        8.49727e-11        1.88319e-10         0.00110336           0.120729        2.80503e-11        9.72866e-11        2.57938e-13            0.73276
75         0.00189627        2.51162e-05        4.26413e-06             101325           0.169776        4.26413e-06            1996.84                  0            0.99473            2.35843        1.33064e+06        2.89277e-05        2.07336e-06        0.000130854          0.0446004         0.00132436          0.0992804        1.40052e-06         3.9498e-12        2.78845e-13        7.21857e-11        1.59344e-10         0.00103397           0.120838        2.38672e-11        8.05802e-11        2.12218e-13            0.73276
76         0.00192139        2.51162e-05        4.26266e-06             101325           0.169718        4.26266e-06            1997.66                  0           0.995373            2.18611        1.24068e+06         2.7366e-05        1.90611e-06        0.000123892          0.0445743         0.00129055          0.0993138        1.36928e-06        3.29803e-12        2.32577e-13        6.19319e-11        1.36276e-10         0.00097209           0.120935        2.05117e-11        6.75245e-11        1.76745e-13            0.73276
77          0.0019465        2.51162e-05        4.26136e-06             101325           0.169666        4.26136e-06            1998.39                  0           0.995947            2.02417         1.1645e+06        2.59863e-05        1.76277e-06        0.000117771          0.0445514         0.00125994          0.0993436        1.34246e-06        2.78303e-12         1.9607e-13        5.35893e-11        1.17627e-10        0.000917054           0.121021        1.78062e-11        5.71716e-11        1.48809e-13            0.73276
78         0.00197162        2.51162e-05         4.2602e-06             101325            0.16962         4.2602e-06            1999.03                  0           0.996457            1.86941        1.09537e+06        2.47703e-05        1.63993e-06        0.000112399          0.0445314         0.00123235          0.0993701        1.31948e-06        2.36997e-12         1.6683e-13        4.67002e-11        1.02312e-10        0.000868221           0.121098        1.56138e-11        4.88388e-11        1.26473e-13            0.73276
79         0.00199674        2.51162e-05        4.25918e-06             101325           0.169579        4.25918e-06             1999.6                  0            0.99691            1.72018        1.02914e+06        2.37011e-05        1.53467e-06        0.000107693          0.0445138         0.00120759          0.0993937        1.29985e-06        2.03372e-12        1.43056e-13        4.09268e-11         8.9539e-11        0.000824998           0.121166        1.38282e-11        4.20316e-11        1.08341e-13            0.73276
80         0.00202185        2.51162e-05        4.25829e-06             101325           0.169543        4.25829e-06             2000.1                  0           0.997312            1.57586             963482        2.27632e-05        1.44449e-06        0.000103578          0.0444985         0.00118543          0.0994146        1.28311e-06        1.75599e-12        1.23442e-13        3.60195e-11        7.87249e-11        0.000786835           0.121226        1.23667e-11        3.63899e-11        9.34053e-14            0.73276
81         0.00204697        2.51162e-05         4.2575e-06             101325           0.169512         4.2575e-06            2000.54                  0           0.997666            1.43656             897418        2.19422e-05        1.36722e-06        9.99862e-05          0.0444851          0.0011657          0.0994331        1.26887e-06        1.52345e-12        1.07037e-13        3.17934e-11        6.94422e-11        0.000753221           0.121278        1.11648e-11        3.16501e-11        8.09301e-14            0.73276
82         0.00207209        2.51162e-05        4.25681e-06             101325           0.169485        4.25681e-06            2000.93                  0           0.997978            1.30273             830830        2.12251e-05        1.30104e-06        9.68565e-05          0.0444735         0.00114817          0.0994493        1.25676e-06        1.32632e-12        9.31425e-14         2.8112e-11         6.1376e-11        0.000723686           0.121325         1.0172e-11        2.76187e-11        7.03777e-14            0.73276
83          0.0020972        2.51162e-05         4.2562e-06             101325           0.169461         4.2562e-06            2001.27                  0           0.998252            1.17502             764134        2.06002e-05        1.24435e-06        9.41341e-05          0.0444633         0.00113267          0.0994636        1.24648e-06        1.15737e-12        8.12445e-14        2.48739e-11        5.42942e-11        0.000697798           0.121365        9.34831e-12        2.41526e-11        6.13522e-14            0.73276
84         0.00212232        2.51162e-05        4.25568e-06             101325            0.16944        4.25568e-06            2001.56                  0           0.998493             1.0541             698028        2.00567e-05        1.19582e-06          9.177e-05          0.0444546         0.00111901          0.0994761        1.23776e-06        1.01124e-12         7.0961e-14        2.20037e-11        4.80255e-11        0.000675161           0.121401        8.66233e-12        2.11452e-11        5.35595e-14            0.73276
85         0.00214743        2.51162e-05        4.25522e-06             101325           0.169422        4.25522e-06            2001.82                  0           0.998703           0.940538             633313        1.95852e-05        1.15427e-06        8.97206e-05          0.0444469           0.001107           0.099487        1.23037e-06        8.83894e-13        6.20057e-14        1.94452e-11        4.24423e-11        0.000655414           0.121432        8.08901e-12        1.85169e-11        4.67799e-14            0.73276
86         0.00217255        2.51162e-05        4.25483e-06             101325           0.169406        4.25483e-06            2002.04                  0           0.998886            0.83479             570767        1.91768e-05        1.11872e-06        8.79472e-05          0.0444404         0.00109648          0.0994966        1.22411e-06        7.72289e-13        5.41622e-14        1.71559e-11        3.74493e-11        0.000638231           0.121459        7.60835e-12        1.62072e-11        4.08469e-14            0.73276
87         0.00219767        2.51162e-05        4.25448e-06             101325           0.169392        4.25448e-06            2002.23                  0           0.999046           0.737129             511075        1.88239e-05        1.08833e-06        8.64152e-05          0.0444347         0.00108729          0.0995048         1.2188e-06        6.74085e-13         4.7264e-14        1.51032e-11        3.29734e-11        0.000623313           0.121482        7.20429e-12        1.41697e-11        3.56329e-14            0.73276
88         0.00222278        2.51162e-05        4.25419e-06             101325            0.16938        4.25419e-06             2002.4                  0           0.999184            0.64766             454786        1.85195e-05        1.06236e-06        8.50942e-05          0.0444298          0.0010793           0.099512        1.21432e-06        5.87451e-13        4.11814e-14        1.32616e-11         2.8958e-11        0.000610392           0.121503        6.86386e-12        1.23682e-11        3.10383e-14            0.73276
89          0.0022479        2.51162e-05        4.25393e-06             101325            0.16937        4.25393e-06            2002.54                  0           0.999304           0.566327             402298        1.82576e-05        1.04019e-06        8.39572e-05          0.0444256         0.00107236          0.0995182        1.21052e-06         5.1093e-13         3.5811e-14        1.16105e-11        2.53576e-11        0.000599228            0.12152        6.57653e-12        1.07737e-11         2.6984e-14            0.73276
90         0.00227301        2.51162e-05        4.25371e-06             101325           0.169361        4.25371e-06            2002.66                  0           0.999407            0.49293             353862        1.80326e-05        1.02127e-06        8.29803e-05           0.044422         0.00106635          0.0995236        1.20731e-06        4.43332e-13        3.10685e-14        1.01327e-11        2.21342e-11        0.000589604           0.121535        6.33368e-12        9.36264e-12        2.34055e-14            0.73276
91         0.00229813        2.51162e-05        4.25353e-06             101325           0.169354        4.25353e-06            2002.77                  0           0.999496           0.427156             309594        1.78398e-05        1.00516e-06        8.21425e-05          0.0444189         0.00106116          0.0995282         1.2046e-06        3.83666e-13        2.68837e-14        8.81309e-12        1.92554e-11        0.000581327           0.121548        6.12823e-12        8.11519e-12        2.02492e-14            0.73276
92         0.00232325        2.51162e-05        4.25336e-06             101325           0.169348        4.25336e-06            2002.86                  0           0.999573           0.368596             269493        1.76748e-05        9.91438e-07        8.14255e-05          0.0444163          0.0010567          0.0995321        1.20231e-06        3.31084e-13        2.31966e-14        7.63846e-12        1.66921e-11        0.000574225           0.121559        5.95433e-12        7.01433e-12        1.74693e-14            0.73276
93         0.00234836        2.51162e-05        4.25323e-06             101325           0.169342        4.25323e-06            2002.94                  0           0.999639           0.316783             233463         1.7534e-05        9.79776e-07        8.08129e-05           0.044414         0.00105287          0.0995355        1.20037e-06        2.84845e-13        1.99551e-14        6.59653e-12        1.44178e-11        0.000568145           0.121569        5.80709e-12        6.04516e-12        1.50261e-14            0.73276
94         0.00237348        2.51162e-05        4.25311e-06             101325           0.169337        4.25311e-06               2003                  0           0.999695           0.271204             201333         1.7414e-05        9.69876e-07        8.02906e-05          0.0444121         0.00104959          0.0995384        1.19874e-06        2.44293e-13        1.71128e-14        5.67589e-12        1.24076e-11        0.000562952           0.121577        5.68244e-12        5.19433e-12        1.28844e-14            0.73276
95          0.0023986        2.51162e-05        4.25301e-06             101325           0.169334        4.25301e-06            2003.06                  0           0.999743           0.231328             172880         1.7312e-05        9.61483e-07        7.98461e-05          0.0444105         0.00104678          0.0995409        1.19737e-06        2.08836e-13         1.4628e-14        4.86573e-12        1.06381e-11        0.000558526           0.121584        5.57697e-12        4.44979e-12        1.10125e-14            0.73276
96         0.00242371        2.51162e-05        4.25293e-06             101325            0.16933        4.25293e-06            2003.11                  0           0.999784            0.19662             147845        1.72254e-05        9.54379e-07        7.94686e-05          0.0444091          0.0010444           0.099543        1.19621e-06        1.77937e-13        1.24629e-14        4.15581e-12        9.08726e-12        0.000554762            0.12159        5.48778e-12         3.8005e-12        9.38176e-15            0.73276
97         0.00244883        2.51162e-05        4.25286e-06             101325           0.169327        4.25286e-06            2003.15                  0           0.999819           0.166558             125949        1.71521e-05        9.48374e-07        7.91486e-05           0.044408         0.00104237          0.0995448        1.19523e-06        1.51104e-13         1.0583e-14        3.53643e-12        7.73383e-12        0.000551569           0.121595        5.41244e-12        3.23634e-12        7.96604e-15            0.73276
98         0.00247394        2.51162e-05         4.2528e-06             101325           0.169325         4.2528e-06            2003.18                  0           0.999848           0.140637             106903        1.70902e-05        9.43308e-07         7.8878e-05           0.044407         0.00104065          0.0995463        1.19441e-06        1.27888e-13        8.95665e-15        2.99838e-12        6.55788e-12        0.000548866           0.121599        5.34887e-12        2.74799e-12        6.74143e-15            0.73276
99         0.00249906        2.51162e-05        4.25275e-06             101325           0.169323        4.25275e-06            2003.21                  0           0.999873           0.118382            90421.7        1.70379e-05        9.39041e-07        7.86495e-05          0.0444061         0.00103919          0.0995476        1.19373e-06        1.07877e-13        7.55489e-15        2.53303e-12        5.54062e-12        0.000546583           0.121603        5.29529e-12        2.32689e-12        5.68607e-15            0.73276
100         0.00252418        2.51162e-05         4.2527e-06             101325           0.169321         4.2527e-06            2003.23                  0           0.999894          0.0993541            76228.3        1.69939e-05        9.35452e-07         7.8457e-05          0.0444054         0.00103796          0.0995486        1.19315e-06        9.06938e-14        6.35131e-15        2.13229e-12        4.66445e-12        0.000544658           0.121606        5.25021e-12        1.96518e-12        4.78001e-15            0.73276
101         0.00254929        2.51162e-05        4.25267e-06             101325            0.16932        4.25267e-06            2003.25                  0           0.999912          0.0831464            64059.9         1.6957e-05         9.3244e-07        7.82951e-05          0.0444048         0.00103693          0.0995495        1.19267e-06        7.59953e-14        5.32183e-15        1.78866e-12        3.91304e-12         0.00054304           0.121608        5.21234e-12        1.65571e-12        4.00508e-15            0.73276
102         0.00257441        2.51162e-05        4.25264e-06             101325           0.169319        4.25264e-06            2003.27                  0           0.999927          0.0693917            53671.4         1.6926e-05        9.29916e-07        7.81592e-05          0.0444044         0.00103606          0.0995503        1.19226e-06        6.34704e-14        4.44463e-15        1.49525e-12        3.27135e-12        0.000541681           0.121611        5.18058e-12        1.39194e-12        3.34482e-15            0.73276
103         0.00259953        2.51162e-05        4.25261e-06             101325           0.169318        4.25261e-06            2003.28                  0           0.999939          0.0577589            44837.6        1.69001e-05        9.27805e-07        7.80455e-05          0.0444039         0.00103533          0.0995509        1.19193e-06        5.28381e-14        3.70002e-15        1.24574e-12        2.72562e-12        0.000540544           0.121612        5.15399e-12          1.168e-12        2.78439e-15            0.73276
104         0.00262464        2.51162e-05        4.25259e-06             101325           0.169317        4.25259e-06             2003.3                  0            0.99995           0.047953            37353.7        1.68784e-05        9.26043e-07        7.79504e-05          0.0444036         0.00103472          0.0995515        1.19165e-06        4.38465e-14        3.07032e-15        1.03443e-12        2.26339e-12        0.000539593           0.121614        5.13178e-12        9.78587e-13        2.31048e-15            0.73276
105         0.00264976        2.51162e-05        4.25258e-06             101325           0.169316        4.25258e-06            2003.31                  0           0.999958          0.0397134              31036        1.68604e-05        9.24575e-07        7.78711e-05          0.0444033         0.00103421          0.0995519        1.19141e-06        3.62706e-14        2.53979e-15        8.56171e-13        1.87343e-12          0.0005388           0.121615        5.11326e-12        8.18985e-13        1.91121e-15            0.73276
106         0.00267487        2.51162e-05        4.25256e-06             101325           0.169316        4.25256e-06            2003.31                  0           0.999966          0.0328107            25720.6        1.68453e-05        9.23353e-07        7.78051e-05          0.0444031         0.00103378          0.0995523        1.19122e-06        2.99108e-14        2.09444e-15        7.06377e-13        1.54571e-12         0.00053814           0.121616        5.09784e-12        6.84995e-13        1.57606e-15            0.73276
107         0.00269999        2.51162e-05        4.25255e-06             101325           0.169315        4.25255e-06            2003.32                  0           0.999972          0.0270445            21262.6        1.68329e-05        9.22339e-07        7.77503e-05          0.0444029         0.00103343          0.0995526        1.19106e-06        2.45913e-14        1.72193e-15        5.80976e-13        1.27135e-12        0.000537592           0.121617        5.08504e-12        5.72914e-13        1.29574e-15            0.73276
108         0.00272511        2.51162e-05        4.25254e-06             101325           0.169315        4.25254e-06            2003.33                  0           0.999977          0.0222411              17535        1.68225e-05        9.21499e-07        7.77048e-05          0.0444027         0.00103314          0.0995528        1.19093e-06        2.01574e-14        1.41145e-15        4.76381e-13        1.04249e-12        0.000537138           0.121618        5.07443e-12        4.79492e-13         1.0621e-15            0.73276
109         0.00275022        2.51162e-05        4.25253e-06             101325           0.169314        4.25253e-06            2003.33                  0           0.999981          0.0182504            14427.3         1.6814e-05        9.20805e-07        7.76672e-05          0.0444026          0.0010329           0.099553        1.19082e-06        1.64746e-14        1.15357e-15        3.89451e-13        8.52273e-13        0.000536762           0.121618        5.06566e-12        4.01892e-13        8.68041e-16            0.73276
110         0.00277534        2.51162e-05        4.25253e-06             101325           0.169314        4.25253e-06            2003.33                  0           0.999984          0.0149434            11843.4         1.6807e-05        9.20231e-07        7.76361e-05          0.0444025          0.0010327          0.0995532        1.19072e-06         1.3426e-14        9.40096e-16        3.17454e-13        6.94729e-13        0.000536452           0.121619        5.05842e-12        3.37652e-13        7.07404e-16            0.73276
111         0.00280045        2.51162e-05        4.25252e-06             101325           0.169314        4.25252e-06            2003.34                  0           0.999987          0.0122098            9700.92        1.68011e-05        9.19759e-07        7.76105e-05          0.0444024         0.00103253          0.0995534        1.19065e-06        1.09106e-14        7.63967e-16        2.58028e-13        5.64687e-13        0.000536196           0.121619        5.05245e-12         2.8465e-13        5.74871e-16            0.73276
112         0.00282557        2.51162e-05        4.25252e-06             101325           0.169314        4.25252e-06            2003.34                  0            0.99999          0.0099557            7928.91        1.67964e-05        9.19371e-07        7.75894e-05          0.0444023          0.0010324          0.0995535        1.19059e-06        8.84202e-15        6.19119e-16        2.09139e-13        4.57702e-13        0.000535986            0.12162        5.04755e-12        2.41061e-13        4.65879e-16            0.73276
113         0.00285069        2.51162e-05        4.25251e-06             101325           0.169314        4.25251e-06            2003.34                  0           0.999992         0.00810132            6467.03        1.67924e-05        9.19052e-07        7.75721e-05          0.0444022         0.00103228          0.0995536        1.19054e-06        7.14617e-15        5.00374e-16         1.6905e-13         3.6997e-13        0.000535814            0.12162        5.04353e-12        2.05326e-13        3.76528e-16            0.73276
114          0.0028758        2.51162e-05        4.25251e-06             101325           0.169314        4.25251e-06            2003.34                  0           0.999993          0.0065792            5263.82        1.67892e-05        9.18791e-07        7.75579e-05          0.0444022         0.00103219          0.0995536         1.1905e-06        5.76037e-15        4.03339e-16        1.36282e-13        2.98259e-13        0.000535673            0.12162        5.04024e-12        1.76125e-13        3.03514e-16            0.73276
115         0.00290092        2.51162e-05        4.25251e-06             101325           0.169313        4.25251e-06            2003.35                  0           0.999994         0.00533257             4275.8        1.67866e-05        9.18577e-07        7.75464e-05          0.0444022         0.00103212          0.0995537        1.19046e-06        4.63127e-15         3.2428e-16        1.09579e-13         2.3982e-13        0.000535557            0.12162        5.03755e-12        1.52333e-13        2.44025e-16            0.73276
116         0.00292604        2.51162e-05        4.25251e-06             101325           0.169313        4.25251e-06            2003.35                  0           0.999996         0.00431393            3466.44        1.67845e-05        9.18403e-07        7.75369e-05          0.0444021         0.00103206          0.0995538        1.19044e-06        3.71428e-15        2.60072e-16        8.78884e-14        1.92351e-13        0.000535463            0.12162        5.03536e-12         1.3301e-13        1.95712e-16            0.73276
117         0.00295115        2.51162e-05         4.2525e-06             101325           0.169313         4.2525e-06            2003.35                  0           0.999996         0.00348322            2804.81        1.67827e-05        9.18261e-07        7.75292e-05          0.0444021         0.00103201          0.0995538        1.19041e-06        2.97178e-15        2.08082e-16        7.03234e-14        1.53909e-13        0.000535387            0.12162        5.03358e-12        1.17364e-13        1.56593e-16            0.73276
118         0.00297627        2.51162e-05         4.2525e-06             101325           0.169313         4.2525e-06            2003.35                  0           0.999997         0.00280722            2265.11        1.67813e-05        9.18146e-07        7.75229e-05          0.0444021         0.00103197          0.0995538        1.19039e-06        2.37224e-15        1.66103e-16        5.61388e-14        1.22866e-13        0.000535324           0.121621        5.03213e-12        1.04731e-13        1.25006e-16            0.73276
119         0.00300138        2.51162e-05         4.2525e-06             101325           0.169313         4.2525e-06            2003.35                  0           0.999998         0.00225823            1825.81        1.67802e-05        9.18052e-07        7.75178e-05          0.0444021         0.00103193          0.0995539        1.19038e-06        1.88955e-15        1.32305e-16        4.47179e-14          9.787e-14        0.000535274           0.121621        5.03096e-12        9.45598e-14        9.95757e-17            0.73276
120          0.0030265        2.51162e-05         4.2525e-06             101325           0.169313         4.2525e-06            2003.35                  0           0.999998         0.00181328            1468.96        1.67792e-05        9.17976e-07        7.75137e-05           0.044402         0.00103191          0.0995539        1.19037e-06        1.50203e-15        1.05171e-16        3.55479e-14        7.78008e-14        0.000535233           0.121621        5.03002e-12        8.63939e-14         7.9159e-17            0.73276
121         0.00305162        2.51162e-05         4.2525e-06             101325           0.169313         4.2525e-06            2003.35                  0           0.999998         0.00145338            1179.69        1.67785e-05        9.17915e-07        7.75104e-05           0.044402         0.00103189          0.0995539        1.19036e-06        1.19185e-15        8.34525e-17        2.82079e-14        6.17365e-14          0.0005352           0.121621        5.02925e-12        7.98579e-14        6.28175e-17            0.73276
122         0.00307673        2.51162e-05         4.2525e-06             101325           0.169313         4.2525e-06            2003.35                  0           0.999999         0.00116284            945.661        1.67779e-05        9.17865e-07        7.75077e-05           0.044402         0.00103187          0.0995539        1.19035e-06        9.44313e-16          6.612e-17        2.23498e-14        4.89155e-14        0.000535173           0.121621        5.02864e-12        7.46418e-14         4.9776e-17            0.73276
123         0.00310185        2.51162e-05         4.2525e-06             101325           0.169313         4.2525e-06            2003.35                  0           0.999999        0.000928736            756.696        1.67774e-05        9.17825e-07        7.75055e-05           0.044402         0.00103185          0.0995539        1.19034e-06        7.47317e-16        5.23264e-17        1.76877e-14        3.87118e-14        0.000535152           0.121621        5.02814e-12        7.04907e-14        3.93973e-17            0.73276
124         0.00312697        2.51162e-05         4.2525e-06             101325           0.169313         4.2525e-06            2003.35                  0           0.999999        0.000740471            604.413         1.6777e-05        9.17793e-07        7.75038e-05           0.044402         0.00103184           0.099554        1.19034e-06        5.90998e-16        4.13811e-17        1.39881e-14        3.06148e-14        0.000535134           0.121621        5.02775e-12        6.71966e-14        3.11617e-17            0.73276
125         0.00315208        2.51162e-05         4.2525e-06             101325           0.169313         4.2525e-06            2003.35                  0           0.999999        0.000589348            481.923        1.67767e-05        9.17768e-07        7.75024e-05           0.044402         0.00103183           0.099554        1.19033e-06        4.67372e-16        3.27249e-17        1.10621e-14        2.42111e-14        0.000535121           0.121621        5.02743e-12        6.45915e-14        2.46485e-17            0.73276
126          0.0031772        2.51162e-05         4.2525e-06             101325           0.169313         4.2525e-06            2003.35                  0                  1        0.000468265            383.582        1.67764e-05        9.17747e-07        7.75012e-05           0.044402         0.00103183           0.099554        1.19033e-06        3.69365e-16        2.58626e-17        8.74252e-15        1.91343e-14        0.000535109           0.121621        5.02718e-12        6.25263e-14        1.94851e-17            0.73276
127         0.00320231        2.51162e-05         4.2525e-06             101325           0.169313         4.2525e-06            2003.35                  0                  1        0.000371431            304.783        1.67762e-05        9.17731e-07        7.75003e-05           0.044402         0.00103182           0.099554        1.19033e-06         2.9156e-16        2.04148e-17        6.90101e-15        1.51039e-14        0.000535101           0.121621        5.02697e-12        6.08867e-14         1.5386e-17            0.73276
128         0.00322743        2.51162e-05         4.2525e-06             101325           0.169313         4.2525e-06            2003.35                  0                  1        0.000294127            241.759         1.6776e-05        9.17717e-07        7.74996e-05           0.044402         0.00103182           0.099554        1.19033e-06        2.29755e-16        1.60872e-17        5.43816e-15        1.19022e-14        0.000535094           0.121621        5.02681e-12        5.95843e-14        1.21298e-17            0.73276
129         0.00325255        2.51162e-05         4.2525e-06             101325           0.169313         4.2525e-06            2003.35                  0                  1        0.000232524            191.443        1.67759e-05        9.17707e-07        7.74991e-05           0.044402         0.00103181           0.099554        1.19033e-06         1.8065e-16        1.26489e-17        4.27589e-15        9.35841e-15        0.000535088           0.121621        5.02668e-12        5.85495e-14        9.54272e-18            0.73276
130         0.00327766        2.51162e-05         4.2525e-06             101325           0.169313         4.2525e-06            2003.35                  0                  1        0.000183518            151.346        1.67758e-05        9.17699e-07        7.74986e-05           0.044402         0.00103181           0.099554        1.19032e-06        1.41634e-16        9.91708e-18        3.35242e-15        7.33727e-15        0.000535083           0.121621        5.02658e-12        5.77274e-14        7.48721e-18            0.73276
131         0.00330278        2.51162e-05         4.2525e-06             101325           0.169313         4.2525e-06            2003.35                  0                  1        0.000144603            119.449        1.67757e-05        9.17692e-07        7.74982e-05           0.044402         0.00103181           0.099554        1.19032e-06         1.1097e-16        7.76998e-18        2.62661e-15        5.74873e-15         0.00053508           0.121621         5.0265e-12        5.70812e-14        5.87168e-18            0.73276
132         0.00332789        2.51162e-05         4.2525e-06             101325           0.169313         4.2525e-06            2003.35                  0                  1        0.000113755            94.1185        1.67757e-05        9.17687e-07         7.7498e-05           0.044402         0.00103181           0.099554        1.19032e-06        8.70353e-17        6.09411e-18         2.0601e-15        4.50883e-15        0.000535077           0.121621        5.02644e-12        5.65768e-14        4.61071e-18            0.73276
133         0.00335301        2.51162e-05         4.2525e-06             101325           0.169313         4.2525e-06            2003.35                  0                  1        8.93451e-05             74.037        1.67756e-05        9.17682e-07        7.74977e-05           0.044402          0.0010318           0.099554        1.19032e-06        6.82814e-17        4.78099e-18         1.6162e-15         3.5373e-15        0.000535075           0.121621        5.02639e-12        5.61816e-14        3.62267e-18            0.73276
134         0.00337813        2.51162e-05         4.2525e-06             101325           0.169313         4.2525e-06            2003.35                  0                  1        7.00611e-05             58.145        1.67756e-05        9.17679e-07        7.74975e-05           0.044402          0.0010318           0.099554        1.19032e-06        5.36166e-17        3.75417e-18        1.26909e-15         2.7776e-15        0.000535073           0.121621        5.02635e-12        5.58726e-14        2.85007e-18            0.73276
135         0.00340324        2.51162e-05         4.2525e-06             101325           0.169313         4.2525e-06            2003.35                  0                  1         5.4853e-05            45.5901        1.67755e-05        9.17677e-07        7.74974e-05           0.044402          0.0010318           0.099554        1.19032e-06        4.22189e-17        2.95612e-18        9.99312e-16        2.18714e-15        0.000535072           0.121621        5.02631e-12        5.56324e-14        2.24959e-18            0.73276
136         0.00342836        2.51162e-05         4.2525e-06             101325           0.169313         4.2525e-06            2003.35                  0                  1        4.28801e-05            35.6882        1.67755e-05        9.17675e-07        7.74973e-05           0.044402          0.0010318           0.099554        1.19032e-06        3.33871e-17        2.33773e-18        7.90265e-16        1.72961e-15        0.000535071           0.121621        5.02629e-12        5.54462e-14         1.7843e-18            0.73276
137         0.00345348        2.51162e-05         4.2525e-06             101325           0.169313         4.2525e-06            2003.35                  0                  1        3.34698e-05             27.892        1.67755e-05        9.17673e-07        7.74972e-05           0.044402          0.0010318           0.099554        1.19032e-06        2.65826e-17        1.86128e-18        6.29202e-16         1.3771e-15         0.00053507           0.121621        5.02627e-12        5.53028e-14         1.4258e-18            0.73276
138         0.00347859        2.51162e-05         4.2525e-06             101325           0.169313         4.2525e-06            2003.35                  0                  1        2.60862e-05             21.764        1.67755e-05        9.17672e-07        7.74971e-05           0.044402          0.0010318           0.099554        1.19032e-06        2.12275e-17        1.48632e-18        5.02447e-16        1.09968e-15        0.000535069           0.121621        5.02626e-12          5.519e-14        1.14367e-18            0.73276
139         0.00350371        2.51162e-05         4.2525e-06             101325           0.169313         4.2525e-06            2003.35                  0                  1        2.03014e-05            16.9561        1.67755e-05        9.17671e-07        7.74971e-05           0.044402          0.0010318           0.099554        1.19032e-06         1.6976e-17        1.18863e-18        4.01815e-16         8.7943e-16        0.000535068           0.121621        5.02624e-12        5.51004e-14        9.19689e-19            0.73276
140         0.00352882        2.51162e-05         4.2525e-06             101325           0.169313         4.2525e-06            2003.35                  0                  1        1.57768e-05            13.1903        1.67755e-05         9.1767e-07         7.7497e-05           0.044402          0.0010318           0.099554        1.19032e-06         1.3599e-17        9.52184e-19        3.21884e-16        7.04487e-16        0.000535068           0.121621        5.02623e-12        5.50292e-14        7.41778e-19            0.73276
141         0.00355394        2.51162e-05         4.2525e-06             101325           0.169313         4.2525e-06            2003.35                  0                  1        1.22438e-05            10.2461        1.67755e-05        9.17669e-07         7.7497e-05           0.044402          0.0010318           0.099554        1.19032e-06        1.09129e-17        7.64104e-19        2.58303e-16        5.65332e-16        0.000535068           0.121621        5.02623e-12        5.49726e-14        6.00261e-19            0.73276
142         0.00357906        2.51162e-05         4.2525e-06             101325           0.169313         4.2525e-06            2003.35                  0                  1        9.49002e-06             7.9483        1.67755e-05        9.17669e-07         7.7497e-05           0.044402          0.0010318           0.099554        1.19032e-06        8.77251e-18        6.14235e-19         2.0764e-16        4.54447e-16        0.000535068           0.121621        5.02622e-12        5.49275e-14        4.87495e-19            0.73276
143         0.00360417        2.51162e-05         4.2525e-06             101325           0.169313         4.2525e-06            2003.35                  0                  1        7.34766e-06            6.15865        1.67754e-05        9.17668e-07         7.7497e-05           0.044402          0.0010318           0.099554        1.19032e-06        7.06396e-18        4.94604e-19        1.67198e-16        3.65935e-16        0.000535067           0.121621        5.02622e-12        5.48915e-14        3.97482e-19            0.73276
144         0.00362929        2.51162e-05         4.2525e-06             101325           0.169313         4.2525e-06            2003.35                  0                  1        5.68454e-06            4.76788        1.67754e-05        9.17668e-07        7.74969e-05           0.044402          0.0010318           0.099554        1.19032e-06         5.6983e-18        3.98982e-19        1.34873e-16        2.95187e-16        0.000535067           0.121621        5.02621e-12        5.48627e-14        3.25533e-19            0.73276
145         0.00365441        2.51162e-05         4.2525e-06             101325           0.169313         4.2525e-06            2003.35                  0                  1        4.39688e-06            3.69007        1.67754e-05        9.17668e-07        7.74969e-05           0.044402          0.0010318           0.099554        1.19032e-06        4.60621e-18        3.22515e-19        1.09024e-16        2.38611e-16        0.000535067           0.121621        5.02621e-12        5.48397e-14        2.67998e-19            0.73276
146         0.00367952        2.51162e-05         4.2525e-06             101325           0.169313         4.2525e-06            2003.35                  0                  1        3.40338e-06            2.85782        1.67754e-05        9.17668e-07        7.74969e-05           0.044402          0.0010318           0.099554        1.19032e-06        3.73393e-18        2.61439e-19        8.83768e-17        1.93422e-16        0.000535067           0.121621        5.02621e-12        5.48213e-14        2.22042e-19            0.73276
147         0.00370464        2.51162e-05         4.2525e-06             101325           0.169313         4.2525e-06            2003.35                  0                  1        2.64072e-06            2.21851        1.67754e-05        9.17668e-07        7.74969e-05           0.044402          0.0010318           0.099554        1.19032e-06        3.03983e-18        2.12839e-19        7.19474e-17        1.57464e-16        0.000535067           0.121621        5.02621e-12        5.48067e-14        1.85474e-19            0.73276
148         0.00372975        2.51162e-05         4.2525e-06             101325           0.169313         4.2525e-06            2003.35                  0                  1        2.05987e-06             1.7314        1.67754e-05        9.17668e-07        7.74969e-05           0.044402          0.0010318           0.099554        1.19032e-06        2.49222e-18        1.74496e-19        5.89856e-17        1.29095e-16        0.000535067           0.121621        5.02621e-12        5.47952e-14        1.56624e-19            0.73276
149         0.00375487        2.51162e-05         4.2525e-06             101325           0.169313         4.2525e-06            2003.35                  0                  1        1.62333e-06            1.36523        1.67754e-05        9.17667e-07        7.74969e-05           0.044402          0.0010318           0.099554        1.19032e-06        2.07134e-18        1.45026e-19        4.90234e-17        1.07291e-16        0.000535067           0.121621         5.0262e-12        5.47863e-14         1.3445e-19            0.73276
150         0.00377999        2.51162e-05         4.2525e-06             101325           0.169313         4.2525e-06            2003.35                  0                  1        1.30303e-06            1.09649        1.67754e-05        9.17667e-07        7.74969e-05           0.044402          0.0010318           0.099554        1.19032e-06        1.76274e-18        1.23419e-19        4.17189e-17        9.13041e-17        0.000535067           0.121621         5.0262e-12        5.47798e-14        1.18192e-19            0.73276
151          0.0038051        2.51162e-05         4.2525e-06             101325           0.169313         4.2525e-06            2003.35                  0                  1        1.07848e-06            0.90805        1.67754e-05        9.17667e-07        7.74969e-05           0.044402          0.0010318           0.099554        1.19032e-06        1.55561e-18        1.08915e-19         3.6816e-17        8.05734e-17        0.000535067           0.121621         5.0262e-12        5.47754e-14        1.07279e-19            0.73276
152         0.00383022        2.51162e-05         4.2525e-06             101325           0.169313         4.2525e-06            2003.35                  0                  1        9.35664e-07           0.788177        1.67754e-05        9.17667e-07        7.74969e-05           0.044402          0.0010318           0.099554        1.19032e-06        1.44301e-18        1.01031e-19        3.41507e-17        7.47399e-17        0.000535067           0.121621         5.0262e-12        5.47731e-14        1.01347e-19            0.73276
