# Time 0.000265
# eta = 0.002
# length = 0.000800966
#--- 	  	 LEM Line data  --- 
#(1) wafer              (2) x             (3) dx              (4) m              (5) p            (6) rho              (7) m              (8) T              (9) Z             (10) C          (11) dCdt       (12) heatRel                  (13) Y_H2                  (14) Y_H                  (15) Y_O                  (16) Y_O2                  (17) Y_OH                  (18) Y_H2O                  (19) Y_HO2                  (20) Y_CH2                  (21) Y_CH2(S)                  (22) Y_CH3                  (23) Y_CH4                  (24) Y_CO                  (25) Y_CO2                  (26) Y_HCO                  (27) Y_CH2O                  (28) Y_CH2OH                  (29) Y_N2
0        1.25584e-05        2.51168e-05        2.84226e-05             101325            1.13162        2.84226e-05            300.009                  0                  0                  0                  0        2.07844e-10        6.47358e-19        2.41139e-12           0.222597        1.77392e-12         4.3456e-07        6.39839e-10        3.50925e-19        1.81393e-20        3.54344e-09          0.0446419         6.0513e-09          5.203e-07        2.25149e-19        9.79772e-10        3.92212e-23            0.73276
1        3.76752e-05        2.51168e-05        2.84218e-05             101325            1.13158        2.84218e-05            300.018                  0        4.49258e-06         1.3663e-07           0.108207        4.20142e-10        2.01733e-18        3.77855e-12           0.222597        2.92808e-12        8.52542e-07        1.22168e-09        1.15823e-18        5.99593e-20        6.99359e-09          0.0446417        1.21969e-08         1.0203e-06        7.45131e-19        1.98008e-09        1.29659e-22            0.73276
2         6.2792e-05        2.51168e-05        2.84196e-05             101325             1.1315        2.84196e-05            300.041                  0        8.62915e-06        2.20145e-07           0.181627        9.76412e-10        7.69574e-18        6.33239e-12           0.222595        5.28403e-12        1.91229e-06        2.65234e-09        4.74437e-18        2.45552e-19        1.57976e-08          0.0446412        2.82631e-08        2.28731e-06        3.06277e-18        4.59746e-09        5.31244e-22            0.73276
3        8.79089e-05        2.51168e-05        2.84147e-05             101325             1.1313        2.84147e-05            300.093                  0        1.94086e-05        3.99153e-07           0.361894        2.30349e-09        2.90333e-17        1.05202e-11            0.22259        9.58679e-12        4.34917e-06        5.83286e-09        1.94211e-17        1.00346e-18         3.6183e-08          0.0446401        6.65238e-08        5.19898e-06        1.25856e-17        1.08261e-08        2.17569e-21            0.73276
4        0.000113026        2.51168e-05        2.84039e-05             101325            1.13087        2.84039e-05            300.206                  0        4.41361e-05        7.27534e-07           0.796426        5.32671e-09        1.00751e-16        1.65005e-11           0.222581        1.67095e-11        9.66895e-06        1.25122e-08        7.42071e-17        3.83616e-18        8.10331e-08          0.0446377         1.5358e-07        1.15504e-05        4.82943e-17        2.49618e-08        8.34249e-21            0.73276
5        0.000138142        2.51168e-05        2.83815e-05             101325            1.12998        2.83815e-05            300.444                  0        9.80475e-05        1.27946e-06            1.95777        1.19898e-08        3.13146e-16        2.38037e-11           0.222561        2.75222e-11        2.08402e-05        2.59454e-08        2.59739e-16         1.3449e-17        1.76023e-07          0.0446326        3.45387e-07        2.48758e-05        1.69951e-16        5.59486e-08        2.94177e-20            0.73276
6        0.000163259        2.51168e-05        2.83363e-05             101325            1.12818        2.83363e-05            300.923                  0        0.000211128         2.1479e-06            5.45642        2.62245e-08        8.56018e-16        3.08938e-11           0.222521        4.24661e-11        4.34346e-05        5.18535e-08        8.25193e-16        4.28121e-17        3.69937e-07          0.0446223        7.55518e-07        5.17965e-05        5.44051e-16         1.2166e-07        9.46884e-20            0.73276
7        0.000188376        2.51168e-05         2.8249e-05             101325             1.1247         2.8249e-05            301.853                  0        0.000439562        3.44353e-06            16.7666         5.5692e-08        2.01669e-15        3.51733e-11           0.222444        6.10525e-11        8.73849e-05        9.97032e-08        2.36075e-15        1.23004e-16        7.50999e-07          0.0446023        1.60669e-06         0.00010409        1.57369e-15        2.56356e-07        2.77712e-19            0.73276
8        0.000213493        2.51168e-05         2.8088e-05             101325            1.11829         2.8088e-05            303.582                  0        0.000883332        5.31708e-06            53.8186        1.14745e-07        4.03032e-15        3.40663e-11           0.222299         8.1874e-11         0.00016941        1.84159e-07        6.08254e-15        3.19328e-16        1.47022e-06          0.0445649        3.32036e-06        0.000201516        4.12383e-15        5.22827e-07        7.48414e-19            0.73276
9         0.00023861        2.51168e-05        2.78061e-05             101325            1.10707        2.78061e-05            306.659                  0         0.00171038        8.05323e-06            172.198         2.2914e-07        6.84132e-15        2.71005e-11            0.22204         1.0415e-10        0.000315826        3.26339e-07        1.43318e-14        7.62629e-16         2.7703e-06           0.044498        6.66439e-06        0.000375037         9.9788e-15         1.0305e-06        1.90987e-18            0.73276
10        0.000263727        2.51168e-05        2.73416e-05             101325            1.08858        2.73416e-05            311.867                  0         0.00318446        1.23476e-05            532.145        4.42914e-07        1.05167e-14        1.71296e-11           0.221601        1.32123e-10         0.00056484        5.54379e-07        3.24174e-14        1.76447e-15        5.01312e-06          0.0443843          1.298e-05        0.000669301        2.35425e-14        1.95928e-06        4.95381e-18            0.73276
11        0.000288843        2.51168e-05        2.66279e-05             101325            1.06016        2.66279e-05            320.223                  0         0.00568731        2.02241e-05            1553.76        8.27291e-07        1.79153e-14        8.43151e-12           0.220892        1.82686e-10        0.000966649        9.03158e-07        7.64342e-14        4.30959e-15        8.69165e-06          0.0442005        2.45001e-05         0.00114233        5.91782e-14        3.58554e-06        1.45551e-17            0.73276
12         0.00031396        2.51168e-05        2.56151e-05             101325            1.01984        2.56151e-05            332.879                  0         0.00971824        3.82113e-05             4215.6        1.49039e-06        4.29774e-14        3.25364e-12           0.219813        2.97307e-10         0.00157943        1.41412e-06        1.99955e-13        1.18384e-14        1.44082e-05          0.0439197        4.47448e-05         0.00186011        1.69159e-13        6.30135e-06        5.20667e-17            0.73276
13        0.000339077        2.51168e-05        2.42973e-05             101325           0.967374        2.42973e-05            350.922                  0          0.0158512        8.77247e-05            10518.7        2.58529e-06        1.38198e-13        1.03519e-12           0.218262        5.64425e-10         0.00246068        2.13749e-06        5.69505e-13         3.5794e-14        2.28095e-05           0.043515        7.89317e-05         0.00288554         5.3827e-13        1.06159e-05        2.18921e-16            0.73276
14        0.000364194        2.51168e-05        2.27275e-05             101325            0.90487        2.27275e-05            375.145                  0          0.0246435        0.000236157            24096.6        4.31348e-06        4.91467e-13        3.61301e-13           0.216161        1.16904e-09         0.00365662        3.13886e-06        1.65893e-12        1.11372e-13        3.44953e-05          0.0429645        0.000134306         0.00426498        1.78364e-12        1.71318e-05        9.89642e-16            0.73276
15        0.000389311        2.51168e-05        2.10049e-05             101325           0.836288        2.10049e-05            405.882                  0          0.0365233        0.000685312            51067.9        6.92235e-06         1.7356e-12        4.37786e-13           0.213464        2.48865e-09          0.0051943        4.50947e-06        4.70977e-12         3.3794e-13         4.9938e-05          0.0422545        0.000220289         0.00601864        5.83757e-12        2.65024e-05        4.46299e-15            0.73276
16        0.000414427        2.51168e-05        1.92435e-05             101325           0.766159        1.92435e-05             442.99                  0          0.0517058         0.00200486             101629        1.06975e-05         5.8292e-12         1.5601e-12           0.210166        5.23484e-09         0.00708032        6.37645e-06        1.26867e-11        9.68147e-13        6.94484e-05          0.0413805        0.000348409         0.00813889        1.82885e-11        3.93845e-05        1.91234e-14            0.73276
17        0.000439544        2.51168e-05        1.75395e-05             101325           0.698317        1.75395e-05            485.959                  0           0.070179         0.00567067             193377        1.59523e-05        1.83808e-11        6.50776e-12           0.206287         1.0597e-08         0.00930535        8.91023e-06        3.19624e-11        2.57047e-12        9.31923e-05          0.0403451        0.000532046          0.0105962        5.39123e-11        5.64003e-05        7.58258e-14            0.73276
18        0.000464661        2.51168e-05         1.5956e-05             101325           0.635272         1.5956e-05            534.086                  0          0.0917534          0.0150882             357457         2.3018e-05        5.49248e-11        2.74215e-11           0.201865        2.03243e-08          0.0118514        1.23287e-05        7.49878e-11        6.28093e-12        0.000121237          0.0391548        0.000786084          0.0133485        1.48731e-10        7.81118e-05        2.76624e-13            0.73276
19        0.000489778        2.51168e-05        1.45235e-05             101325           0.578237        1.45235e-05            586.621                  0           0.116142          0.0371486             648364        3.22343e-05        1.58914e-10        1.14265e-10           0.196941        3.67835e-08          0.0146982        1.68991e-05        1.65019e-10        1.42021e-11        0.000153604           0.037817         0.00112653          0.0163493        3.86172e-10        0.000105004        9.40441e-13            0.73276
20        0.000514895        2.51168e-05        1.32483e-05             101325           0.527468        1.32483e-05            642.879                  0           0.143031          0.0842411        1.15924e+06        4.39419e-05        4.54132e-10        4.64484e-10           0.191555        6.33532e-08           0.017828        2.29386e-05        3.47738e-10        3.02847e-11        0.000190315          0.0363381         0.00157012          0.0195541        9.57584e-10        0.000137472        3.05538e-12            0.73276
21        0.000540012        2.51168e-05        1.21227e-05             101325           0.482653        1.21227e-05            702.292                  0           0.172132           0.177428        2.05116e+06        5.84751e-05         1.2903e-09        1.81653e-09           0.185736        1.06208e-07          0.0212277        3.08102e-05        7.26644e-10        6.29513e-11        0.000231429          0.0347224         0.00213397          0.0229237        2.31289e-09          0.0001758        9.73911e-12            0.73276
22        0.000565128        2.51168e-05        1.11319e-05             101325           0.443206        1.11319e-05            764.424                  0           0.203206           0.355276        3.62434e+06        7.61545e-05        3.62064e-09        6.74685e-09           0.179505        1.80189e-07          0.0248892        4.09115e-05        1.57322e-09        1.33279e-10         0.00027707          0.0329721         0.00283511          0.0264248        5.54921e-09        0.000220154        3.09208e-11            0.73276
23        0.000590245        2.51168e-05        1.02591e-05             101325           0.408456        1.02591e-05            828.966                  0            0.23607           0.704553        6.50514e+06        9.72793e-05        9.92286e-09        2.35684e-08           0.172874         3.2551e-07          0.0288093        5.36444e-05        3.65267e-09        2.99152e-10        0.000327463          0.0310871            0.00369          0.0300309        1.34064e-08        0.000270569         9.7668e-11            0.73276
24        0.000615362        2.51168e-05         9.4879e-06             101325           0.377751         9.4879e-06            895.719                  0           0.270592            1.46084         1.2127e+07        0.000122119        2.63557e-08        7.70567e-08           0.165849        6.51542e-07          0.0329881        6.93533e-05        9.12382e-09        7.21498e-10        0.000382978          0.0290659         0.00471399           0.033721        3.27235e-08        0.000326939        3.03259e-10            0.73276
25        0.000640479        2.51168e-05        8.80346e-06             101325           0.350501        8.80346e-06            964.565                  0           0.306685            3.30651        2.39115e+07        0.000150899        6.77036e-08        2.35818e-07           0.158434        1.44446e-06          0.0374271        8.82046e-05        2.38506e-08        1.83282e-09        0.000444163          0.0269063         0.00592042          0.0374789        8.01459e-08        0.000388998        9.12668e-10            0.73276
26        0.000665596        2.51168e-05        8.19307e-06             101325           0.326198        8.19307e-06            1035.44                  0            0.34429            8.17189        5.00332e+07        0.000183784         1.6851e-07        6.77942e-07           0.150631        3.41626e-06          0.0421263        0.000109965        6.28952e-08        4.73389e-09        0.000511675          0.0246071          0.0073194          0.0412909        1.94413e-07        0.000456268        2.63238e-09           0.732759
27        0.000690712        2.51168e-05        7.64615e-06             101325           0.304424        7.64615e-06            1108.31                  0           0.383346            21.1964        1.09519e+08        0.000220863        4.07374e-07        1.84082e-06           0.142445        8.24813e-06          0.0470836        0.000133651        1.62562e-07        1.20563e-08        0.000585983          0.0221679         0.00891724          0.0451473        4.60696e-07        0.000527964        7.22315e-09           0.732759
28        0.000715829        2.51168e-05        7.15415e-06             101325           0.284835        7.15415e-06            1183.08                  0           0.423807            55.0825        2.44782e+08        0.000262131        9.56756e-07        4.74579e-06            0.13388        1.96997e-05          0.0522946        0.000157058        4.04383e-07        2.96689e-08        0.000666431          0.0195901          0.0107161          0.0490443        1.05395e-06        0.000602758        1.87672e-08           0.732759
29        0.000740946        2.51168e-05        6.71043e-06             101325           0.267169        6.71043e-06            1259.58                  0           0.465642            138.626         5.4467e+08        0.000307367         2.1744e-06        1.16524e-05           0.124948         4.5658e-05          0.0577452        0.000176358        9.55989e-07         6.9566e-08        0.000749009          0.0168821          0.0127106           0.052982        2.30242e-06        0.000678126        4.59432e-08           0.732759
30        0.000766063        2.51168e-05        6.31046e-06             101325           0.251245        6.31046e-06            1337.38                  0           0.508782            330.155        1.17828e+09        0.000355829         4.7426e-06        2.72493e-05           0.115682        0.000101363          0.0633949        0.000186471        2.11967e-06        1.53276e-07        0.000822537           0.014069          0.0148798          0.0569621        4.73986e-06        0.000749013        1.05056e-07           0.732758
31         0.00079118        2.51168e-05        5.95226e-06             101325           0.236983        5.95226e-06             1415.5                  0           0.553025            729.451        2.41899e+09        0.000405604        9.80211e-06        6.05013e-05           0.106171        0.000213008          0.0691508         0.00018299        4.31903e-06        3.10921e-07         0.00086456          0.0112106           0.017169          0.0609858        9.01661e-06        0.000805431         2.2048e-07           0.732757
32        0.000816296        2.51168e-05        5.63711e-06             101325           0.224436        5.63711e-06               1492                  0           0.597885            1461.08        4.58049e+09        0.000452463        1.88525e-05        0.000126667          0.0966126        0.000417849          0.0748274        0.000164921         7.8036e-06        5.60664e-07        0.000843057         0.00842228           0.019455           0.065049        1.53686e-05        0.000829295        4.10409e-07           0.732757
33        0.000841413        2.51168e-05        5.36978e-06             101325           0.213792        5.36978e-06            1563.55                  0           0.642359            2575.39        7.70778e+09        0.000488722        3.29521e-05        0.000247162          0.0873818        0.000752247          0.0801169        0.000135765         1.1814e-05        8.50631e-07        0.000735034         0.00588475          0.0215022          0.0691362        2.24616e-05        0.000795081        6.40522e-07           0.732756
34         0.00086653        2.51168e-05        5.15628e-06             101325           0.205292        5.15628e-06            1625.88                  0           0.684766            3862.16        1.10002e+10        0.000504742        5.11383e-05        0.000441503          0.0790157         0.00122198          0.0846375        0.000102289        1.40969e-05         1.0233e-06        0.000558402          0.0037994          0.0229731          0.0732103        2.68833e-05        0.000685945        7.88694e-07           0.732756
35        0.000891647        2.51168e-05        4.99787e-06             101325           0.198985        4.99787e-06            1675.76                  0           0.723029             4813.2        1.27696e+10         0.00049603        6.98859e-05        0.000706134          0.0720155         0.00177476          0.0881058        7.16911e-05        1.30804e-05        9.62501e-07        0.000372082         0.00228336          0.0235839          0.0772023          2.589e-05        0.000522061         7.5598e-07           0.732757
36        0.000916764        2.51168e-05        4.88683e-06             101325           0.194564        4.88683e-06            1713.15                  0           0.755629            5013.98        1.20094e+10        0.000469287        8.54758e-05        0.000999009          0.0665804         0.00231829          0.0904991        4.83038e-05        9.94927e-06        7.43765e-07          0.0002254          0.0013017          0.0233122          0.0810168         2.0683e-05        0.000354889        5.93213e-07           0.732757
37        0.000941881        2.51168e-05         4.8099e-06             101325           0.191501         4.8099e-06             1740.7                  0           0.782368            4533.95         9.5546e+09        0.000436649        9.63049e-05         0.00126402          0.0625653          0.0027781          0.0920225        3.26093e-05        6.67246e-06        5.06359e-07        0.000129243        0.000718616          0.0223873          0.0845663        1.44945e-05        0.000222765        4.08799e-07           0.732758
38        0.000966997        2.51168e-05        4.75472e-06             101325           0.189304        4.75472e-06            1761.64                  0           0.804094            3749.86        6.83221e+09        0.000406646        0.000102607         0.00146664          0.0596509         0.00312796          0.0929504          2.288e-05        4.17688e-06        3.21068e-07         7.2141e-05        0.000390164          0.0211031          0.0877999        9.37831e-06        0.000133369         2.6166e-07           0.732759
39        0.000992114        2.51168e-05        4.71263e-06             101325           0.187628        4.71263e-06            1778.45                  0            0.82194             2969.1        4.64108e+09        0.000382175        0.000105289          0.0016004          0.0575155         0.00337642          0.0935137        1.70661e-05        2.52408e-06        1.96066e-07        3.98195e-05        0.000210349          0.0196861           0.090707        5.79804e-06        7.78462e-05        1.60966e-07           0.732759
40         0.00101723        2.51168e-05         4.6784e-06             101325           0.186266         4.6784e-06            1792.72                  0           0.836892            2320.43        3.12983e+09        0.000362853        0.000105276         0.00167459          0.0559084         0.00354425          0.0938708        1.36098e-05         1.4994e-06        1.17457e-07        2.19213e-05        0.000113259          0.0182722          0.0933029        3.49501e-06        4.48781e-05        9.69915e-08            0.73276
41         0.00104235        2.51168e-05        4.64906e-06             101325           0.185098        4.64906e-06            1805.36                  0           0.849686            1820.39         2.1636e+09        0.000347245        0.000103325         0.00170284          0.0546562         0.00365189          0.0941189        1.15141e-05        8.84313e-07        6.97342e-08        1.20959e-05        6.11196e-05            0.01693          0.0956159        2.07846e-06        2.57474e-05        5.78524e-08            0.73276
42         0.00106746        2.51168e-05        4.62297e-06             101325           0.184059        4.62297e-06            1816.91                  0           0.860837            1444.06        1.56289e+09        0.000333936        0.000100014         0.00169781          0.0536451         0.00371553          0.0943142         1.0189e-05        5.20728e-07        4.12709e-08        6.71018e-06        3.31334e-05          0.0156881          0.0976785        1.22826e-06        1.47675e-05        3.43663e-08            0.73276
43         0.00109258        2.51168e-05        4.59921e-06             101325           0.183113        4.59921e-06            1827.65                  0            0.87071            1160.22        1.18701e+09        0.000321864        9.57764e-05         0.00166949          0.0528022          0.0037469          0.0944871        9.29827e-06         3.0716e-07        2.44326e-08        3.74988e-06        1.80726e-05           0.014553          0.0995228        7.24718e-07        8.49127e-06        2.04045e-08            0.73276
44          0.0011177        2.51168e-05        4.57724e-06             101325           0.182238        4.57724e-06            1837.74                  0           0.879561            942.964         9.4381e+08        0.000310338        9.09356e-05         0.00162527          0.0520803         0.00375423          0.0946534        8.65372e-06         1.8185e-07        1.44986e-08        2.11381e-06        9.92989e-06          0.0135204           0.101178        4.28479e-07        4.90339e-06        1.21351e-08            0.73276
45         0.00114282        2.51168e-05        4.55675e-06             101325           0.181422        4.55675e-06            1847.29                  0           0.887578            773.477        7.77931e+08        0.000298956        8.57321e-05         0.00157043          0.0514489         0.00374326          0.0948207        8.15051e-06        1.08182e-07        8.63482e-09        1.20301e-06         5.5006e-06          0.0125815           0.102672        2.54622e-07        2.84684e-06        7.23855e-09            0.73276
46         0.00116793        2.51168e-05        4.53753e-06             101325           0.180657        4.53753e-06            1856.36                  0           0.894903            638.759        6.57577e+08        0.000287515         8.0346e-05         0.00150871          0.0508873         0.00371806          0.0949919         7.7303e-06        6.47087e-08        5.16505e-09        6.91625e-07        3.07398e-06          0.0117261           0.104026        1.52534e-07        1.66291e-06        4.33408e-09            0.73276
47         0.00119305        2.51168e-05        4.51944e-06             101325           0.179937        4.51944e-06               1865                  0           0.901643            529.943        5.64885e+08         0.00027594        7.49121e-05         0.00144277          0.0503815          0.0036815          0.0951674         7.3604e-06        3.89288e-08        3.10436e-09          4.018e-07        1.73392e-06          0.0109441           0.105261        9.24146e-08        9.77672e-07        2.60602e-09           0.732761
48         0.00121817        2.51168e-05        4.50237e-06             101325           0.179257        4.50237e-06            1873.23                  0           0.907885            440.923         4.8988e+08        0.000264229        6.95307e-05          0.0013745          0.0499215         0.00363575          0.0953469        7.02236e-06        2.35575e-08        1.87519e-09        2.35907e-07        9.87521e-07           0.010226           0.106392         5.6831e-08        5.78663e-07        1.57401e-09           0.732761
49         0.00124328        2.51168e-05        4.48625e-06             101325           0.178615        4.48625e-06            1881.08                  0           0.913696            367.409        4.26948e+08        0.000252424        6.42757e-05         0.00130527             0.0495         0.00358242           0.095529        6.70567e-06        1.43396e-08        1.13852e-09        1.39976e-07        5.68017e-07         0.00956387           0.107434        3.56149e-08        3.44829e-07        9.55094e-10           0.732761
50          0.0012684        2.51168e-05        4.47101e-06             101325           0.178009        4.47101e-06            1888.57                  0            0.91913            306.292         3.7286e+08        0.000240586         5.9201e-05         0.00123608          0.0491115         0.00352278          0.0957126        6.40425e-06        8.77942e-09        6.94833e-10        8.39244e-08        3.30019e-07         0.00895067           0.108399        2.28392e-08        2.06886e-07        5.82279e-10           0.732761
51         0.00129352        2.51168e-05        4.45659e-06             101325           0.177434        4.45659e-06            1895.72                  0           0.924231            255.254        3.25681e+08        0.000228782        5.43448e-05         0.00116766           0.048752         0.00345787          0.0958964        6.11459e-06        5.40601e-09        4.26256e-10        5.08345e-08        1.93692e-07         0.00838053           0.109295        1.50458e-08        1.24967e-07        3.56685e-10           0.732761
52         0.00131863        2.51168e-05        4.44294e-06             101325           0.176891        4.44294e-06            1902.53                  0           0.929034            212.517        2.84186e+08         0.00021708         4.9733e-05         0.00110057          0.0484181         0.00338855          0.0960793        5.83464e-06        3.34762e-09        2.62858e-10        3.10999e-08        1.14839e-07         0.00784857           0.110131        1.02122e-08        7.59929e-08        2.19549e-10           0.732761
53         0.00134375        2.51168e-05        4.43003e-06             101325           0.176377        4.43003e-06            1909.03                  0           0.933568            176.679         2.4754e+08        0.000205543        4.53818e-05         0.00103521          0.0481072         0.00331553          0.0962602        5.56325e-06        2.08457e-09        1.62947e-10        1.92122e-08        6.87795e-08         0.00735071           0.110914        7.15194e-09         4.6521e-08        1.35799e-10           0.732761
54         0.00136887        2.51168e-05        4.41782e-06             101325           0.175891        4.41782e-06            1915.22                  0           0.937856            146.614        2.15133e+08        0.000194227        4.13001e-05        0.000971891          0.0478173         0.00323948          0.0964382        5.29982e-06         1.3053e-09        1.01548e-10        1.19814e-08        4.16103e-08         0.00688362           0.111648        5.16603e-09        2.86692e-08        8.44159e-11           0.732761
55         0.00139398        2.51168e-05        4.40627e-06             101325           0.175431        4.40627e-06            1921.12                  0           0.941918              121.4        1.86481e+08        0.000183182        3.74907e-05         0.00091084          0.0475468         0.00316094          0.0966127        5.04406e-06        8.21899e-10        6.36256e-11        7.54144e-09        2.54267e-08         0.00644452           0.112338        3.84023e-09        1.77862e-08        5.27432e-11           0.732761
56          0.0014191        2.51168e-05        4.39535e-06             101325           0.174996        4.39535e-06            1926.73                  0           0.945768            100.277        1.61184e+08        0.000172449         3.3952e-05        0.000852222           0.047294         0.00308043           0.096783        4.79592e-06        5.20439e-10        4.00855e-11         4.7901e-09        1.56928e-08         0.00603116           0.112987        2.92734e-09        1.11089e-08        3.31276e-11           0.732761
57         0.00144422        2.51168e-05        4.38504e-06             101325           0.174586        4.38504e-06            1932.05                  0            0.94942            82.6091        1.38896e+08        0.000162064        3.06789e-05        0.000796151           0.047058         0.00299842          0.0969485        4.55549e-06        3.31441e-10        2.53981e-11        3.06988e-09        9.78178e-09         0.00564165           0.113599        2.27852e-09        6.98606e-09        2.09208e-11           0.732761
58         0.00146933        2.51168e-05        4.37531e-06             101325           0.174199        4.37531e-06            1937.11                  0           0.952884            67.8618        1.19309e+08        0.000152056        2.76635e-05        0.000742703          0.0468376         0.00291535           0.097109        4.32294e-06        2.12319e-10        1.61867e-11        1.98495e-09        6.15786e-09         0.00527443           0.114176        1.80307e-09        4.42414e-09         1.3287e-11           0.732761
59         0.00149445        2.51168e-05        4.36614e-06             101325           0.173834        4.36614e-06             1941.9                  0           0.956169            55.5836        1.02146e+08        0.000142446        2.48959e-05        0.000691919          0.0466321         0.00283162           0.097264        4.09852e-06        1.36834e-10        1.03789e-11        1.29485e-09        3.91505e-09          0.0049282            0.11472         1.4449e-09        2.82192e-09        8.48881e-12           0.732761
60         0.00151957        2.51168e-05        4.35751e-06             101325            0.17349        4.35751e-06            1946.43                  0           0.959282            45.3918        8.71565e+07        0.000133253        2.23648e-05        0.000643816          0.0464405          0.0027476          0.0974133        3.88249e-06        8.87384e-11        6.69718e-12        8.52178e-10        2.51394e-09         0.00460184           0.115233        1.16862e-09        1.81337e-09        5.45702e-12           0.732761
61         0.00154468        2.51168e-05        4.34939e-06             101325           0.173167        4.34939e-06            1950.72                  0            0.96223             36.961        7.41106e+07        0.000124489        2.00579e-05        0.000598385          0.0462622         0.00266366          0.0975567        3.67515e-06        5.79223e-11        4.35002e-12        5.65862e-10        1.63045e-09         0.00429439           0.115716        9.51405e-10        1.17428e-09         3.5309e-12           0.732761
62          0.0015698        2.51168e-05        4.34177e-06             101325           0.172863        4.34177e-06            1954.76                  0           0.965018            30.0139        6.27992e+07        0.000116161        1.79623e-05        0.000555601          0.0460965         0.00258013          0.0976941        3.47677e-06        3.80637e-11        2.84496e-12        3.79137e-10        1.06814e-09         0.00400501            0.11617        7.78106e-10        7.66533e-10        2.30024e-12           0.732761
63         0.00159492        2.51168e-05        4.33462e-06             101325           0.172578        4.33462e-06            1958.56                  0           0.967653            24.3143         5.3031e+07        0.000108273        1.60646e-05        0.000515423          0.0459428         0.00249733          0.0978254        3.28761e-06        2.51901e-11        1.87404e-12        2.56352e-10          7.069e-10         0.00373293           0.116598        6.38344e-10        5.04557e-10        1.50925e-12           0.732761
64         0.00162003        2.51168e-05        4.32792e-06             101325           0.172312        4.32792e-06            1962.14                  0           0.970138            19.6605        4.46315e+07        0.000100826        1.43514e-05        0.000477794          0.0458006         0.00241556          0.0979506        3.10791e-06        1.67931e-11        1.24376e-12         1.7494e-10        4.72665e-10         0.00347745           0.116999        5.24771e-10        3.35011e-10        9.97708e-13           0.732761
65         0.00164515        2.51168e-05        4.32166e-06             101325           0.172062        4.32166e-06             1965.5                  0           0.972479            15.8808        3.74417e+07        9.38168e-05        1.28092e-05        0.000442648          0.0456691         0.00233511          0.0980696        2.93785e-06        1.12811e-11        8.31938e-13        1.20509e-10        3.19351e-10          0.0032379           0.117376        4.32012e-10        2.24456e-10        6.64735e-13           0.732761
66         0.00167027        2.51168e-05        4.31582e-06             101325            0.17183        4.31582e-06            1968.64                  0           0.974681            12.8286        3.13165e+07        8.72393e-05        1.14251e-05        0.000409911          0.0455479         0.00225624          0.0981825        2.77756e-06        7.63879e-12        5.61027e-13        8.38089e-11        2.18055e-10         0.00301366           0.117728        3.56013e-10        1.51805e-10        4.46531e-13           0.732761
67         0.00169539        2.51168e-05        4.31037e-06             101325           0.171613        4.31037e-06            1971.58                  0           0.976747            10.3792        2.61246e+07        8.10855e-05        1.01862e-05        0.000379498          0.0454365          0.0021792          0.0982894        2.62712e-06        5.21552e-12        3.81557e-13        5.88539e-11         1.5049e-10         0.00280412           0.118057        2.93634e-10        1.03676e-10         3.0253e-13            0.73276
68          0.0017205        2.51168e-05         4.3053e-06             101325           0.171411         4.3053e-06            1974.33                  0           0.978683            8.42693        2.17468e+07        7.53448e-05        9.08028e-06        0.000351319          0.0453342         0.00210421          0.0983902        2.48654e-06         3.5918e-12        2.61798e-13         4.1739e-11        1.04994e-10         0.00260866           0.118364        2.42392e-10        7.15268e-11        2.06801e-13            0.73276
69         0.00174562        2.51168e-05         4.3006e-06             101325           0.171224         4.3006e-06            1976.88                  0           0.980494            6.88189        1.80753e+07        7.00048e-05        8.09554e-06        0.000325279          0.0452406         0.00203149          0.0984853        2.35576e-06        2.49584e-12        1.81282e-13        2.98995e-11        7.40623e-11         0.00242668            0.11865         2.0029e-10        4.98661e-11        1.42681e-13            0.73276
70         0.00177074        2.51168e-05        4.29623e-06             101325            0.17105        4.29623e-06            1979.26                  0           0.982183             5.6683        1.50133e+07        6.50516e-05        7.22084e-06        0.000301278           0.045155         0.00196122          0.0985745        2.23464e-06         1.7505e-12        1.26728e-13        2.16376e-11        5.28301e-11         0.00225759           0.118915        1.65705e-10        3.51431e-11        9.93952e-14            0.73276
71         0.00179585        2.51168e-05         4.2922e-06             101325           0.170889         4.2922e-06            1981.46                  0           0.983756             4.7223        1.24738e+07        6.04698e-05        6.44568e-06        0.000279215           0.045077         0.00189356          0.0986582        2.12301e-06        1.23967e-12        8.94705e-14        1.58218e-11        3.81144e-11         0.00210079           0.119162        1.37305e-10        2.50451e-11        6.99378e-14            0.73276
72         0.00182097        2.51168e-05        4.28847e-06             101325           0.170741        4.28847e-06             1983.5                  0           0.985218            3.99037        1.03794e+07        5.62432e-05        5.76023e-06        0.000258984          0.0450061         0.00182867          0.0987365        2.02058e-06        8.86762e-13        6.38167e-14        1.16918e-11         2.7816e-11         0.00195569            0.11939        1.13995e-10        1.80551e-11        4.97247e-14            0.73276
73         0.00184609        2.51168e-05        4.28504e-06             101325           0.170604        4.28504e-06            1985.38                  0           0.986574            3.42785        8.66104e+06        5.23545e-05        5.15532e-06        0.000240481          0.0449418         0.00176665          0.0988094        1.92705e-06        6.40968e-13         4.6005e-14        8.73308e-12        2.05392e-11         0.00182169             0.1196        9.48699e-11        1.31709e-11         3.5737e-14            0.73276
74          0.0018712        2.51168e-05        4.28188e-06             101325           0.170479        4.28188e-06            1987.11                  0           0.987829            2.99774        7.25813e+06        4.87861e-05        4.62249e-06          0.0002236          0.0448836          0.0017076          0.0988773        1.84204e-06        4.68352e-13        3.35327e-14        6.59492e-12        1.53477e-11          0.0016982           0.119794        7.91822e-11        9.72557e-12        2.59734e-14            0.73276
75         0.00189632        2.51168e-05        4.27898e-06             101325           0.170363        4.27898e-06            1988.71                  0           0.988987            2.66957        6.11748e+06        4.55199e-05        4.15395e-06        0.000208236           0.044831         0.00165159          0.0989404        1.76512e-06        3.46101e-13        2.47234e-14        5.03625e-12        1.16083e-11         0.00158464           0.119973        6.63147e-11        7.27181e-12        1.90982e-14            0.73276
76         0.00192144        2.51168e-05        4.27632e-06             101325           0.170257        4.27632e-06            1990.17                  0           0.990054            2.41851         5.1929e+06        4.25379e-05        3.74257e-06        0.000194285          0.0447835         0.00159866          0.0989987        1.69583e-06        2.58774e-13        1.84466e-14        3.89017e-12        8.88919e-12         0.00148042           0.120136        5.57583e-11        5.50728e-12        1.42134e-14            0.73276
77         0.00194655        2.51168e-05        4.27389e-06             101325           0.170161        4.27389e-06            1991.51                  0           0.991035             2.2245        4.44468e+06         3.9822e-05        3.38188e-06        0.000181648          0.0447408         0.00154883          0.0990526        1.63371e-06         1.9585e-13        1.39342e-14        3.04021e-12        6.89327e-12         0.00138499           0.120286        4.70936e-11        4.22601e-12        1.07113e-14            0.73276
78         0.00197167        2.51168e-05        4.27168e-06             101325           0.170072        4.27168e-06            1992.73                  0           0.991935            2.07161        3.83897e+06        3.73542e-05          3.066e-06        0.000170225          0.0447025         0.00150208          0.0991022        1.57823e-06        1.50107e-13         1.0661e-14        2.40449e-12        5.41445e-12         0.00129778           0.120423        3.99762e-11        3.28654e-12        8.17726e-15            0.73276
79         0.00199679        2.51168e-05        4.26966e-06             101325           0.169992        4.26966e-06            1993.85                  0           0.992758            1.94734        3.34728e+06        3.51173e-05        2.78966e-06        0.000159923          0.0446681          0.0014584          0.0991477         1.5289e-06        1.16553e-13        8.26476e-15        1.92493e-12        4.30851e-12         0.00121826           0.120548        3.41235e-11        2.59091e-12        6.32649e-15            0.73276
80          0.0020219        2.51168e-05        4.26783e-06             101325           0.169919        4.26783e-06            1994.87                  0            0.99351            1.84211         2.9459e+06        3.30941e-05        2.54811e-06         0.00015065          0.0446373         0.00141774          0.0991895         1.4852e-06        9.17129e-14        6.49397e-15        1.56007e-12        3.47366e-12         0.00114591           0.120662         2.9304e-11        2.07072e-12        4.96181e-15            0.73276
81         0.00204702        2.51168e-05        4.26617e-06             101325           0.169853        4.26617e-06            1995.79                  0           0.994195            1.74877        2.61538e+06        3.12683e-05        2.33714e-06         0.00014232          0.0446098         0.00138001          0.0992277        1.44663e-06        7.31485e-14        5.17274e-15        1.28004e-12        2.83748e-12         0.00108021           0.120765        2.53287e-11        1.67782e-12        3.94563e-15            0.73276
82         0.00207214        2.51168e-05        4.26466e-06             101325           0.169793        4.26466e-06            1996.62                  0           0.994817            1.66217        2.33997e+06        2.96242e-05        2.15297e-06        0.000134851          0.0445853         0.00134514          0.0992624         1.4127e-06        5.91374e-14        4.17705e-15        1.06319e-12        2.34797e-12         0.00102068           0.120858        2.20435e-11        1.37803e-12        3.18125e-15            0.73276
83         0.00209725        2.51168e-05        4.26331e-06             101325           0.169739        4.26331e-06            1997.37                  0           0.995382            1.57875        2.10714e+06        2.81469e-05        1.99228e-06        0.000128168          0.0445635         0.00131303          0.0992941        1.38295e-06        4.84535e-14        3.41883e-15        8.93668e-13         1.9675e-12        0.000966852           0.120943        1.93227e-11        1.14689e-12        2.60018e-15            0.73276
84         0.00212237        2.51168e-05        4.26209e-06             101325           0.169691        4.26209e-06            1998.05                  0           0.995893            1.49627        1.90706e+06        2.68222e-05        1.85212e-06        0.000122197           0.044544         0.00128356          0.0993227        1.35694e-06        4.02181e-14         2.8351e-15        7.59815e-13        1.66862e-12        0.000918286           0.121019        1.70639e-11         9.6675e-13        2.15354e-15            0.73276
85         0.00214749        2.51168e-05        4.26099e-06             101325           0.169647        4.26099e-06            1998.66                  0           0.996354            1.41347        1.73217e+06        2.56368e-05        1.72992e-06        0.000116872          0.0445268          0.0012566          0.0993487        1.33426e-06        3.37968e-14        2.38048e-15        6.52989e-13        1.43119e-12        0.000874558           0.121088        1.51841e-11        8.24779e-13        1.80618e-15            0.73276
86          0.0021726        2.51168e-05           4.26e-06             101325           0.169608           4.26e-06            1999.21                  0            0.99677            1.32986        1.57679e+06        2.45781e-05        1.62338e-06         0.00011213          0.0445114         0.00123203          0.0993721        1.31452e-06         2.8729e-14        2.02204e-15        5.66746e-13        1.24027e-12        0.000835268            0.12115        1.36154e-11        7.11586e-13        1.53269e-15            0.73276
87         0.00219772        2.51168e-05        4.25912e-06             101325           0.169572        4.25912e-06             1999.7                  0           0.997144            1.24546         1.4367e+06        2.36344e-05        1.53054e-06        0.000107916          0.0444979         0.00120971          0.0993932        1.29739e-06        2.46776e-14        1.73577e-15        4.96257e-13        1.08478e-12        0.000800038           0.121205         1.2303e-11        6.20246e-13        1.31453e-15            0.73276
88         0.00222284        2.51168e-05        4.25833e-06             101325           0.169541        4.25833e-06            2000.14                  0           0.997479            1.16068        1.30887e+06        2.27948e-05        1.44963e-06        0.000104175          0.0444859         0.00118949          0.0994121        1.28254e-06        2.13953e-14        1.50404e-15        4.37888e-13         9.5641e-13        0.000768515           0.121254        1.12019e-11        5.45622e-13        1.13814e-15            0.73276
89         0.00224795        2.51168e-05        4.25763e-06             101325           0.169513        4.25763e-06            2000.53                  0           0.997779            1.07614        1.19116e+06        2.20493e-05        1.37914e-06         0.00010086          0.0444753         0.00117124           0.099429        1.26969e-06        1.86991e-14        1.31384e-15        3.88899e-13        8.48946e-13        0.000740366           0.121299        1.02758e-11        4.83886e-13        9.93517e-16            0.73276
90         0.00227307        2.51168e-05        4.25701e-06             101325           0.169488        4.25701e-06            2000.88                  0           0.998047           0.992571        1.08212e+06        2.13885e-05        1.31774e-06        9.79275e-05           0.044466         0.00115481          0.0994442        1.25858e-06        1.64532e-14        1.15553e-15        3.47217e-13          7.577e-13        0.000715283           0.121338        9.49467e-12        4.32167e-13        8.73268e-16            0.73276
91         0.00229819        2.51168e-05        4.25645e-06             101325           0.169466        4.25645e-06            2001.19                  0           0.998286           0.910742             980752         2.0804e-05        1.26427e-06        9.53364e-05          0.0444577         0.00114007          0.0994577        1.24899e-06        1.45567e-14        1.02195e-15        3.11273e-13        6.79147e-13        0.000692976           0.121373        8.83432e-12        3.88305e-13        7.71894e-16            0.73276
92         0.00232331        2.51168e-05        4.25596e-06             101325           0.169447        4.25596e-06            2001.47                  0           0.998499           0.831372             886419        2.02878e-05        1.21772e-06        9.30508e-05          0.0444505         0.00112688          0.0994697        1.24072e-06        1.29342e-14        9.07726e-16        2.79883e-13        6.10632e-13         0.00067318           0.121404        8.27474e-12        3.50671e-13        6.85294e-16            0.73276
93         0.00234842        2.51168e-05        4.25553e-06             101325            0.16943        4.25553e-06            2001.71                  0           0.998687           0.755105             798691        1.98327e-05        1.17721e-06        9.10377e-05          0.0444441         0.00111511          0.0994803        1.23359e-06        1.15289e-14        8.08866e-16        2.52153e-13        5.50158e-13        0.000655647           0.121432        7.79956e-12         3.1803e-13        6.10403e-16            0.73276
94         0.00237354        2.51168e-05        4.25515e-06             101325           0.169414        4.25515e-06            2001.92                  0           0.998854            0.68248             717278        1.94323e-05        1.14198e-06        8.92673e-05          0.0444385         0.00110464          0.0994897        1.22744e-06        1.02986e-14        7.22359e-16        2.27407e-13        4.96224e-13         0.00064015           0.121456        7.39525e-12        2.89446e-13        5.44922e-16            0.73276
95         0.00239866        2.51168e-05        4.25481e-06             101325           0.169401        4.25481e-06            2002.11                  0           0.999002           0.613917             641959        1.90806e-05        1.11134e-06        8.77127e-05          0.0444337         0.00109535          0.0994981        1.22216e-06        9.21126e-15        6.45943e-16         2.0514e-13        4.47706e-13        0.000626481           0.121477        7.05066e-12        2.64201e-13         4.8712e-16            0.73276
96         0.00242377        2.51168e-05        4.25452e-06             101325           0.169389        4.25452e-06            2002.28                  0           0.999132           0.549718             572541        1.87723e-05        1.08472e-06        8.63498e-05          0.0444294         0.00108713          0.0995054         1.2176e-06         8.2427e-15        5.77907e-16        1.84969e-13        4.03761e-13        0.000614446           0.121496        6.75654e-12        2.41751e-13         4.3569e-16            0.73276
97         0.00244889        2.51168e-05        4.25426e-06             101325           0.169379        4.25426e-06            2002.42                  0           0.999247           0.490067             508836        1.85023e-05         1.0616e-06        8.51568e-05          0.0444257         0.00107988          0.0995119        1.21369e-06        7.37458e-15        5.16952e-16        1.66608e-13        3.63756e-13        0.000603874           0.121513        6.50519e-12        2.21674e-13         3.8964e-16            0.73276
98         0.00247401        2.51168e-05        4.25403e-06             101325            0.16937        4.25403e-06            2002.55                  0           0.999347           0.435042             450636        1.82665e-05        1.04155e-06        8.41141e-05          0.0444224         0.00107349          0.0995175        1.21032e-06        6.59287e-15        4.62084e-16        1.49841e-13        3.27215e-13        0.000594603           0.121527        6.29016e-12        2.03644e-13        3.48211e-16            0.73276
99         0.00249912        2.51168e-05        4.25383e-06             101325           0.169362        4.25383e-06            2002.66                  0           0.999436           0.384631             397714        1.80608e-05        1.02416e-06        8.32044e-05          0.0444196         0.00106787          0.0995225        1.20743e-06        5.88671e-15        4.12535e-16        1.34499e-13        2.93774e-13         0.00058649            0.12154        6.10607e-12        1.87403e-13        3.10816e-16            0.73276
100         0.00252424        2.51168e-05        4.25366e-06             101325           0.169355        4.25366e-06            2002.76                  0           0.999513           0.338743             349818        1.78817e-05         1.0091e-06        8.24119e-05          0.0444171         0.00106295          0.0995268        1.20494e-06        5.24756e-15        3.67702e-16        1.20456e-13        2.63153e-13        0.000579404           0.121551        5.94838e-12         1.7275e-13        2.76993e-16            0.73276
101         0.00254936        2.51168e-05        4.25351e-06             101325           0.169349        4.25351e-06            2002.84                  0            0.99958           0.297221             306669         1.7726e-05        9.96072e-07        8.17227e-05           0.044415         0.00105865          0.0995306         1.2028e-06        4.66862e-15        3.27101e-16        1.07606e-13        2.35125e-13        0.000573227           0.121561        5.81327e-12        1.59518e-13        2.46375e-16            0.73276
102         0.00257447        2.51168e-05        4.25338e-06             101325           0.169344        4.25338e-06            2002.91                  0           0.999639           0.259861             267975        1.75909e-05        9.84811e-07        8.11242e-05          0.0444131          0.0010549          0.0995339        1.20097e-06        4.14427e-15        2.90338e-16        9.58638e-14        2.09506e-13        0.000567854           0.121569        5.69749e-12        1.47571e-13         2.1866e-16            0.73276
103         0.00259959        2.51168e-05        4.25327e-06             101325            0.16934        4.25327e-06            2002.98                  0            0.99969           0.226424             233429        1.74739e-05         9.7509e-07        8.06055e-05          0.0444115         0.00105164          0.0995368         1.1994e-06        3.66983e-15         2.5708e-16        8.51565e-14        1.86137e-13        0.000563188           0.121577        5.59827e-12        1.36794e-13        1.93594e-16            0.73276
104         0.00262471        2.51168e-05        4.25317e-06             101325           0.169336        4.25317e-06            2003.03                  0           0.999734           0.196647             202719        1.73727e-05        9.66709e-07        8.01567e-05          0.0444101          0.0010488          0.0995392        1.19805e-06        3.24123e-15         2.2704e-16        7.54177e-14        1.64874e-13        0.000559144           0.121583        5.51328e-12        1.27086e-13        1.70959e-16            0.73276
105         0.00264982        2.51168e-05        4.25309e-06             101325           0.169332        4.25309e-06            2003.08                  0           0.999772           0.170252             175531        1.72853e-05        9.59492e-07        7.97689e-05          0.0444089         0.00104635          0.0995414        1.19689e-06        2.85484e-15        1.99963e-16        6.65863e-14        1.45588e-13        0.000555646           0.121589         5.4405e-12        1.18359e-13         1.5056e-16            0.73276
106         0.00267494        2.51168e-05        4.25302e-06             101325           0.169329        4.25302e-06            2003.12                  0           0.999806            0.14696             151558          1.721e-05        9.53285e-07        7.94346e-05          0.0444079         0.00104422          0.0995432         1.1959e-06        2.50738e-15        1.75617e-16        5.86041e-14        1.28151e-13        0.000552626           0.121593        5.37822e-12        1.10532e-13        1.32223e-16            0.73276
107         0.00270006        2.51168e-05        4.25295e-06             101325           0.169327        4.25295e-06            2003.15                  0           0.999834            0.12649             130498        1.71453e-05        9.47955e-07        7.91467e-05           0.044407         0.00104239          0.0995448        1.19506e-06        2.19581e-15        1.53788e-16        5.14147e-14        1.12442e-13        0.000550023           0.121597        5.32496e-12         1.0353e-13        1.15783e-16            0.73276
108         0.00272517        2.51168e-05         4.2529e-06             101325           0.169325         4.2529e-06            2003.18                  0           0.999859           0.108571             112065        1.70896e-05        9.43385e-07        7.88993e-05          0.0444063         0.00104081          0.0995462        1.19434e-06        1.91728e-15        1.34275e-16        4.49632e-14         9.8343e-14        0.000547784           0.121601        5.27945e-12        9.72853e-14        1.01091e-16            0.73276
109         0.00275029        2.51168e-05        4.25286e-06             101325           0.169323        4.25286e-06            2003.21                  0            0.99988           0.092943            95988.6         1.7042e-05        9.39471e-07        7.86871e-05          0.0444056         0.00103945          0.0995474        1.19372e-06        1.66909e-15         1.1689e-16        3.91957e-14        8.57359e-14        0.000545862           0.121604        5.24061e-12        9.17326e-14        8.80008e-17            0.73276
110         0.00277541        2.51168e-05        4.25282e-06             101325           0.169321        4.25282e-06            2003.23                  0           0.999898          0.0793615            82013.3        1.70011e-05        9.36125e-07        7.85053e-05           0.044405         0.00103829          0.0995484        1.19319e-06        1.44867e-15         1.0145e-16        3.40593e-14        7.45064e-14        0.000544216           0.121607        5.20748e-12         8.6811e-14        7.63777e-17            0.73276
111         0.00280052        2.51168e-05        4.25278e-06             101325            0.16932        4.25278e-06            2003.25                  0           0.999914          0.0675979            69903.8        1.69663e-05        9.33269e-07        7.83499e-05          0.0444046         0.00103729          0.0995492        1.19275e-06        1.25359e-15         8.7787e-17        2.95025e-14        6.45426e-14        0.000542807           0.121609        5.17927e-12        8.24632e-14        6.60922e-17            0.73276
112         0.00282564        2.51168e-05        4.25275e-06             101325           0.169319        4.25275e-06            2003.27                  0           0.999927          0.0574411              59443        1.69365e-05        9.30834e-07        7.82173e-05          0.0444042         0.00103644            0.09955        1.19236e-06        1.08154e-15         7.5737e-17        2.54754e-14        5.57359e-14        0.000541604           0.121611        5.15527e-12        7.86352e-14         5.7022e-17            0.73276
113         0.00285076        2.51168e-05        4.25273e-06             101325           0.169318        4.25273e-06            2003.28                  0           0.999938          0.0486981            50432.9        1.69112e-05        9.28762e-07        7.81043e-05          0.0444038         0.00103572          0.0995506        1.19204e-06         9.3033e-16        6.51471e-17        2.19299e-14        4.79815e-14        0.000540579           0.121612        5.13487e-12        7.52762e-14        4.90512e-17            0.73276
114         0.00287588        2.51168e-05        4.25271e-06             101325           0.169317        4.25271e-06            2003.29                  0           0.999948          0.0411937            42694.1        1.68897e-05        9.27002e-07        7.80082e-05          0.0444035          0.0010351          0.0995511        1.19177e-06        7.97902e-16        5.58729e-17        1.88202e-14        4.11796e-14        0.000539707           0.121614        5.11757e-12        7.23386e-14        4.20711e-17            0.73276
115         0.00290099        2.51168e-05        4.25269e-06             101325           0.169317        4.25269e-06             2003.3                  0           0.999956          0.0347705            36065.5        1.68714e-05        9.25508e-07        7.79266e-05          0.0444033         0.00103457          0.0995516        1.19153e-06        6.82329e-16        4.77793e-17        1.61029e-14        3.52353e-14        0.000538966           0.121615        5.10291e-12        6.97784e-14        3.59797e-17            0.73276
116         0.00292611        2.51168e-05        4.25268e-06             101325           0.169316        4.25268e-06            2003.31                  0           0.999963          0.0292872            30402.5        1.68559e-05        9.24244e-07        7.78574e-05          0.0444031         0.00103413           0.099552        1.19134e-06        5.81813e-16        4.07403e-17        1.37371e-14        3.00596e-14        0.000538338           0.121616        5.09051e-12        6.75544e-14        3.06824e-17            0.73276
117         0.00295123        2.51168e-05        4.25267e-06             101325           0.169316        4.25267e-06            2003.32                  0           0.999969          0.0246183            25576.7        1.68429e-05        9.23174e-07        7.77989e-05          0.0444029         0.00103375          0.0995523        1.19117e-06        4.94694e-16        3.46397e-17        1.16847e-14        2.55694e-14        0.000537807           0.121617        5.08003e-12         6.5629e-14        2.60913e-17            0.73276
118         0.00297634        2.51168e-05        4.25266e-06             101325           0.169315        4.25266e-06            2003.32                  0           0.999974          0.0206523            21474.1        1.68318e-05        9.22272e-07        7.77495e-05          0.0444027         0.00103343          0.0995526        1.19103e-06        4.19442e-16        2.93701e-17        9.91058e-15        2.16876e-14        0.000537359           0.121617        5.07119e-12        6.39676e-14        2.21258e-17            0.73276
119         0.00300146        2.51168e-05        4.25265e-06             101325           0.169315        4.25265e-06            2003.33                  0           0.999978          0.0172916            17994.7        1.68225e-05        9.21511e-07        7.77078e-05          0.0444026         0.00103316          0.0995528        1.19091e-06        3.54656e-16        2.48335e-17         8.3822e-15        1.83434e-14         0.00053698           0.121618        5.06375e-12        6.25386e-14        1.87119e-17            0.73276
120         0.00302658        2.51168e-05        4.25264e-06             101325           0.169314        4.25264e-06            2003.33                  0           0.999982          0.0144503            15050.5        1.68147e-05        9.20871e-07        7.76727e-05          0.0444025         0.00103293           0.099553        1.19081e-06        2.99064e-16        2.09407e-17        7.06999e-15        1.54721e-14        0.000536662           0.121618        5.05748e-12        6.13134e-14        1.57825e-17            0.73276
121         0.00305169        2.51168e-05        4.25263e-06             101325           0.169314        4.25263e-06            2003.33                  0           0.999985          0.0120533            12564.6        1.68081e-05        9.20333e-07        7.76432e-05          0.0444024         0.00103274          0.0995532        1.19073e-06        2.51514e-16        1.76112e-17         5.9471e-15         1.3015e-14        0.000536394           0.121619        5.05223e-12        6.02663e-14        1.32771e-17            0.73276
122         0.00307681        2.51168e-05        4.25263e-06             101325           0.169314        4.25263e-06            2003.34                  0           0.999988          0.0100355            10470.2        1.68026e-05        9.19882e-07        7.76185e-05          0.0444023         0.00103258          0.0995533        1.19066e-06        2.10972e-16        1.47723e-17        4.98933e-15        1.09191e-14         0.00053617           0.121619        5.04782e-12        5.93742e-14        1.11409e-17            0.73276
123         0.00310193        2.51168e-05        4.25262e-06             101325           0.169314        4.25262e-06            2003.34                  0            0.99999         0.00834061            8709.34        1.67979e-05        9.19505e-07        7.75978e-05          0.0444023         0.00103245          0.0995534         1.1906e-06        1.76513e-16        1.23594e-17          4.175e-15        9.13703e-15        0.000535982            0.12162        5.04413e-12        5.86163e-14        9.32524e-18            0.73276
124         0.00312704        2.51168e-05        4.25262e-06             101325           0.169314        4.25262e-06            2003.34                  0           0.999991         0.00691973            7231.87        1.67941e-05        9.19189e-07        7.75805e-05          0.0444022         0.00103234          0.0995535        1.19055e-06        1.47312e-16        1.03148e-17        3.48474e-15        7.62647e-15        0.000535825            0.12162        5.04105e-12        5.79745e-14        7.78667e-18            0.73276
125         0.00315216        2.51168e-05        4.25262e-06             101325           0.169314        4.25262e-06            2003.34                  0           0.999993           0.005731            5994.68        1.67908e-05        9.18926e-07         7.7566e-05          0.0444022         0.00103225          0.0995536        1.19051e-06        1.22646e-16        8.58765e-18        2.90156e-15        6.35021e-15        0.000535693            0.12162        5.03848e-12        5.74326e-14        6.48709e-18            0.73276
126         0.00317728        2.51168e-05        4.25262e-06             101325           0.169313        4.25262e-06            2003.34                  0           0.999994         0.00473829            4960.62        1.67882e-05        9.18707e-07         7.7554e-05          0.0444021         0.00103217          0.0995537        1.19048e-06         1.0187e-16        7.13289e-18        2.41024e-15        5.27497e-15        0.000535584            0.12162        5.03634e-12        5.69764e-14        5.39244e-18            0.73276
127         0.00320239        2.51168e-05        4.25261e-06             101325           0.169313        4.25261e-06            2003.35                  0           0.999995         0.00391105            4098.11        1.67859e-05        9.18524e-07         7.7544e-05          0.0444021          0.0010321          0.0995537        1.19045e-06        8.44249e-17        5.91139e-18        1.99763e-15        4.37198e-15        0.000535493            0.12162        5.03456e-12        5.65935e-14        4.47332e-18            0.73276
128         0.00322751        2.51168e-05        4.25261e-06             101325           0.169313        4.25261e-06            2003.35                  0           0.999996         0.00322284            3379.93        1.67841e-05        9.18373e-07        7.75357e-05          0.0444021         0.00103205          0.0995538        1.19043e-06        6.98214e-17        4.88884e-18        1.65219e-15        3.61596e-15        0.000535418            0.12162        5.03308e-12        5.62731e-14         3.7039e-18            0.73276
129         0.00325263        2.51168e-05        4.25261e-06             101325           0.169313        4.25261e-06            2003.35                  0           0.999997         0.00265137            2783.04        1.67825e-05        9.18247e-07        7.75288e-05          0.0444021           0.001032          0.0995538        1.19041e-06        5.76297e-17        4.03519e-18        1.36376e-15        2.98473e-15        0.000535355           0.121621        5.03185e-12        5.60056e-14        3.06157e-18            0.73276
130         0.00327774        2.51168e-05        4.25261e-06             101325           0.169313        4.25261e-06            2003.35                  0           0.999997         0.00217769            2287.84        1.67813e-05        9.18143e-07        7.75231e-05          0.0444021         0.00103197          0.0995538        1.19039e-06        4.74809e-17        3.32457e-18        1.12364e-15        2.45922e-15        0.000535303           0.121621        5.03084e-12        5.57831e-14        2.52687e-18            0.73276
131         0.00330286        2.51168e-05        4.25261e-06             101325           0.169313        4.25261e-06            2003.35                  0           0.999998         0.00178576            1877.74        1.67802e-05        9.18057e-07        7.75183e-05           0.044402         0.00103194          0.0995539        1.19038e-06        3.90571e-17        2.73474e-18        9.24325e-16        2.02299e-15        0.000535261           0.121621           5.03e-12        5.55984e-14        2.08306e-18            0.73276
132         0.00332798        2.51168e-05        4.25261e-06             101325           0.169313        4.25261e-06            2003.35                  0           0.999998         0.00146204             1538.7        1.67793e-05        9.17986e-07        7.75144e-05           0.044402         0.00103191          0.0995539        1.19037e-06        3.20905e-17        2.24694e-18        7.59475e-16         1.6622e-15        0.000535225           0.121621        5.02931e-12        5.54456e-14        1.71602e-18            0.73276
133         0.00335309        2.51168e-05        4.25261e-06             101325           0.169313        4.25261e-06            2003.35                  0           0.999999         0.00119512            1258.89        1.67786e-05        9.17928e-07        7.75112e-05           0.044402         0.00103189          0.0995539        1.19036e-06        2.63468e-17        1.84477e-18        6.23555e-16        1.36473e-15        0.000535196           0.121621        5.02874e-12        5.53197e-14        1.41341e-18            0.73276
134         0.00337821        2.51168e-05        4.25261e-06             101325           0.169313        4.25261e-06            2003.35                  0           0.999999        0.000975416            1028.36         1.6778e-05         9.1788e-07        7.75086e-05           0.044402         0.00103187          0.0995539        1.19035e-06         2.1636e-17        1.51493e-18        5.12073e-16        1.12074e-15        0.000535172           0.121621        5.02827e-12        5.52164e-14        1.16522e-18            0.73276
135         0.00340333        2.51168e-05        4.25261e-06             101325           0.169313        4.25261e-06            2003.35                  0           0.999999        0.000794875             838.74        1.67776e-05         9.1784e-07        7.75064e-05           0.044402         0.00103186          0.0995539        1.19035e-06        1.77322e-17        1.24159e-18        4.19686e-16        9.18535e-16        0.000535153           0.121621        5.02789e-12        5.51308e-14        9.59546e-19            0.73276
136         0.00342845        2.51168e-05        4.25261e-06             101325           0.169313        4.25261e-06            2003.35                  0           0.999999        0.000646781            683.067        1.67772e-05        9.17808e-07        7.75046e-05           0.044402         0.00103185          0.0995539        1.19034e-06        1.45328e-17        1.01757e-18        3.43965e-16        7.52811e-16        0.000535137           0.121621        5.02757e-12        5.50607e-14        7.90982e-19            0.73276
137         0.00345356        2.51168e-05         4.2526e-06             101325           0.169313         4.2526e-06            2003.35                  0           0.999999        0.000525489            555.446        1.67768e-05        9.17782e-07        7.75032e-05           0.044402         0.00103184           0.099554        1.19034e-06        1.19104e-17         8.3395e-19        2.81901e-16        6.16976e-16        0.000535124           0.121621        5.02732e-12        5.50032e-14        6.52823e-19            0.73276
138         0.00347868        2.51168e-05         4.2526e-06             101325           0.169313         4.2526e-06            2003.35                  0           0.999999        0.000426324            451.011        1.67766e-05         9.1776e-07         7.7502e-05           0.044402         0.00103183           0.099554        1.19033e-06        9.75452e-18        6.82995e-19        2.30875e-16        5.05299e-16        0.000535113           0.121621         5.0271e-12         5.4956e-14        5.39239e-19            0.73276
139          0.0035038        2.51168e-05         4.2526e-06             101325           0.169313         4.2526e-06            2003.35                  0                  1        0.000345387            365.696        1.67764e-05        9.17742e-07         7.7501e-05           0.044402         0.00103183           0.099554        1.19033e-06        7.98539e-18        5.59122e-19        1.89003e-16        4.13656e-16        0.000535104           0.121621        5.02693e-12        5.49172e-14        4.46032e-19            0.73276
140         0.00352891        2.51168e-05         4.2526e-06             101325           0.169313         4.2526e-06            2003.35                  0                  1         0.00027944            296.121        1.67762e-05        9.17728e-07        7.75002e-05           0.044402         0.00103182           0.099554        1.19033e-06        6.53246e-18        4.57389e-19        1.54614e-16        3.38391e-16        0.000535097           0.121621        5.02679e-12        5.48854e-14        3.69484e-19            0.73276
141         0.00355403        2.51168e-05         4.2526e-06             101325           0.169313         4.2526e-06            2003.35                  0                  1        0.000225805            239.486         1.6776e-05        9.17716e-07        7.74996e-05           0.044402         0.00103182           0.099554        1.19033e-06        5.33841e-18        3.73783e-19        1.26352e-16        2.76536e-16        0.000535091           0.121621        5.02668e-12        5.48593e-14        3.06576e-19            0.73276
142         0.00357915        2.51168e-05         4.2526e-06             101325           0.169313         4.2526e-06            2003.35                  0                  1        0.000182267            193.474        1.67759e-05        9.17707e-07        7.74991e-05           0.044402         0.00103181           0.099554        1.19032e-06        4.35682e-18        3.05053e-19        1.03119e-16        2.25687e-16        0.000535086           0.121621        5.02659e-12        5.48378e-14        2.54861e-19            0.73276
143         0.00360426        2.51168e-05         4.2526e-06             101325           0.169313         4.2526e-06            2003.35                  0                  1        0.000147005            156.178        1.67758e-05        9.17699e-07        7.74987e-05           0.044402         0.00103181           0.099554        1.19032e-06          3.562e-18        2.49401e-19        8.43062e-17        1.84512e-16        0.000535083           0.121621        5.02651e-12        5.48204e-14        2.12986e-19            0.73276
144         0.00362938        2.51168e-05         4.2526e-06             101325           0.169313         4.2526e-06            2003.35                  0                  1        0.000118521            126.023        1.67757e-05        9.17693e-07        7.74983e-05           0.044402         0.00103181           0.099554        1.19032e-06        2.92049e-18        2.04482e-19        6.91219e-17        1.51279e-16        0.000535079           0.121621        5.02645e-12        5.48064e-14        1.79188e-19            0.73276
145          0.0036545        2.51168e-05         4.2526e-06             101325           0.169313         4.2526e-06            2003.35                  0                  1        9.55881e-05            101.724        1.67757e-05        9.17688e-07         7.7498e-05           0.044402         0.00103181           0.099554        1.19032e-06        2.40975e-18        1.68722e-19        5.70331e-17        1.24821e-16        0.000535077           0.121621         5.0264e-12        5.47952e-14         1.5228e-19            0.73276
146         0.00367961        2.51168e-05         4.2526e-06             101325           0.169313         4.2526e-06            2003.35                  0                  1        7.72097e-05            82.2321        1.67756e-05        9.17684e-07        7.74978e-05           0.044402          0.0010318           0.099554        1.19032e-06        2.00246e-18        1.40203e-19        4.73926e-17        1.03722e-16        0.000535075           0.121621        5.02637e-12        5.47863e-14        1.30822e-19            0.73276
147         0.00370473        2.51168e-05         4.2526e-06             101325           0.169313         4.2526e-06            2003.35                  0                  1        6.25748e-05            66.6989        1.67756e-05        9.17681e-07        7.74977e-05           0.044402          0.0010318           0.099554        1.19032e-06        1.68401e-18        1.17905e-19         3.9855e-17        8.72244e-17        0.000535073           0.121621        5.02633e-12        5.47793e-14        1.14044e-19            0.73276
148         0.00372985        2.51168e-05         4.2526e-06             101325           0.169313         4.2526e-06            2003.35                  0                  1        5.10383e-05            54.4435        1.67756e-05        9.17679e-07        7.74975e-05           0.044402          0.0010318           0.099554        1.19032e-06        1.43225e-18        1.00278e-19         3.3896e-17        7.41823e-17        0.000535072           0.121621        5.02631e-12        5.47738e-14        1.00781e-19            0.73276
149         0.00375496        2.51168e-05         4.2526e-06             101325           0.169313         4.2526e-06            2003.35                  0                  1        4.20875e-05              44.93        1.67755e-05        9.17677e-07        7.74974e-05           0.044402          0.0010318           0.099554        1.19032e-06        1.23853e-18        8.67137e-20        2.93107e-17        6.41467e-17        0.000535071           0.121621        5.02629e-12        5.47696e-14        9.05745e-20            0.73276
150         0.00378008        2.51168e-05         4.2526e-06             101325           0.169313         4.2526e-06            2003.35                  0                  1        3.53308e-05            37.7444        1.67755e-05        9.17675e-07        7.74973e-05           0.044402          0.0010318           0.099554        1.19032e-06        1.09699e-18        7.68028e-20        2.59603e-17         5.6814e-17        0.000535071           0.121621        5.02628e-12        5.47665e-14        8.31172e-20            0.73276
151          0.0038052        2.51168e-05         4.2526e-06             101325           0.169313         4.2526e-06            2003.35                  0                  1        3.04793e-05            32.5826        1.67755e-05        9.17674e-07        7.74973e-05           0.044402          0.0010318           0.099554        1.19032e-06        1.00387e-18        7.02832e-20        2.37564e-17        5.19903e-17         0.00053507           0.121621        5.02627e-12        5.47644e-14        7.82116e-20            0.73276
152         0.00383031        2.51168e-05         4.2526e-06             101325           0.169313         4.2526e-06            2003.35                  0                  1        2.73368e-05            29.2372        1.67755e-05        9.17674e-07        7.74973e-05           0.044402          0.0010318           0.099554        1.19032e-06        9.57503e-19        6.70364e-20        2.26588e-17        4.95881e-17         0.00053507           0.121621        5.02627e-12        5.47634e-14        7.57686e-20            0.73276
