# Time 0.00027
# eta = 0.002
# length = 0.000795357
#--- 	  	 LEM Line data  --- 
#(1) wafer              (2) x             (3) dx              (4) m              (5) p            (6) rho              (7) m              (8) T              (9) Z             (10) C          (11) dCdt       (12) heatRel                  (13) Y_H2                  (14) Y_H                  (15) Y_O                  (16) Y_O2                  (17) Y_OH                  (18) Y_H2O                  (19) Y_HO2                  (20) Y_CH2                  (21) Y_CH2(S)                  (22) Y_CH3                  (23) Y_CH4                  (24) Y_CO                  (25) Y_CO2                  (26) Y_HCO                  (27) Y_CH2O                  (28) Y_CH2OH                  (29) Y_N2
0        1.25584e-05        2.51169e-05        2.84225e-05             101325            1.13161        2.84225e-05            300.011                  0                  0                  0                  0        2.39516e-10        7.74512e-19        2.54796e-12           0.222597        1.76676e-12        4.94993e-07        7.21453e-10         3.9725e-19        2.05319e-20        4.04555e-09          0.0446418         6.9659e-09        5.92554e-07        2.55183e-19        1.12888e-09        4.43974e-23            0.73276
1        3.76753e-05        2.51169e-05        2.84216e-05             101325            1.13157        2.84216e-05            300.021                  0        5.11847e-06        1.36137e-07           0.109307        4.79394e-10         2.3558e-18        3.94727e-12           0.222596        2.88539e-12         9.6118e-07        1.36312e-09        1.28101e-18        6.62966e-20        7.90299e-09          0.0446416        1.39046e-08         1.1501e-06         8.2517e-19        2.25826e-09        1.43389e-22            0.73276
2        6.27922e-05        2.51169e-05        2.84192e-05             101325            1.13148        2.84192e-05            300.046                  0        9.72703e-06        2.16945e-07           0.182785        1.10175e-09        8.74485e-18        6.51084e-12           0.222594        5.13534e-12         2.1306e-06        2.92328e-09        5.11876e-18        2.64794e-19        1.76424e-08          0.0446411        3.18697e-08        2.54792e-06         3.3089e-18        5.18329e-09        5.73154e-22            0.73276
3         8.7909e-05        2.51169e-05        2.84138e-05             101325            1.13127        2.84138e-05            300.102                  0         2.1621e-05        3.88013e-07           0.364933          2.573e-09        3.21352e-17        1.06442e-11            0.22259        9.19581e-12        4.79338e-06        6.35669e-09         2.0471e-17        1.05771e-18        3.99739e-08          0.0446399         7.4276e-08        5.72867e-06        1.32847e-17        1.20782e-08        2.29385e-21            0.73276
4        0.000113026        2.51169e-05        2.84022e-05             101325             1.1308        2.84022e-05            300.225                  0         4.8637e-05        6.98334e-07            0.81415        5.89403e-09        1.08724e-16        1.64299e-11           0.222579        1.58355e-11        1.05481e-05        1.34928e-08        7.65716e-17        3.95871e-18        8.86155e-08          0.0446373        1.69915e-07        1.25974e-05        4.99092e-17        2.75753e-08        8.61263e-21            0.73276
5        0.000138143        2.51169e-05        2.83782e-05             101325            1.12985        2.83782e-05            300.479                  0        0.000106946        1.21433e-06             2.0474        1.31485e-08        3.29479e-16        2.33147e-11           0.222558        2.57939e-11        2.25129e-05        2.76986e-08        2.62718e-16        1.36049e-17        1.90617e-07          0.0446318        3.78845e-07        2.68645e-05        1.72195e-16        6.12258e-08        2.97816e-20            0.73276
6         0.00016326        2.51169e-05        2.83303e-05             101325            1.12794        2.83303e-05            300.987                  0        0.000228034        2.01881e-06            5.83004        2.85149e-08        8.77613e-16        2.97378e-11           0.222516        3.94123e-11        4.64777e-05        5.48265e-08        8.19388e-16        4.25276e-17        3.96841e-07          0.0446209         8.2202e-07         5.5407e-05        5.41281e-16        1.31934e-07        9.41879e-20            0.73276
7        0.000188376        2.51169e-05        2.82387e-05             101325            1.12429        2.82387e-05            301.963                  0        0.000470266        3.21238e-06            18.1231        6.00715e-08        2.01494e-15        3.32348e-11           0.222434        5.62507e-11        9.26563e-05        1.04459e-07        2.30863e-15        1.20343e-16         7.9832e-07          0.0445999        1.73495e-06        0.000110326        1.54263e-15        2.75608e-07        2.72347e-19            0.73276
8        0.000213493        2.51169e-05        2.80713e-05             101325            1.11763        2.80713e-05            303.763                  0        0.000936407         4.9403e-06             58.255        1.22842e-07        3.92771e-15        3.15607e-11           0.222284        7.52469e-11        0.000178062        1.91292e-07        5.88834e-15         3.0939e-16        1.54932e-06          0.0445609        3.56058e-06        0.000211712         4.0042e-15         5.5748e-07        7.27971e-19            0.73276
9         0.00023861        2.51169e-05        2.77811e-05             101325            1.10607        2.77811e-05            306.936                  0         0.00179727        7.49374e-06            185.422        2.43611e-07        6.53779e-15        2.46009e-11           0.222017        9.63227e-11        0.000329198         3.3631e-07        1.38647e-14        7.38745e-16        2.89533e-06          0.0444919        7.10157e-06        0.000390707        9.69165e-15         1.0903e-06         1.8617e-18            0.73276
10        0.000263727        2.51169e-05        2.73069e-05             101325            1.08719        2.73069e-05            312.264                  0         0.00331828        1.16064e-05             567.94        4.67918e-07        1.00215e-14         1.5245e-11           0.221567        1.24595e-10        0.000584158        5.67308e-07        3.17595e-14        1.73193e-15        5.19896e-06          0.0443754        1.37539e-05        0.000691746        2.31821e-14        2.05802e-06        4.90763e-18            0.73276
11        0.000288844        2.51169e-05        2.65842e-05             101325            1.05842        2.65842e-05             320.75                  0         0.00587967        1.94324e-05            1640.56        8.69078e-07        1.75469e-14        7.37326e-12           0.220847        1.77523e-10        0.000992506        9.18713e-07        7.65578e-14        4.32644e-15        8.94996e-06          0.0441885        2.58344e-05         0.00117197        5.96276e-14        3.74131e-06        1.47762e-17            0.73276
12        0.000313961        2.51169e-05        2.55661e-05             101325            1.01789        2.55661e-05            333.516                  0         0.00997372        3.78415e-05            4401.77        1.55801e-06        4.36109e-14        2.80661e-12           0.219757        2.96542e-10         0.00161119         1.4317e-06        2.03816e-13        1.20938e-14        1.47423e-05          0.0439049        4.69865e-05          0.0018957        1.73465e-13        6.53618e-06        5.37342e-17            0.73276
13        0.000339078        2.51169e-05        2.42493e-05             101325            0.96546        2.42493e-05            351.616                  0          0.0161609        8.89792e-05            10871.1         2.6914e-06        1.41984e-13        8.87232e-13             0.2182        5.69734e-10         0.00249612        2.15681e-06        5.83364e-13        3.67294e-14        2.32104e-05          0.0434984        8.26035e-05         0.00292366        5.54424e-13        1.09548e-05        2.26282e-16            0.73276
14        0.000364195        2.51169e-05         2.2687e-05             101325           0.903256         2.2687e-05            375.813                  0          0.0249809        0.000241607            24695.1        4.47524e-06        5.03365e-13        3.20158e-13             0.2161        1.18168e-09         0.00369206        3.16076e-06        1.69354e-12        1.13828e-13        3.49416e-05          0.0429476        0.000140165         0.00430016        1.82971e-12        1.76024e-05         1.0156e-15            0.73276
15        0.000389311        2.51169e-05        2.09766e-05             101325           0.835162        2.09766e-05            406.427                  0          0.0368454        0.000699789            52011.7        7.16216e-06        1.76437e-12         4.2641e-13           0.213413        2.50816e-09         0.00522537        4.53657e-06         4.7788e-12         3.4309e-13         5.0399e-05          0.0422392        0.000229385          0.0060441        5.94778e-12        2.71343e-05        4.53621e-15            0.73276
16        0.000414428        2.51169e-05        1.92291e-05             101325           0.765585        1.92291e-05            443.318                  0          0.0519604         0.00203529             103067        1.10433e-05        5.88294e-12        1.55422e-12           0.210131        5.25441e-09         0.00710281        6.41349e-06        1.27933e-11        9.76329e-13        6.98899e-05          0.0413686        0.000362121         0.00814765        1.85069e-11        4.02092e-05        1.92614e-14            0.73276
17        0.000439545        2.51169e-05        1.75379e-05             101325           0.698252        1.75379e-05            485.998                  0          0.0703137         0.00571921             195540        1.64372e-05        1.84458e-11        6.50099e-12           0.206276        1.05954e-08         0.00931602        8.96419e-06        3.20585e-11        2.57736e-12        9.35803e-05          0.0403379        0.000552089           0.010582        5.42377e-11        5.74503e-05        7.58164e-14            0.73276
18        0.000464662        2.51169e-05        1.59645e-05             101325            0.63561        1.59645e-05            533.792                  0          0.0917242          0.0151277             360615        2.36792e-05        5.49262e-11        2.74329e-11           0.201881        2.02585e-08          0.0118483        1.24088e-05         7.4898e-11        6.27008e-12         0.00012154          0.0391529        0.000814476          0.0133062        1.48956e-10        7.94188e-05        2.75216e-13            0.73276
19        0.000489779        2.51169e-05         1.4539e-05             101325           0.578853         1.4539e-05            585.982                  0           0.115918          0.0370721             652686        3.31109e-05        1.58701e-10        1.14495e-10           0.196987        3.65896e-08          0.0146811         1.7017e-05        1.64341e-10        1.41352e-11        0.000153793          0.0378205         0.00116552          0.0162755         3.8558e-10        0.000106596        9.33393e-13            0.73276
20        0.000514896        2.51169e-05        1.32679e-05             101325           0.528247        1.32679e-05             641.91                  0           0.142596          0.0838025        1.16463e+06        4.50729e-05        4.53761e-10        4.66348e-10           0.191629        6.29611e-08          0.0177981        2.31084e-05        3.45767e-10        3.00954e-11        0.000190365          0.0363464         0.00162209          0.0194468        9.54605e-10        0.000139369        3.03277e-12            0.73276
21        0.000540013        2.51169e-05         1.2144e-05             101325             0.4835         1.2144e-05            701.031                  0           0.171484           0.176227        2.05743e+06        5.98966e-05        1.29182e-09        1.82832e-09           0.185835        1.05585e-07          0.0211872        3.10489e-05        7.22513e-10        6.25565e-11        0.000231315          0.0347343         0.00220131          0.0227824         2.3055e-09        0.000178016        9.68814e-12            0.73276
22        0.000565129        2.51169e-05        1.11532e-05             101325           0.444051        1.11532e-05            762.927                  0           0.202356           0.352914        3.63254e+06        7.78976e-05        3.63596e-09        6.81053e-09           0.179623        1.79466e-07          0.0248416        4.12386e-05        1.56703e-09        1.32668e-10         0.00027677          0.0329859          0.0029201          0.0262504        5.53938e-09        0.000222689        3.08649e-11            0.73276
23        0.000590246        2.51169e-05        1.02791e-05             101325           0.409251        1.02791e-05            827.302                  0            0.23504            0.70132        6.52278e+06        9.93675e-05         1.0002e-08        2.38688e-08           0.173006        3.25406e-07          0.0287588        5.40817e-05        3.65057e-09        2.98773e-10        0.000326961          0.0311009         0.00379471          0.0298257        1.34204e-08        0.000273411        9.78633e-11            0.73276
24        0.000615363        2.51169e-05        9.50578e-06             101325           0.378462        9.50578e-06            893.965                  0           0.269415            1.46032        1.21844e+07        0.000124566        2.66727e-08        7.83071e-08           0.165987        6.54706e-07          0.0329394        6.99228e-05        9.15647e-09        7.23628e-10        0.000382264          0.0290775          0.0048401          0.0334884        3.28819e-08        0.000330063        3.04946e-10            0.73276
25         0.00064048        2.51169e-05        8.81878e-06             101325            0.35111        8.81878e-06            962.803                  0             0.3054            3.32472         2.4109e+07         0.00015371        6.87872e-08        2.40448e-07           0.158569        1.45934e-06          0.0373855         8.8924e-05        2.40311e-08        1.84581e-09        0.000443238          0.0269135         0.00606918          0.0372233        8.08709e-08        0.000392367         9.2054e-10            0.73276
26        0.000665597        2.51169e-05         8.2056e-06             101325           0.326697         8.2056e-06            1033.75                  0           0.342943             8.2664        5.06644e+07        0.000186952        1.71813e-07        6.93357e-07           0.150754        3.46717e-06           0.042097        0.000110838        6.35785e-08        4.78371e-09        0.000510559          0.0246074          0.0074915          0.0410177        1.96957e-07         0.00045983        2.66169e-09           0.732759
27        0.000690714        2.51169e-05        7.65588e-06             101325            0.30481        7.65588e-06            1106.77                  0           0.381989            21.5485        1.11369e+08        0.000224368         4.1658e-07        1.88752e-06           0.142548        8.39909e-06          0.0470716        0.000134655         1.6473e-07        1.22142e-08         0.00058471          0.0221591         0.00911271          0.0448626        4.68311e-07        0.000531648        7.31775e-09           0.732759
28        0.000715831        2.51169e-05        7.16119e-06             101325           0.285115        7.16119e-06            1181.76                  0           0.422492            56.2002        2.49776e+08        0.000265942        9.80579e-07        4.87601e-06           0.133955        2.01055e-05          0.0523044        0.000158114        4.10453e-07        3.01086e-08        0.000665026          0.0195704          0.0109342          0.0487543        1.07412e-06        0.000606466        1.90397e-08           0.732759
29        0.000740948        2.51169e-05        6.71501e-06             101325           0.267351        6.71501e-06            1258.54                  0           0.464418            141.775         5.5713e+08        0.000311435        2.23199e-06        1.19896e-05           0.124986        4.66623e-05          0.0577799        0.000177316        9.71194e-07        7.06614e-08        0.000747412          0.0168501          0.0129497          0.0526932        2.35023e-06         0.00068171         4.6649e-08           0.732759
30        0.000766064        2.51169e-05        6.31293e-06             101325           0.251342        6.31293e-06            1336.64                  0           0.507693            338.086        1.20683e+09        0.000360078        4.87224e-06        2.80639e-05           0.115679        0.000103654          0.0634559        0.000187127         2.1534e-06        1.55695e-07        0.000820456          0.0140245          0.0151371           0.056681        4.84076e-06        0.000752227        1.06682e-07           0.732758
31        0.000791181        2.51169e-05        5.95307e-06             101325           0.237015        5.95307e-06            1415.07                  0           0.552107            747.096        2.47796e+09        0.000409907        1.00704e-05        6.23333e-05           0.106127        0.000217791          0.0692363        0.000183167        4.38242e-06        3.15455e-07         0.00086131           0.011155          0.0174397          0.0607183        9.20088e-06        0.000807823        2.23674e-07           0.732757
32        0.000816298        2.51169e-05        5.63685e-06             101325           0.224425        5.63685e-06             1491.8                  0           0.597151            1494.73        4.68612e+09        0.000456588        1.93508e-05        0.000130472          0.0965325        0.000426813          0.0749301        0.000164572        7.89321e-06        5.67101e-07        0.000837706         0.00836006          0.0197306          0.0648004        1.56414e-05        0.000830072        4.15182e-07           0.732757
33        0.000841415        2.51169e-05         5.3692e-06             101325           0.213769         5.3692e-06            1563.44                  0           0.641791            2627.58        7.86083e+09        0.000492304        3.37562e-05        0.000254334          0.0872801        0.000766934           0.080223        0.000135001        1.18783e-05        8.55432e-07        0.000727284          0.0058233          0.0217691          0.0689101        2.27476e-05        0.000793217         6.4435e-07           0.732756
34        0.000866532        2.51169e-05        5.15613e-06             101325           0.205285        5.15613e-06            1625.65                  0           0.684304            3923.32        1.11585e+10        0.000507396        5.22381e-05        0.000453411          0.0789152         0.00124243            0.08473        0.000101346        1.40517e-05        1.02055e-06        0.000549604         0.00374691          0.0232144           0.073008         2.7032e-05        0.000681083        7.86913e-07           0.732756
35        0.000891649        2.51169e-05         4.9986e-06             101325           0.199014         4.9986e-06            1675.25                  0            0.72259            4863.11        1.28613e+10        0.000497708        7.11832e-05        0.000722961           0.071937          0.0017987          0.0881718        7.08184e-05        1.29229e-05        9.51683e-07        0.000364384         0.00224456          0.0237876          0.0770215        2.58284e-05        0.000515527         7.4784e-07           0.732757
36        0.000916766        2.51169e-05        4.88847e-06             101325           0.194629        4.88847e-06            1712.33                  0           0.755141            5039.76         1.2011e+10         0.00047039        8.68791e-05         0.00101927           0.066534         0.00234237          0.0905353        4.76447e-05        9.75918e-06        7.30286e-07        0.000219876         0.00127614          0.0234778          0.0808528        2.04916e-05          0.0003487        5.82729e-07           0.732757
37        0.000941882        2.51169e-05        4.81226e-06             101325           0.191595        4.81226e-06            1739.63                  0           0.781806            4540.05        9.50576e+09        0.000437686        9.77764e-05         0.00128579          0.0625499         0.00280014          0.0920329        3.21792e-05        6.51159e-06        4.94692e-07        0.000125723        0.000702998          0.0225232          0.0844136        1.42848e-05        0.000218013        3.99536e-07           0.732758
38        0.000966999        2.51169e-05        4.75757e-06             101325           0.189417        4.75757e-06            1760.37                  0            0.80346            3747.73        6.77749e+09        0.000407945        0.000104141          0.0014887          0.0596605         0.00314745          0.0929412        2.26298e-05        4.06136e-06        3.12543e-07        7.00266e-05        0.000381007          0.0212193          0.0876541        9.20715e-06        0.000130122        2.54795e-07           0.732759
39        0.000992116        2.51169e-05         4.7158e-06             101325           0.187754         4.7158e-06            1777.04                  0           0.821246            2966.61        4.60149e+09        0.000383865        0.000106886         0.00162234          0.0575432         0.00339386          0.0934904        1.69381e-05        2.44735e-06        1.90329e-07        3.85829e-05        0.000205087          0.0197905          0.0905645        5.67563e-06        7.57595e-05        1.56297e-07           0.732759
40         0.00101723        2.51169e-05        4.68178e-06             101325             0.1864        4.68178e-06            1791.21                  0           0.836149            2320.54        3.10854e+09        0.000364949        0.000106933         0.00169641          0.0559488         0.00356042          0.0938374        1.35595e-05        1.45034e-06         1.1375e-07        2.12049e-05        0.000110258          0.0183702          0.0931613         3.4132e-06        4.35775e-05        9.39514e-08            0.73276
41         0.00104235        2.51169e-05         4.6526e-06             101325           0.185238         4.6526e-06            1803.77                  0           0.848901            1823.39        2.15685e+09        0.000349713        0.000105036         0.00172471          0.0547054         0.00366757          0.0940783        1.15119e-05         8.5348e-07        6.73869e-08        1.16809e-05        5.94092e-05          0.0170253          0.0954734        2.02578e-06        2.49485e-05         5.5916e-08            0.73276
42         0.00106747        2.51169e-05        4.62662e-06             101325           0.184204        4.62662e-06            1815.25                  0           0.860015            1449.31        1.56593e+09         0.00033673        0.000101771         0.00171989          0.0537006         0.00373131          0.0942679        1.02164e-05        5.01487e-07        3.97977e-08        6.46856e-06        3.21546e-05          0.0157828          0.0975339        1.19507e-06        1.42795e-05        3.31457e-08            0.73276
43         0.00109258        2.51169e-05        4.60295e-06             101325           0.183261        4.60295e-06            1825.93                  0           0.869852            1166.94        1.19605e+09        0.000324941        9.75688e-05         0.00169189          0.0528623         0.00376324          0.0944365        9.34435e-06        2.95166e-07        2.35106e-08          3.608e-06        1.75086e-05          0.0146484          0.0993751        7.04094e-07        8.19334e-06        1.96383e-08            0.73276
44          0.0011177        2.51169e-05        4.58106e-06             101325            0.18239        4.58106e-06            1835.97                  0           0.878668            950.527        9.56296e+08        0.000313658        9.27522e-05         0.00164806           0.052144         0.00377147          0.0945993        8.71183e-06        1.74359e-07        1.39213e-08        2.02964e-06        9.60204e-06          0.0136176           0.101027         4.1579e-07        4.72103e-06        1.16543e-08            0.73276
45         0.00114282        2.51169e-05        4.56063e-06             101325           0.181576        4.56063e-06            1845.47                  0           0.886652            781.418        7.92235e+08        0.000302486        8.75617e-05         0.00159363          0.0515154         0.00376165          0.0947635        8.21678e-06        1.03485e-07        8.27241e-09         1.1525e-06        5.30818e-06           0.012681           0.102516        2.46883e-07        2.73473e-06        6.93648e-09            0.73276
46         0.00116793        2.51169e-05        4.54146e-06             101325           0.180813        4.54146e-06            1854.49                  0           0.893943            646.763          6.727e+08        0.000291227        8.21778e-05         0.00153232          0.0509562         0.00373776          0.0949321        7.80243e-06          6.175e-08        4.93675e-09        6.60957e-07        2.95986e-06          0.0118282           0.103866        1.47859e-07        1.59364e-06        4.14376e-09            0.73276
47         0.00119305        2.51169e-05        4.52342e-06             101325           0.180095        4.52342e-06            1863.09                  0           0.900652            537.804        5.80214e+08        0.000279809        7.67355e-05         0.00146674          0.0504523         0.00370264          0.0951055        7.43699e-06        3.70557e-08        2.95996e-09        3.82958e-07        1.66552e-06          0.0110488           0.105096        8.96267e-08        9.34619e-07        2.48571e-09           0.732761
48         0.00121817        2.51169e-05        4.50638e-06             101325           0.179417        4.50638e-06            1871.29                  0           0.906864            448.509         5.0504e+08        0.000268233        7.13358e-05         0.00139877          0.0499939          0.0036584          0.0952829        7.10255e-06        2.23657e-08        1.78347e-09        2.24198e-07        9.46083e-07          0.0103335           0.106223        5.52003e-08        5.51749e-07        1.49768e-09           0.732761
49         0.00124328        2.51169e-05        4.49028e-06             101325           0.178776        4.49028e-06            1879.11                  0           0.912646            374.635        4.41706e+08        0.000256542        6.60535e-05         0.00132977          0.0495737         0.00360664          0.0954634        6.78887e-06        1.35774e-08        1.08001e-09        1.32618e-07        5.42646e-07         0.00967399           0.107261        3.46908e-08        3.27905e-07        9.06486e-10           0.732761
50          0.0012684        2.51169e-05        4.47505e-06             101325           0.178169        4.47505e-06            1886.58                  0           0.918053            313.107        3.87067e+08        0.000244797        6.09433e-05         0.00126073          0.0491863         0.00354861          0.0956457        6.49005e-06        8.28957e-09        6.57338e-10        7.92531e-08        3.14325e-07         0.00906325           0.108222         2.2344e-08        1.96182e-07        5.51203e-10           0.732761
51         0.00129352        2.51169e-05        4.46063e-06             101325           0.177595        4.46063e-06            1893.71                  0           0.923131            261.629        3.39243e+08        0.000233068         5.6044e-05         0.00119238          0.0488274         0.00348531          0.0958283        6.20265e-06        5.08969e-09        4.02125e-10        4.78392e-08        1.83886e-07         0.00849533           0.109115        1.48083e-08        1.18158e-07        3.36739e-10           0.732761
52         0.00131864        2.51169e-05        4.44698e-06             101325           0.177051        4.44698e-06            1900.52                  0           0.927913            218.436        2.97043e+08        0.000221421        5.13824e-05         0.00112527          0.0484939         0.00341758          0.0960103        5.92467e-06        3.14239e-09        2.47259e-10        2.91612e-08        1.08651e-07         0.00796527           0.109948        1.01274e-08        7.16367e-08        2.06693e-10           0.732761
53         0.00134375        2.51169e-05        4.43404e-06             101325           0.176536        4.43404e-06            1907.01                  0            0.93243            182.138        2.59657e+08        0.000209921        4.69757e-05          0.0010598          0.0481832         0.00334614          0.0961905        5.65497e-06        1.95079e-09        1.52818e-10        1.79462e-08         6.4838e-08         0.00746897           0.110728        7.15544e-09        4.37181e-08        1.27479e-10           0.732761
54         0.00136887        2.51169e-05        4.42179e-06             101325           0.176049        4.42179e-06            1913.21                  0           0.936705            151.615         2.2649e+08        0.000198623        4.28336e-05        0.000996293          0.0478931         0.00327161          0.0963682        5.39293e-06        1.21768e-09        9.49403e-11        1.11476e-08        3.90764e-08         0.00700304            0.11146         5.2183e-09        2.68554e-08        7.90071e-11           0.732761
55         0.00139399        2.51169e-05         4.4102e-06             101325           0.175587         4.4102e-06            1919.11                  0           0.940758            125.953        1.97073e+08        0.000187577        3.89598e-05         0.00093497           0.047622         0.00319454          0.0965424        5.13826e-06        7.64235e-10        5.92949e-11        6.98782e-09        2.37828e-08         0.00656469           0.112149        3.91726e-09        1.66054e-08        4.92108e-11           0.732761
56          0.0014191        2.51169e-05        4.39923e-06             101325            0.17515        4.39923e-06            1924.74                  0           0.944603            104.396        1.71014e+08        0.000176827        3.53536e-05        0.000876001          0.0473685         0.00311542          0.0967127        4.89089e-06        4.82299e-10        3.72327e-11        4.41953e-09        1.46168e-08         0.00615163           0.112798        3.01468e-09        1.03357e-08        3.08095e-11           0.732761
57         0.00144422        2.51169e-05        4.38886e-06             101325           0.174737        4.38886e-06            1930.08                  0           0.948253            86.3105        1.47975e+08        0.000166407        3.20106e-05        0.000819504          0.0471313         0.00303472          0.0968785        4.65088e-06        3.06084e-10        2.35091e-11        2.81985e-09         9.0712e-09         0.00576198            0.11341         2.3676e-09        6.47655e-09        1.93917e-11           0.732761
58         0.00146934        2.51169e-05        4.37906e-06             101325           0.174347        4.37906e-06            1935.17                  0            0.95172            71.1658        1.27655e+08        0.000156347        2.89236e-05        0.000765561          0.0469096         0.00295286          0.0970394        4.41839e-06        1.95368e-10        1.49289e-11        1.81492e-09        5.68444e-09         0.00539418           0.113988          1.889e-09        4.08621e-09        1.22728e-11           0.732761
59         0.00149445        2.51169e-05         4.3698e-06             101325           0.173979         4.3698e-06            1939.99                  0           0.955012            58.5125        1.09781e+08        0.000146671        2.60836e-05        0.000714217          0.0467023         0.00287022          0.0971951        4.19365e-06        1.25437e-10         9.5366e-12         1.1783e-09        3.59683e-09         0.00504691           0.114534          1.525e-09        2.59629e-09         7.8122e-12           0.732761
60         0.00151957        2.51169e-05        4.36108e-06             101325           0.173632        4.36108e-06            1944.56                  0           0.958136            47.9696        9.41086e+07        0.000137396          2.348e-05        0.000665495          0.0465088         0.00278718          0.0973453        3.97692e-06          8.103e-11        6.12957e-12        7.71648e-10        2.29812e-09         0.00471909           0.115049        1.24162e-09        1.66165e-09        5.00286e-12           0.732761
61         0.00154469        2.51169e-05        4.35286e-06             101325           0.173304        4.35286e-06            1948.89                  0           0.961099            39.2127        8.04102e+07        0.000128537        2.11011e-05        0.000619393          0.0463284         0.00270407          0.0974897        3.76848e-06        5.26755e-11        3.96507e-12        5.09766e-10        1.48275e-09         0.00440976           0.115535        1.01689e-09        1.07151e-09        3.22405e-12           0.732761
62          0.0015698        2.51169e-05        4.34513e-06             101325           0.172997        4.34513e-06            1952.98                  0           0.963907            31.9654        6.84796e+07        0.000120101        1.89344e-05        0.000575891          0.0461604         0.00262124          0.0976284        3.56861e-06        3.44685e-11         2.5821e-12        3.39738e-10        9.66127e-10         0.00411811           0.115993        8.36137e-10        6.96388e-10        2.09149e-12           0.732761
63         0.00159492        2.51169e-05        4.33787e-06             101325           0.172708        4.33787e-06            1956.84                  0           0.966563            25.9915        5.81276e+07        0.000112095        1.69671e-05        0.000534955          0.0460042         0.00253898          0.0977611        3.37757e-06        2.27093e-11        1.69326e-12        2.28447e-10        6.35791e-10         0.00384341           0.116424         6.8929e-10        4.56301e-10        1.36621e-12           0.732761
64         0.00162004        2.51169e-05        4.33106e-06             101325           0.172436        4.33106e-06            1960.47                  0           0.969075            21.0894         4.9181e+07        0.000104519        1.51863e-05        0.000496535          0.0458593          0.0024576          0.0978878        3.19561e-06        1.50686e-11        1.11849e-12        1.55006e-10        4.22626e-10         0.00358498            0.11683        5.69157e-10        3.01541e-10        8.98934e-13           0.732761
65         0.00164515        2.51169e-05        4.32468e-06             101325           0.172182        4.32468e-06            1963.88                  0           0.971444            17.0867        4.14817e+07        9.73732e-05         1.3579e-05        0.000460573          0.0457251         0.00237738          0.0980085        3.02293e-06         1.0073e-11        7.44443e-13        1.06143e-10          2.838e-10          0.0033422           0.117212        4.70436e-10        2.01045e-10        5.95984e-13           0.732761
66         0.00167027        2.51169e-05        4.31871e-06             101325           0.171945        4.31871e-06            1967.09                  0           0.973677            13.8361        3.48852e+07        9.06518e-05        1.21323e-05        0.000426998          0.0456011         0.00229856          0.0981232        2.85969e-06        6.78573e-12        4.99413e-13        7.33642e-11        1.92549e-10         0.00311447           0.117569        3.89094e-10        1.35288e-10        3.98275e-13           0.732761
67         0.00169539        2.51169e-05        4.31314e-06             101325           0.171723        4.31314e-06            1970.09                  0           0.975777            11.2119        2.92598e+07        8.43485e-05        1.08338e-05        0.000395734          0.0454868         0.00222141           0.098232          2.706e-06        4.60802e-12        3.37796e-13        5.11903e-11        1.32009e-10         0.00290121           0.117904        3.21979e-10        9.19183e-11        2.68363e-13            0.73276
68         0.00172051        2.51169e-05        4.30794e-06             101325           0.171516        4.30794e-06             1972.9                  0           0.977748            9.10686        2.44861e+07        7.84542e-05        9.67134e-06        0.000366696          0.0453816         0.00214614           0.098335        2.56191e-06        3.15538e-12        2.30438e-13        3.60636e-11        9.14663e-11         0.00270187           0.118218        2.66578e-10        6.30797e-11        1.82389e-13            0.73276
69         0.00174562        2.51169e-05        4.30311e-06             101325           0.171324        4.30311e-06            1975.52                  0           0.979595            7.42988        2.04556e+07        7.29578e-05        8.63336e-06        0.000339797          0.0452851         0.00207298          0.0984321        2.42739e-06        2.17944e-12        1.58599e-13        2.56564e-11        6.40587e-11         0.00251587            0.11851        2.20852e-10        4.37404e-11        1.25073e-13            0.73276
70         0.00177074        2.51169e-05        4.29862e-06             101325           0.171145        4.29862e-06            1977.96                  0           0.981323            6.10358        1.70701e+07        6.78467e-05        7.70877e-06        0.000314941          0.0451967          0.0020021          0.0985235        2.30237e-06        1.51892e-12        1.10162e-13        1.84345e-11        4.53542e-11         0.00234266           0.118782        1.83129e-10        3.06577e-11        8.65691e-14            0.73276
71         0.00179586        2.51169e-05        4.29446e-06             101325           0.170979        4.29446e-06            1980.23                  0           0.982935             5.0625        1.42416e+07         6.3107e-05         6.8871e-06        0.000292033          0.0451159         0.00193368          0.0986095        2.18671e-06        1.06848e-12        7.72486e-14        1.33797e-11        3.24673e-11         0.00218168           0.119035        1.52029e-10        2.17278e-11        6.04989e-14            0.73276
72         0.00182097        2.51169e-05         4.2906e-06             101325           0.170826         4.2906e-06            1982.34                  0           0.984437            4.25148        1.18907e+07        5.87233e-05        6.15851e-06        0.000270973          0.0450423         0.00186788            0.09869        2.08017e-06        7.58904e-13        5.47051e-14        9.81089e-12        2.35034e-11         0.00203236           0.119269        1.26409e-10        1.55763e-11        4.27042e-14            0.73276
73         0.00184609        2.51169e-05        4.28704e-06             101325           0.170684        4.28704e-06            1984.28                  0           0.985833            3.62421        9.94669e+06        5.46796e-05        5.51377e-06         0.00025166          0.0449753         0.00180481          0.0987653        1.98251e-06        5.44437e-13        3.91375e-14        7.26926e-12        1.72086e-11         0.00189414           0.119486        1.05315e-10        1.12987e-11        3.04571e-14            0.73276
74         0.00187121        2.51169e-05        4.28376e-06             101325           0.170553        4.28376e-06            1986.08                  0           0.987128            3.14209        8.34689e+06        5.09592e-05        4.94434e-06        0.000233992          0.0449145         0.00174459          0.0988355        1.89338e-06         3.9465e-13        2.82975e-14         5.4434e-12        1.27457e-11         0.00176647           0.119687        8.79569e-11        8.29567e-12        2.19566e-14            0.73276
75         0.00189632        2.51169e-05        4.28074e-06             101325           0.170433        4.28074e-06            1987.74                  0           0.988326            2.77308        7.03593e+06         4.7545e-05        4.44232e-06        0.000217869          0.0448594         0.00168729          0.0989008         1.8124e-06        2.89167e-13        2.06851e-14        4.12038e-12        9.55149e-12         0.00164877           0.119872        7.36778e-11        6.16702e-12        1.60055e-14            0.73276
76         0.00192144        2.51169e-05        4.27797e-06             101325           0.170323        4.27797e-06            1989.27                  0           0.989432            2.49084        5.96533e+06        4.44195e-05        4.00043e-06         0.00020319          0.0448097         0.00163297          0.0989614        1.73917e-06        2.14258e-13        1.52932e-14        3.15345e-12        7.24367e-12          0.0015405           0.120042        6.19323e-11        4.64334e-12        1.18026e-14            0.73276
77         0.00194656        2.51169e-05        4.27543e-06             101325           0.170221        4.27543e-06            1990.67                  0           0.990452             2.2739        5.09304e+06        4.15652e-05        3.61205e-06        0.000189857          0.0447648         0.00158167          0.0990175        1.67323e-06        1.60607e-13        1.14407e-14        2.44074e-12         5.5606e-12         0.00144112           0.120198        5.22689e-11        3.54195e-12         8.8079e-15            0.73276
78         0.00197167        2.51169e-05         4.2731e-06             101325           0.170129         4.2731e-06            1991.95                  0           0.991389            2.10499        4.38286e+06        3.89649e-05        3.27112e-06        0.000177773          0.0447244         0.00153339          0.0990694        1.61411e-06        1.21847e-13        8.66375e-15        1.91095e-12        4.32174e-12         0.00135007           0.120341        4.43144e-11        2.73793e-12        6.65488e-15            0.73276
79         0.00199679        2.51169e-05        4.27098e-06             101325           0.170044        4.27098e-06            1993.12                  0            0.99225            1.97035        3.80399e+06        3.66014e-05         2.9722e-06        0.000166844          0.0446881         0.00148812          0.0991171        1.56133e-06        9.35992e-14         6.6441e-15        1.51382e-12        3.40143e-12         0.00126685           0.120472        3.77616e-11        2.14516e-12        5.09282e-15            0.73276
80         0.00202191        2.51169e-05        4.26905e-06             101325           0.169967        4.26905e-06            1994.19                  0           0.993037            1.85929        3.33046e+06         3.4458e-05        2.71035e-06        0.000156981          0.0446556         0.00144583           0.099161        1.51438e-06        7.28287e-14        5.16184e-15        1.21363e-12        2.71148e-12         0.00119093           0.120591        3.23574e-11        1.70381e-12        3.94899e-15            0.73276
81         0.00204702        2.51169e-05        4.26729e-06             101325           0.169898        4.26729e-06            1995.17                  0           0.993756            1.76363         2.9407e+06        3.25186e-05        2.48118e-06        0.000148098          0.0446264         0.00140647          0.0992012        1.47278e-06        5.74168e-14        4.06388e-15         9.8481e-13        2.18947e-12         0.00112182           0.120699        2.78942e-11        1.37191e-12         3.1035e-15            0.73276
82         0.00207214        2.51169e-05         4.2657e-06             101325           0.169834         4.2657e-06            1996.05                  0           0.994412            1.67731        2.61698e+06        3.07675e-05        2.28073e-06        0.000140113          0.0446003         0.00136997          0.0992379        1.43605e-06        4.58736e-14        3.24283e-15        8.08885e-13        1.79084e-12         0.00105904           0.120798        2.42021e-11        1.11981e-12        2.47247e-15            0.73276
83         0.00209726        2.51169e-05        4.26426e-06             101325           0.169777        4.26426e-06            1996.85                  0           0.995008              1.596        2.34495e+06        2.91898e-05        2.10551e-06        0.000132948           0.044577         0.00133622          0.0992715        1.40373e-06         3.7144e-14        2.62279e-15        6.72432e-13        1.48353e-12         0.00100213           0.120887         2.1142e-11        9.26378e-13        1.99678e-15            0.73276
84         0.00212238        2.51169e-05        4.26296e-06             101325           0.169725        4.26296e-06            1997.57                  0           0.995549            1.51679        2.11318e+06        2.77713e-05        1.95241e-06        0.000126531          0.0445563         0.00130515          0.0993019        1.37538e-06        3.04751e-14        2.14974e-15        5.65616e-13        1.24427e-12        0.000950645           0.120968        1.86002e-11        7.76422e-13        1.63446e-15            0.73276
85         0.00214749        2.51169e-05        4.26178e-06             101325           0.169678        4.26178e-06            1998.23                  0           0.996039            1.43787        1.91269e+06        2.64984e-05        1.81868e-06        0.000120794          0.0445378         0.00127662          0.0993296        1.35057e-06        2.53261e-14        1.78493e-15        4.81177e-13        1.05605e-12        0.000904166           0.121041         1.6484e-11        6.58938e-13        1.35546e-15            0.73276
86         0.00217261        2.51169e-05        4.26073e-06             101325           0.169636        4.26073e-06            1998.81                  0           0.996482             1.3583        1.73655e+06        2.53586e-05         1.7019e-06        0.000115673          0.0445214         0.00125053          0.0993546        1.32891e-06        2.13057e-14        1.50038e-15        4.13725e-13        9.06352e-13        0.000862292           0.121107        1.47178e-11        5.65891e-13        1.13815e-15            0.73276
87         0.00219773        2.51169e-05        4.25978e-06             101325           0.169598        4.25978e-06            1999.34                  0           0.996881            1.27778        1.57951e+06        2.43399e-05        1.59996e-06        0.000111109          0.0445068         0.00122674          0.0993772        1.31006e-06        1.81288e-14        1.27576e-15        3.59234e-13        7.85872e-13        0.000824645           0.121166          1.324e-11        4.91369e-13        9.66829e-16            0.73276
88         0.00222284        2.51169e-05        4.25893e-06             101325           0.169565        4.25893e-06            1999.81                  0           0.997239            1.19645        1.43769e+06        2.34311e-05        1.51098e-06        0.000107048          0.0444939         0.00120512          0.0993976        1.29367e-06        1.55867e-14        1.09618e-15         3.1468e-13        6.87687e-13        0.000790867           0.121219        1.20002e-11        4.30993e-13        8.30029e-16            0.73276
89         0.00224796        2.51169e-05        4.25817e-06             101325           0.169534        4.25817e-06            2000.24                  0           0.997562            1.11479        1.30825e+06        2.26219e-05        1.43334e-06         0.00010344          0.0444825         0.00118553          0.0994159        1.27945e-06        1.35256e-14         9.5071e-16        2.77783e-13        6.06606e-13        0.000760622           0.121267        1.09574e-11        3.81502e-13         7.1933e-16            0.73276
90         0.00227308        2.51169e-05         4.2575e-06             101325           0.169508         4.2575e-06            2000.61                  0            0.99785            1.03343        1.18917e+06        2.19028e-05        1.36559e-06         0.00010024          0.0444724         0.00116783          0.0994323        1.26713e-06        1.18317e-14        8.31245e-16        2.46819e-13        5.38724e-13        0.000733596           0.121309         1.0078e-11        3.40448e-13        6.28517e-16            0.73276
91         0.00229819        2.51169e-05         4.2569e-06             101325           0.169484         4.2569e-06            2000.95                  0           0.998108           0.953099        1.07905e+06        2.12649e-05         1.3065e-06        9.74059e-05          0.0444635          0.0011519          0.0994469        1.25646e-06        1.04203e-14        7.31776e-16        2.20481e-13        4.81098e-13        0.000709495           0.121347        9.33455e-12        3.05989e-13        5.52979e-16            0.73276
92         0.00232331        2.51169e-05        4.25636e-06             101325           0.169462        4.25636e-06            2001.25                  0           0.998338           0.874514             976910           2.07e-05        1.25496e-06        9.48994e-05          0.0444556          0.0011376            0.09946        1.24725e-06        9.22828e-15         6.4782e-16        1.97781e-13        4.31504e-13        0.000688046           0.121381        8.70458e-12        2.76731e-13        4.89281e-16            0.73276
93         0.00234843        2.51169e-05        4.25589e-06             101325           0.169443        4.25589e-06            2001.51                  0           0.998543           0.798365             882094        2.02007e-05        1.21004e-06        9.26861e-05          0.0444487         0.00112479          0.0994716        1.23929e-06        8.20826e-15        5.76027e-16        1.77966e-13        3.88266e-13        0.000668995           0.121411        8.16958e-12        2.51614e-13        4.34857e-16            0.73276
94         0.00237354        2.51169e-05        4.25547e-06             101325           0.169427        4.25547e-06            2001.75                  0           0.998725           0.725253             794138        1.97601e-05        1.17089e-06        9.07346e-05          0.0444426         0.00111336          0.0994819        1.23242e-06        7.32478e-15        5.13879e-16         1.6047e-13        3.50118e-13        0.000652107           0.121437         7.7143e-12        2.29832e-13        3.87783e-16            0.73276
95         0.00239866        2.51169e-05         4.2551e-06             101325           0.169412         4.2551e-06            2001.96                  0           0.998886           0.655679             712709        1.93721e-05        1.13679e-06        8.90166e-05          0.0444373         0.00110318          0.0994911        1.22649e-06        6.55115e-15        4.59488e-16        1.44864e-13        3.16107e-13        0.000637168           0.121461        7.32615e-12        2.10767e-13        3.46616e-16            0.73276
96         0.00242378        2.51169e-05        4.25477e-06             101325           0.169399        4.25477e-06            2002.14                  0           0.999028           0.590028             637542        1.90309e-05         1.1071e-06        8.75064e-05          0.0444326         0.00109414          0.0994992        1.22138e-06        5.86721e-15        4.11427e-16        1.30823e-13        2.85517e-13        0.000623978           0.121481         6.9947e-12        1.93946e-13        3.10265e-16            0.73276
97         0.00244889        2.51169e-05        4.25448e-06             101325           0.169388        4.25448e-06             2002.3                  0           0.999154           0.528574             568401        1.87314e-05        1.08127e-06         8.6181e-05          0.0444285         0.00108613          0.0995063        1.21698e-06        5.25774e-15        3.68617e-16        1.18105e-13         2.5781e-13        0.000612356             0.1215        6.71127e-12        1.79004e-13        2.77906e-16            0.73276
98         0.00247401        2.51169e-05        4.25423e-06             101325           0.169378        4.25423e-06            2002.44                  0           0.999265           0.471482             505055         1.8469e-05        1.05881e-06        8.50194e-05          0.0444249         0.00107905          0.0995126        1.21318e-06        4.71114e-15        3.30239e-16        1.06525e-13         2.3258e-13        0.000602135           0.121516        6.46863e-12        1.65658e-13        2.48914e-16            0.73276
99         0.00249913        2.51169e-05        4.25401e-06             101325           0.169369        4.25401e-06            2002.56                  0           0.999362           0.418815             447266        1.82394e-05         1.0393e-06        8.40032e-05          0.0444218         0.00107282          0.0995181        1.20991e-06        4.21855e-15        2.95666e-16        9.59452e-14        2.09524e-13        0.000593163            0.12153        6.26071e-12        1.53687e-13         2.2281e-16            0.73276
100         0.00252424        2.51169e-05        4.25382e-06             101325           0.169361        4.25382e-06            2002.67                  0           0.999448           0.370557             394777         1.8039e-05        1.02236e-06        8.31154e-05          0.0444191         0.00106733           0.099523         1.2071e-06        3.77313e-15        2.64413e-16        8.62582e-14        1.88409e-13        0.000585304           0.121542        6.08241e-12        1.42917e-13        1.99223e-16            0.73276
101         0.00254936        2.51169e-05        4.25365e-06             101325           0.169354        4.25365e-06            2002.77                  0           0.999523           0.326612             347313        1.78642e-05        1.00767e-06        8.23412e-05          0.0444167         0.00106252          0.0995272        1.20468e-06        3.36949e-15          2.361e-16        7.73819e-14        1.69055e-13        0.000578433           0.121553        5.92945e-12         1.3321e-13        1.77864e-16            0.73276
102         0.00257448        2.51169e-05        4.25351e-06             101325           0.169349        4.25351e-06            2002.85                  0           0.999588           0.286831             304581        1.77122e-05        9.94946e-07         8.1667e-05          0.0444146         0.00105831          0.0995309         1.2026e-06        3.00337e-15        2.10425e-16        6.92504e-14        1.51319e-13        0.000572437           0.121562        5.79819e-12        1.24451e-13        1.58502e-16            0.73276
103          0.0025996        2.51169e-05        4.25338e-06             101325           0.169344        4.25338e-06            2002.92                  0           0.999645           0.251017             266276        1.75801e-05        9.83934e-07         8.1081e-05          0.0444128         0.00105464          0.0995341        1.20081e-06        2.67126e-15        1.87141e-16        6.18099e-14        1.35084e-13        0.000567214           0.121571        5.68553e-12        1.16547e-13        1.40949e-16            0.73276
104         0.00262471        2.51169e-05        4.25327e-06             101325           0.169339        4.25327e-06            2002.98                  0           0.999695           0.218942             232084        1.74655e-05        9.74416e-07        8.05724e-05          0.0444113         0.00105144          0.0995369        1.19927e-06        2.37025e-15         1.6604e-16        5.50141e-14        1.20252e-13        0.000562674           0.121578        5.58886e-12         1.0942e-13        1.25046e-16            0.73276
105         0.00264983        2.51169e-05        4.25317e-06             101325           0.169335        4.25317e-06            2003.03                  0           0.999738           0.190354             201687        1.73663e-05        9.66198e-07        8.01318e-05          0.0444099         0.00104865          0.0995394        1.19795e-06        2.09782e-15        1.46946e-16        4.88221e-14        1.06734e-13        0.000558734           0.121584        5.50593e-12           1.03e-13        1.10658e-16            0.73276
106         0.00267495        2.51169e-05        4.25309e-06             101325           0.169332        4.25309e-06            2003.08                  0           0.999776           0.164993             174774        1.72805e-05        9.59112e-07        7.97507e-05          0.0444088         0.00104624          0.0995415        1.19682e-06        1.85173e-15        1.29701e-16        4.31964e-14        9.44476e-14        0.000555322           0.121589        5.43482e-12        9.72275e-14        9.76667e-17            0.73276
107         0.00270006        2.51169e-05        4.25302e-06             101325           0.169329        4.25302e-06            2003.12                  0           0.999808            0.14259             151033        1.72065e-05         9.5301e-07        7.94216e-05          0.0444078         0.00104414          0.0995433        1.19585e-06        1.62998e-15        1.14163e-16        3.81013e-14        8.33176e-14        0.000552373           0.121594        5.37388e-12        9.20482e-14        8.59633e-17            0.73276
108         0.00272518        2.51169e-05        4.25296e-06             101325           0.169327        4.25296e-06            2003.15                  0           0.999836           0.122882             130169        1.71428e-05        9.47764e-07        7.91379e-05          0.0444069         0.00104234          0.0995449        1.19502e-06        1.43069e-15        1.00201e-16        3.35025e-14        7.32692e-14        0.000549828           0.121598        5.32169e-12        8.74124e-14        7.54484e-17            0.73276
109          0.0027503        2.51169e-05        4.25291e-06             101325           0.169325        4.25291e-06            2003.18                  0            0.99986           0.105611             111896         1.7088e-05        9.43258e-07        7.88937e-05          0.0444062         0.00104078          0.0995462        1.19431e-06        1.25213e-15         8.7692e-17        2.93663e-14        6.42299e-14        0.000547636           0.121601        5.27703e-12        8.32742e-14        6.60291e-17            0.73276
110         0.00277541        2.51169e-05        4.25286e-06             101325           0.169323        4.25286e-06            2003.21                  0           0.999881            0.09053            95947.4        1.70409e-05        9.39395e-07         7.8684e-05          0.0444055         0.00103944          0.0995474         1.1937e-06        1.09264e-15        7.65199e-17          2.566e-14        5.61284e-14        0.000545751           0.121604        5.23886e-12        7.95909e-14        5.76174e-17            0.73276
111         0.00280053        2.51169e-05        4.25282e-06             101325           0.169321        4.25282e-06            2003.23                  0           0.999899          0.0774077            82071.9        1.70006e-05        9.36087e-07        7.85042e-05           0.044405         0.00103828          0.0995484        1.19318e-06        9.50656e-16        6.65745e-17        2.23513e-14        4.88947e-14        0.000544134           0.121607        5.20627e-12        7.63224e-14        5.01301e-17            0.73276
112         0.00282565        2.51169e-05        4.25279e-06             101325            0.16932        4.25279e-06            2003.25                  0           0.999914          0.0660274              70038        1.69661e-05         9.3326e-07        7.83502e-05          0.0444045          0.0010373          0.0995492        1.19274e-06        8.24677e-16        5.77508e-17        1.94086e-14        4.24603e-14        0.000542749           0.121609        5.17846e-12         7.3431e-14        4.34878e-17            0.73276
113         0.00285076        2.51169e-05        4.25276e-06             101325           0.169319        4.25276e-06            2003.27                  0           0.999927          0.0561883              59632        1.69366e-05        9.30846e-07        7.82186e-05          0.0444041         0.00103645            0.09955        1.19236e-06        7.13284e-16        4.99492e-17        1.68014e-14        3.67586e-14        0.000541565           0.121611        5.15478e-12        7.08813e-14        3.76153e-17            0.73276
114         0.00287588        2.51169e-05        4.25274e-06             101325           0.169318        4.25274e-06            2003.28                  0           0.999939          0.0477071            50659.4        1.69115e-05        9.28789e-07        7.81063e-05          0.0444038         0.00103573          0.0995506        1.19204e-06        6.15129e-16        4.30749e-17           1.45e-14        3.17252e-14        0.000540554           0.121612        5.13463e-12        6.86403e-14        3.24412e-17            0.73276
115           0.002901        2.51169e-05        4.25272e-06             101325           0.169317        4.25272e-06            2003.29                  0           0.999948          0.0404168            42943.8        1.68901e-05        9.27039e-07        7.80106e-05          0.0444035         0.00103511          0.0995511        1.19177e-06        5.28936e-16        3.70386e-17        1.24761e-14        2.72982e-14        0.000539693           0.121614         5.1175e-12         6.6677e-14         2.7898e-17            0.73276
116         0.00292611        2.51169e-05         4.2527e-06             101325           0.169317         4.2527e-06             2003.3                  0           0.999956          0.0341677              36327        1.68719e-05        9.25552e-07        7.79293e-05          0.0444033         0.00103459          0.0995516        1.19154e-06         4.5351e-16        3.17565e-17        1.07027e-14         2.3419e-14        0.000538961           0.121615        5.10297e-12        6.49626e-14        2.39226e-17            0.73276
117         0.00295123        2.51169e-05        4.25269e-06             101325           0.169316        4.25269e-06            2003.31                  0           0.999963          0.0288251            30666.9        1.68565e-05         9.2429e-07        7.78603e-05          0.0444031         0.00103415           0.099552        1.19134e-06         3.8773e-16        2.71501e-17        9.15455e-15        2.00321e-14        0.000538339           0.121616        5.09066e-12        6.34704e-14        2.04559e-17            0.73276
118         0.00297635        2.51169e-05        4.25268e-06             101325           0.169316        4.25268e-06            2003.32                  0           0.999969          0.0242688              25837        1.68434e-05        9.23222e-07        7.78018e-05          0.0444029         0.00103377          0.0995523        1.19118e-06         3.3056e-16        2.31466e-17        7.80778e-15        1.70856e-14        0.000537812           0.121617        5.08024e-12        6.21759e-14         1.7443e-17            0.73276
119         0.00300147        2.51169e-05        4.25266e-06             101325           0.169315        4.25266e-06            2003.32                  0           0.999974          0.0203926            21725.5        1.68324e-05        9.22319e-07        7.77523e-05          0.0444027         0.00103345          0.0995526        1.19104e-06        2.81038e-16        1.96788e-17        6.64028e-15        1.45311e-14        0.000537367           0.121617        5.07144e-12        6.10563e-14        1.48333e-17            0.73276
120         0.00302658        2.51169e-05        4.25266e-06             101325           0.169315        4.25266e-06            2003.33                  0           0.999978          0.0171026            18233.4         1.6823e-05        9.21557e-07        7.77105e-05          0.0444026         0.00103318          0.0995528        1.19092e-06        2.38282e-16        1.66848e-17        5.63166e-15        1.23242e-14         0.00053699           0.121618        5.06402e-12        6.00912e-14        1.25803e-17            0.73276
121          0.0030517        2.51169e-05        4.25265e-06             101325           0.169314        4.25265e-06            2003.33                  0           0.999982          0.0143164            15274.1        1.68152e-05        9.20915e-07        7.76753e-05          0.0444025         0.00103295           0.099553        1.19082e-06        2.01489e-16        1.41084e-17        4.76322e-15        1.04239e-14        0.000536673           0.121618        5.05776e-12        5.92618e-14        1.06415e-17            0.73276
122         0.00307682        2.51169e-05        4.25264e-06             101325           0.169314        4.25264e-06            2003.33                  0           0.999985          0.0119621            12771.7        1.68086e-05        9.20374e-07        7.76456e-05          0.0444024         0.00103276          0.0995532        1.19074e-06        1.69927e-16        1.18984e-17        4.01792e-15        8.79303e-15        0.000536405           0.121619         5.0525e-12        5.85512e-14         8.9785e-18            0.73276
123         0.00310193        2.51169e-05        4.25264e-06             101325           0.169314        4.25264e-06            2003.34                  0           0.999987         0.00997698            10660.2         1.6803e-05         9.1992e-07        7.76207e-05          0.0444023          0.0010326          0.0995533        1.19067e-06        1.42939e-16        1.00087e-17        3.38037e-15        7.39788e-15        0.000536181           0.121619        5.04809e-12        5.79443e-14        7.55646e-18            0.73276
124         0.00312705        2.51169e-05        4.25263e-06             101325           0.169314        4.25263e-06            2003.34                  0            0.99999         0.00830653            8882.06        1.67983e-05        9.19539e-07        7.75998e-05          0.0444023         0.00103246          0.0995534        1.19061e-06        1.19933e-16         8.3977e-18         2.8367e-15        6.20814e-15        0.000535993            0.12162        5.04438e-12        5.74274e-14        6.34425e-18            0.73276
125         0.00315217        2.51169e-05        4.25263e-06             101325           0.169314        4.25263e-06            2003.34                  0           0.999991         0.00690375            7387.71        1.67944e-05        9.19221e-07        7.75823e-05          0.0444022         0.00103235          0.0995535        1.19056e-06        1.00379e-16        7.02855e-18         2.3745e-15        5.19668e-15        0.000535835            0.12162        5.04129e-12        5.69886e-14          5.314e-18            0.73276
126         0.00317728        2.51169e-05        4.25263e-06             101325           0.169314        4.25263e-06            2003.34                  0           0.999993         0.00572808            6134.34        1.67912e-05        9.18954e-07        7.75677e-05          0.0444022         0.00103226          0.0995536        1.19052e-06        8.38143e-17        5.86865e-18        1.98286e-15        4.33958e-15        0.000535703            0.12162         5.0387e-12        5.66171e-14        4.44121e-18            0.73276
127          0.0032024        2.51169e-05        4.25262e-06             101325           0.169313        4.25262e-06            2003.34                  0           0.999994         0.00474453            5084.99        1.67885e-05        9.18732e-07        7.75554e-05          0.0444022         0.00103218          0.0995537        1.19048e-06        6.98198e-17        4.88875e-18        1.65192e-15        3.61534e-15        0.000535593            0.12162        5.03654e-12        5.63034e-14        3.70387e-18            0.73276
128         0.00322752        2.51169e-05        4.25262e-06             101325           0.169313        4.25262e-06            2003.35                  0           0.999995         0.00392342            4208.24        1.67862e-05        9.18547e-07        7.75453e-05          0.0444021         0.00103211          0.0995537        1.19045e-06        5.80341e-17        4.06351e-18        1.37317e-15        3.00529e-15        0.000535501            0.12162        5.03474e-12        5.60395e-14        3.08291e-18            0.73276
129         0.00325263        2.51169e-05        4.25262e-06             101325           0.169313        4.25262e-06            2003.35                  0           0.999996         0.00323907            3476.94        1.67843e-05        9.18392e-07        7.75368e-05          0.0444021         0.00103206          0.0995538        1.19043e-06        4.81386e-17        3.37063e-18         1.1391e-15        2.49302e-15        0.000535425            0.12162        5.03324e-12         5.5818e-14        2.56155e-18            0.73276
130         0.00327775        2.51169e-05        4.25262e-06             101325           0.169313        4.25262e-06            2003.35                  0           0.999997         0.00266975            2868.07        1.67827e-05        9.18264e-07        7.75297e-05          0.0444021         0.00103201          0.0995538        1.19041e-06        3.98526e-17        2.79045e-18        9.43074e-16        2.06401e-15        0.000535362           0.121621          5.032e-12        5.56326e-14        2.12499e-18            0.73276
131         0.00330287        2.51169e-05        4.25262e-06             101325           0.169313        4.25262e-06            2003.35                  0           0.999997         0.00219697            2362.05        1.67814e-05        9.18158e-07        7.75239e-05          0.0444021         0.00103197          0.0995538        1.19039e-06        3.29332e-17        2.30595e-18        7.79365e-16        1.70572e-15        0.000535309           0.121621        5.03096e-12        5.54779e-14        1.76043e-18            0.73276
132         0.00332798        2.51169e-05        4.25262e-06             101325           0.169313        4.25262e-06            2003.35                  0           0.999998         0.00180504            1942.22        1.67804e-05         9.1807e-07        7.75191e-05           0.044402         0.00103194          0.0995539        1.19038e-06        2.71736e-17        1.90267e-18        6.43087e-16        1.40747e-15        0.000535266           0.121621        5.03011e-12        5.53491e-14        1.45698e-18            0.73276
133          0.0033531        2.51169e-05        4.25262e-06             101325           0.169313        4.25262e-06            2003.35                  0           0.999998          0.0014807            1594.51        1.67795e-05        9.17998e-07        7.75151e-05           0.044402         0.00103192          0.0995539        1.19037e-06        2.23924e-17        1.56789e-18        5.29949e-16        1.15986e-15         0.00053523           0.121621        5.02941e-12        5.52423e-14        1.20508e-18            0.73276
134         0.00337822        2.51169e-05        4.25262e-06             101325           0.169313        4.25262e-06            2003.35                  0           0.999998         0.00121277            1307.03        1.67787e-05        9.17938e-07        7.75118e-05           0.044402         0.00103189          0.0995539        1.19036e-06        1.84333e-17        1.29068e-18        4.36261e-16         9.5481e-16          0.0005352           0.121621        5.02882e-12        5.51538e-14        9.96488e-19            0.73276
135         0.00340334        2.51169e-05        4.25261e-06             101325           0.169313        4.25261e-06            2003.35                  0           0.999999        0.000991795            1069.74        1.67781e-05        9.17888e-07        7.75091e-05           0.044402         0.00103188          0.0995539        1.19035e-06        1.51624e-17        1.06165e-18        3.58854e-16        7.85396e-16        0.000535176           0.121621        5.02834e-12        5.50807e-14        8.24157e-19            0.73276
136         0.00342845        2.51169e-05        4.25261e-06             101325           0.169313        4.25261e-06            2003.35                  0           0.999999        0.000809868            874.213        1.67776e-05        9.17848e-07        7.75068e-05           0.044402         0.00103186          0.0995539        1.19035e-06        1.24659e-17        8.72845e-19         2.9504e-16        6.45732e-16        0.000535156           0.121621        5.02795e-12        5.50205e-14        6.82093e-19            0.73276
137         0.00345357        2.51169e-05        4.25261e-06             101325           0.169313        4.25261e-06            2003.35                  0           0.999999        0.000660329            713.361        1.67772e-05        9.17814e-07         7.7505e-05           0.044402         0.00103185          0.0995539        1.19034e-06        1.02489e-17        7.17609e-19         2.4257e-16        5.30895e-16        0.000535139           0.121621        5.02763e-12         5.4971e-14        5.65287e-19            0.73276
138         0.00347869        2.51169e-05        4.25261e-06             101325           0.169313        4.25261e-06            2003.35                  0           0.999999        0.000537623            581.259        1.67769e-05        9.17787e-07        7.75035e-05           0.044402         0.00103184           0.099554        1.19034e-06         8.4339e-18        5.90527e-19        1.99615e-16        4.36881e-16        0.000535126           0.121621        5.02736e-12        5.49304e-14        4.69664e-19            0.73276
139          0.0035038        2.51169e-05        4.25261e-06             101325           0.169313        4.25261e-06            2003.35                  0           0.999999        0.000437099            472.945        1.67766e-05        9.17765e-07        7.75022e-05           0.044402         0.00103183           0.099554        1.19033e-06        6.93857e-18        4.85825e-19        1.64224e-16        3.59423e-16        0.000535115           0.121621        5.02714e-12         5.4897e-14        3.90882e-19            0.73276
140         0.00352892        2.51169e-05        4.25261e-06             101325           0.169313        4.25261e-06            2003.35                  0                  1        0.000354902            384.306        1.67764e-05        9.17746e-07        7.75012e-05           0.044402         0.00103183           0.099554        1.19033e-06        5.70267e-18        3.99288e-19        1.34972e-16        2.95402e-16        0.000535106           0.121621        5.02697e-12        5.48695e-14        3.25769e-19            0.73276
141         0.00355404        2.51169e-05        4.25261e-06             101325           0.169313        4.25261e-06            2003.35                  0                  1        0.000287812            311.902        1.67762e-05        9.17731e-07        7.75004e-05           0.044402         0.00103182           0.099554        1.19033e-06        4.68394e-18        3.27958e-19        1.10861e-16         2.4263e-16        0.000535098           0.121621        5.02682e-12        5.48467e-14        2.72097e-19            0.73276
142         0.00357915        2.51169e-05        4.25261e-06             101325           0.169313        4.25261e-06            2003.35                  0                  1         0.00023316            252.874        1.67761e-05        9.17719e-07        7.74998e-05           0.044402         0.00103182           0.099554        1.19033e-06        3.84399e-18        2.69145e-19        9.09798e-17        1.99119e-16        0.000535092           0.121621         5.0267e-12         5.4828e-14        2.27844e-19            0.73276
143         0.00360427        2.51169e-05        4.25261e-06             101325           0.169313        4.25261e-06            2003.35                  0                  1         0.00018874            204.859        1.67759e-05        9.17709e-07        7.74992e-05           0.044402         0.00103181           0.099554        1.19033e-06        3.15166e-18        2.20669e-19        7.45931e-17        1.63254e-16        0.000535087           0.121621        5.02661e-12        5.48126e-14        1.91368e-19            0.73276
144         0.00362939        2.51169e-05        4.25261e-06             101325           0.169313        4.25261e-06            2003.35                  0                  1        0.000152731            165.909        1.67758e-05        9.17701e-07        7.74988e-05           0.044402         0.00103181           0.099554        1.19032e-06        2.59031e-18        1.81364e-19        6.13064e-17        1.34174e-16        0.000535083           0.121621        5.02653e-12        5.48001e-14        1.61793e-19            0.73276
145          0.0036545        2.51169e-05        4.25261e-06             101325           0.169313        4.25261e-06            2003.35                  0                  1        0.000123642            134.418        1.67758e-05        9.17695e-07        7.74984e-05           0.044402         0.00103181           0.099554        1.19032e-06        2.14058e-18        1.49874e-19        5.06617e-17        1.10877e-16         0.00053508           0.121621        5.02647e-12        5.47901e-14        1.38099e-19            0.73276
146         0.00367962        2.51169e-05        4.25261e-06             101325           0.169313        4.25261e-06            2003.35                  0                  1        0.000100252            109.074        1.67757e-05         9.1769e-07        7.74981e-05           0.044402         0.00103181           0.099554        1.19032e-06        1.78145e-18        1.24728e-19        4.21613e-17        9.22721e-17        0.000535078           0.121621        5.02642e-12        5.47821e-14        1.19178e-19            0.73276
147         0.00370474        2.51169e-05        4.25261e-06             101325           0.169313        4.25261e-06            2003.35                  0                  1        8.15679e-05            88.8145        1.67757e-05        9.17686e-07        7.74979e-05           0.044402         0.00103181           0.099554        1.19032e-06        1.49359e-18        1.04573e-19        3.53478e-17        7.73599e-17        0.000535076           0.121621        5.02638e-12        5.47757e-14        1.04013e-19            0.73276
148         0.00372985        2.51169e-05        4.25261e-06             101325           0.169313        4.25261e-06            2003.35                  0                  1        6.67922e-05            72.7836        1.67756e-05        9.17682e-07        7.74977e-05           0.044402          0.0010318           0.099554        1.19032e-06        1.27022e-18        8.89326e-20        3.00607e-17        6.57883e-17        0.000535074           0.121621        5.02635e-12        5.47707e-14        9.22444e-20            0.73276
149         0.00375497        2.51169e-05        4.25261e-06             101325           0.169313        4.25261e-06            2003.35                  0                  1         5.5299e-05            60.3046        1.67756e-05         9.1768e-07        7.74976e-05           0.044402          0.0010318           0.099554        1.19032e-06        1.09705e-18        7.68072e-20        2.59617e-17         5.6817e-17        0.000535073           0.121621        5.02632e-12        5.47669e-14        8.31207e-20            0.73276
150         0.00378009        2.51169e-05        4.25261e-06             101325           0.169313        4.25261e-06            2003.35                  0                  1        4.66016e-05            50.8575        1.67756e-05        9.17678e-07        7.74975e-05           0.044402          0.0010318           0.099554        1.19032e-06        9.70563e-19        6.79508e-20        2.29679e-17        5.02645e-17        0.000535072           0.121621        5.02631e-12         5.4764e-14        7.64569e-20            0.73276
151          0.0038052        2.51169e-05        4.25261e-06             101325           0.169313        4.25261e-06            2003.35                  0                  1        4.03446e-05            44.0574        1.67756e-05        9.17677e-07        7.74974e-05           0.044402          0.0010318           0.099554        1.19032e-06        8.88045e-19         6.2173e-20        2.10147e-17        4.59897e-17        0.000535071           0.121621        5.02629e-12        5.47622e-14        7.21094e-20            0.73276
152         0.00383032        2.51169e-05        4.25261e-06             101325           0.169313        4.25261e-06            2003.35                  0                  1        3.62854e-05            39.6434        1.67755e-05        9.17676e-07        7.74974e-05           0.044402          0.0010318           0.099554        1.19032e-06        8.40589e-19        5.88502e-20        1.98914e-17        4.35313e-17        0.000535071           0.121621        5.02629e-12        5.47612e-14        6.96092e-20            0.73276
