# Time 0.000275
# eta = 0.002
# length = 0.000789707
#--- 	  	 LEM Line data  --- 
#(1) wafer              (2) x             (3) dx              (4) m              (5) p            (6) rho              (7) m              (8) T              (9) Z             (10) C          (11) dCdt       (12) heatRel                  (13) Y_H2                  (14) Y_H                  (15) Y_O                  (16) Y_O2                  (17) Y_OH                  (18) Y_H2O                  (19) Y_HO2                  (20) Y_CH2                  (21) Y_CH2(S)                  (22) Y_CH3                  (23) Y_CH4                  (24) Y_CO                  (25) Y_CO2                  (26) Y_HCO                  (27) Y_CH2O                  (28) Y_CH2OH                  (29) Y_N2
0        1.25585e-05        2.51169e-05        2.84225e-05             101325            1.13161        2.84225e-05            300.012                  0                  0                  0       7.11455e-322        2.74882e-10        9.20128e-19        2.68267e-12           0.222597        1.75375e-12        5.61513e-07         8.1017e-10        4.46537e-19        2.30761e-20        4.59968e-09          0.0446418        7.98654e-09        6.72067e-07        2.87203e-19        1.29519e-09         4.9902e-23            0.73276
1        3.76754e-05        2.51169e-05        2.84214e-05             101325            1.13156        2.84214e-05            300.023                  0        5.80751e-06        1.35193e-07           0.110296        5.44937e-10        2.73453e-18        4.11054e-12           0.222596        2.83531e-12        1.07956e-06        1.51529e-09        1.40842e-18        7.28584e-20        8.89656e-09          0.0446416        1.57931e-08         1.2915e-06        9.08454e-19        2.56549e-09        1.57607e-22            0.73276
2        6.27923e-05        2.51169e-05        2.84188e-05             101325            1.13146        2.84188e-05            300.051                  0         1.0923e-05        2.13192e-07           0.184039        1.23885e-09        9.88939e-18        6.67581e-12           0.222594        4.98102e-12        2.36555e-06        3.21097e-09        5.49753e-18        2.84078e-19        1.96333e-08           0.044641        3.58154e-08        2.82829e-06        3.55906e-18        5.82276e-09        6.15152e-22            0.73276
3        8.79092e-05        2.51169e-05        2.84129e-05             101325            1.13123        2.84129e-05            300.112                  0        2.40014e-05        3.76455e-07           0.369141        2.86487e-09        3.53852e-17        1.07431e-11           0.222589         8.8039e-12        5.26591e-06        6.90608e-09        2.14737e-17        1.10953e-18        4.40179e-08          0.0446397        8.26758e-08        6.29192e-06        1.39553e-17        1.34302e-08        2.40682e-21            0.73276
4        0.000113026        2.51169e-05        2.84004e-05             101325            1.13073        2.84004e-05            300.245                  0        5.34234e-05        6.69051e-07           0.836399        6.50276e-09        1.16769e-16        1.63234e-11           0.222578        1.49861e-11        1.14732e-05        1.45094e-08        7.86832e-17        4.06854e-18        9.66169e-08          0.0446368        1.87462e-07        1.36985e-05        5.13641e-17        3.03695e-08        8.85547e-21            0.73276
5        0.000138143        2.51169e-05        2.83748e-05             101325            1.12971        2.83748e-05            300.516                  0        0.000116306        1.15098e-06             2.1526        1.43811e-08        3.45237e-16        2.27916e-11           0.222555        2.41558e-11        2.42543e-05        2.94959e-08        2.64888e-16        1.37189e-17        2.05859e-07           0.044631        4.14506e-07        2.89338e-05         1.7392e-16        6.68147e-08        3.00554e-20            0.73276
6         0.00016326        2.51169e-05        2.83241e-05             101325            1.12769        2.83241e-05            301.053                  0        0.000245628        1.89627e-06            6.25104        3.09326e-08        8.96634e-16        2.85788e-11            0.22251        3.65823e-11        4.96134e-05         5.7842e-08        8.11976e-16        4.21591e-17        4.24657e-07          0.0446195        8.92404e-07        5.91248e-05        5.37453e-16        1.42719e-07        9.35038e-20            0.73276
7        0.000188377        2.51169e-05        2.82282e-05             101325            1.12387        2.82282e-05            302.076                  0         0.00050189        2.99756e-06            19.6107        6.46619e-08        2.00746e-15         3.1364e-11           0.222425        5.18962e-11         9.8034e-05        1.09233e-07        2.25618e-15        1.17677e-16        8.46774e-07          0.0445974        1.86989e-06        0.000116683        1.51123e-15        2.95646e-07        2.66959e-19            0.73276
8        0.000213494        2.51169e-05        2.80545e-05             101325            1.11696        2.80545e-05            303.945                  0        0.000990522        4.59703e-06            63.0209        1.31276e-07          3.821e-15         2.9216e-11           0.222268        6.93689e-11        0.000186802        1.98385e-07        5.70863e-15        3.00204e-16        1.62956e-06          0.0445569          3.812e-06           0.000222        3.89389e-15        5.93267e-07        7.09182e-19            0.73276
9        0.000238611        2.51169e-05         2.7756e-05             101325            1.10507         2.7756e-05            307.213                  0         0.00188498        6.99494e-06            199.378        2.58607e-07        6.24789e-15        2.23265e-11           0.221993        8.95536e-11        0.000342581        3.46143e-07        1.34645e-14        7.18366e-16        3.02104e-06          0.0444858        7.55732e-06        0.000406364         9.4494e-15        1.15162e-06        1.82182e-18            0.73276
10        0.000263728        2.51169e-05        2.72725e-05             101325            1.08582        2.72725e-05            312.658                  0         0.00345207         1.0966e-05            605.077         4.9372e-07        9.58035e-15        1.35721e-11           0.221533        1.18304e-10        0.000603319        5.79975e-07        3.12845e-14        1.70918e-15        5.38429e-06          0.0443666        1.45584e-05        0.000713958        2.29514e-14        2.15864e-06        4.88735e-18            0.73276
11        0.000288844        2.51169e-05        2.65414e-05             101325            1.05671        2.65414e-05            321.267                  0          0.0060702        1.87934e-05            1729.18         9.1206e-07        1.72851e-14        6.45462e-12           0.220802        1.73543e-10         0.00101794        9.33903e-07        7.70287e-14        4.36261e-15        9.20567e-06          0.0441768        2.72184e-05         0.00120103        6.03437e-14        3.89923e-06         1.5059e-17            0.73276
12        0.000313961        2.51169e-05        2.55187e-05             101325            1.01599        2.55187e-05            334.137                  0          0.0102245        3.76786e-05            4589.24         1.6274e-06        4.44128e-14        2.42508e-12           0.219703        2.96657e-10         0.00164219         1.4489e-06        2.08127e-13        1.23755e-14        1.50709e-05          0.0438905        4.93084e-05         0.00193027        1.78167e-13        6.77324e-06        5.55126e-17            0.73276
13        0.000339078        2.51169e-05        2.42031e-05             101325           0.963618        2.42031e-05            352.288                  0          0.0164623        9.04609e-05            11222.5        2.80009e-06        1.45924e-13        7.62419e-13           0.218141        5.75463e-10         0.00253048        2.17588e-06        5.97528e-13        3.76836e-14        2.36028e-05          0.0434823        8.64011e-05         0.00296031        5.70943e-13         1.1296e-05        2.33756e-16            0.73276
14        0.000364195        2.51169e-05        2.26483e-05             101325           0.901714        2.26483e-05            376.455                  0          0.0253065         0.00024721              25289        4.64061e-06        5.15158e-13        2.85664e-13           0.216042        1.19419e-09         0.00372625        3.18265e-06        1.72776e-12        1.16258e-13        3.53764e-05          0.0429312        0.000146214         0.00433355        1.87559e-12        1.80749e-05        1.04129e-15            0.73276
15        0.000389312        2.51169e-05        2.09499e-05             101325           0.834094        2.09499e-05            406.945                  0          0.0371534        0.000714134            52947.6        7.40675e-06         1.7924e-12        4.16753e-13           0.213363        2.52685e-09         0.00525519        4.56394e-06        4.84578e-12        3.48085e-13        5.08466e-05          0.0422244        0.000238752         0.00606768        6.05588e-12        2.77673e-05        4.60718e-15            0.73276
16        0.000414429        2.51169e-05        1.92157e-05             101325            0.76505        1.92157e-05            443.624                  0          0.0522005         0.00206483             104495        1.13949e-05        5.93443e-12        1.54888e-12           0.210099        5.27241e-09         0.00712432        6.45101e-06        1.28946e-11        9.84087e-13        7.03165e-05           0.041357        0.000376195         0.00815471        1.87184e-11        4.10335e-05         1.9391e-14            0.73276
17        0.000439546        2.51169e-05        1.75368e-05             101325           0.698205        1.75368e-05            486.024                  0          0.0704362         0.00576537             197685        1.69286e-05        1.85067e-11        6.49488e-12           0.206266        1.05918e-08         0.00932619        9.01858e-06        3.21447e-11        2.58343e-12        9.39524e-05          0.0403308         0.00057258          0.0105665         5.4547e-11        5.84969e-05        7.57892e-14            0.73276
18        0.000464663        2.51169e-05        1.59731e-05             101325           0.635948        1.59731e-05            533.498                  0          0.0916875          0.0151629             363737        2.43464e-05        5.49243e-11        2.74466e-11           0.201897        2.01916e-08          0.0118455        1.24889e-05        7.47946e-11        6.25812e-12        0.000121826           0.039151        0.000843372          0.0132634        1.49154e-10        8.07171e-05        2.73802e-13            0.73276
19         0.00048978        2.51169e-05        1.45541e-05             101325           0.579456        1.45541e-05            585.357                  0           0.115693          0.0369917             656932        3.39916e-05        1.58492e-10        1.14734e-10           0.197031        3.63973e-08          0.0146651        1.71338e-05        1.63651e-10        1.40676e-11        0.000153964          0.0378236         0.00120501          0.0162021        3.84957e-10        0.000108171        9.26474e-13            0.73276
20        0.000514897        2.51169e-05        1.32869e-05             101325           0.529002        1.32869e-05            640.971                  0           0.142168          0.0833679        1.16988e+06        4.62039e-05        4.53411e-10        4.68227e-10             0.1917        6.25762e-08          0.0177699        2.32752e-05        3.43802e-10        2.99069e-11        0.000190394          0.0363539         0.00167448           0.019341         9.5162e-10        0.000141239        3.01075e-12            0.73276
21        0.000540014        2.51169e-05        1.21646e-05             101325           0.484319        1.21646e-05            699.815                  0           0.170852           0.175053        2.06345e+06        6.13115e-05        1.29332e-09        1.84002e-09           0.185929        1.04976e-07          0.0211492        3.12817e-05        7.18422e-10        6.21655e-11        0.000231179          0.0347451         0.00226887          0.0226438        2.29815e-09        0.000180187        9.63858e-12            0.73276
22        0.000565131        2.51169e-05        1.11736e-05             101325           0.444865        1.11736e-05             761.49                  0           0.201532           0.350616        3.64028e+06        7.96242e-05        3.65092e-09        6.87325e-09           0.179737        1.78764e-07          0.0247972        4.15557e-05        1.56089e-09        1.32063e-10        0.000276447          0.0329985         0.00300497          0.0260801        5.52948e-09         0.00022516        3.08102e-11            0.73276
23        0.000590247        2.51169e-05        1.02983e-05             101325           0.410013        1.02983e-05            825.709                  0           0.234045           0.698188         6.5394e+06        0.000101426        1.00791e-08        2.41634e-08           0.173132        3.25312e-07          0.0287119        5.45035e-05        3.64828e-09        2.98381e-10        0.000326434          0.0311133         0.00389877          0.0296258        1.34331e-08        0.000276167        9.80489e-11            0.73276
24        0.000615364        2.51169e-05         9.5229e-06             101325           0.379143         9.5229e-06            892.291                  0           0.268279            1.45984        1.22391e+07        0.000126968        2.69813e-08        7.95303e-08           0.166118        6.57805e-07          0.0328948        7.04696e-05        9.18756e-09         7.2564e-10        0.000381524          0.0290877         0.00496486          0.0332624        3.30339e-08        0.000333076        3.06565e-10            0.73276
25        0.000640481        2.51169e-05        8.83338e-06             101325           0.351691        8.83338e-06            961.125                  0           0.304164            3.34246        2.42989e+07        0.000156456        6.98429e-08        2.44973e-07           0.158696        1.47386e-06          0.0373479        8.96119e-05        2.42046e-08        1.85827e-09        0.000442288          0.0269192         0.00621569          0.0369756        8.15711e-08        0.000395597        9.28104e-10            0.73276
26        0.000665598        2.51169e-05        8.21751e-06             101325           0.327171        8.21751e-06            1032.15                  0           0.341651            8.35833        5.12745e+07        0.000190032        1.75033e-07        7.08419e-07            0.15087        3.51677e-06          0.0420714         0.00011167        6.42365e-08        4.83163e-09        0.000509418          0.0246064         0.00766027          0.0407536        1.99419e-07        0.000463225        2.68987e-09           0.732759
27        0.000690715        2.51169e-05        7.66508e-06             101325           0.305176        7.66508e-06            1105.31                  0            0.38069            21.8908        1.13161e+08        0.000227762        4.25558e-07        1.93314e-06           0.142644          8.546e-06          0.0470628        0.000135605        1.66818e-07        1.23661e-08        0.000583414          0.0221495         0.00930359          0.0445878        4.75688e-07        0.000535139        7.40873e-09           0.732759
28        0.000715832        2.51169e-05        7.16781e-06             101325           0.285378        7.16781e-06            1180.52                  0           0.421235            57.2867        2.54622e+08        0.000269615        1.00381e-06        5.00323e-06           0.134023           2.05e-05          0.0523164        0.000159107        4.16297e-07        3.05318e-08          0.0006636          0.0195504          0.0111463           0.048475        1.09366e-06        0.000609958        1.93017e-08           0.732759
29        0.000740949        2.51169e-05        6.71929e-06             101325           0.267521        6.71929e-06            1257.56                  0            0.46325            144.835        5.69221e+08        0.000315339        2.28813e-06         1.2319e-05            0.12502        4.76376e-05          0.0578156        0.000178207        9.85813e-07        7.17141e-08        0.000745801          0.0168184          0.0131814          0.0524156        2.39651e-06        0.000685063        4.73269e-08           0.732759
30        0.000766066        2.51169e-05         6.3152e-06             101325           0.251432         6.3152e-06            1335.96                  0           0.506658            345.783        1.23452e+09        0.000364139        4.99849e-06         2.8859e-05           0.115675        0.000105876          0.0635165        0.000187722        2.18574e-06        1.58012e-07        0.000818376          0.0139811          0.0153855          0.0564113        4.93822e-06        0.000755204         1.0824e-07           0.732758
31        0.000791183        2.51169e-05        5.95377e-06             101325           0.237042        5.95377e-06            1414.67                  0           0.551235            764.177        2.53499e+09        0.000413999        1.03312e-05        6.41194e-05           0.106083        0.000222417          0.0693196        0.000183304        4.44284e-06        3.19773e-07        0.000858106          0.0111013             0.0177          0.0604622        9.37808e-06        0.000809994        2.26717e-07           0.732757
32          0.0008163        2.51169e-05        5.63658e-06             101325           0.224414        5.63658e-06            1491.62                  0           0.596456            1527.16         4.7878e+09        0.000460491        1.98337e-05        0.000134174          0.0964546        0.000435454          0.0750291        0.000164213        7.97742e-06        5.73149e-07        0.000832502          0.0083004          0.0199946          0.0645629        1.59016e-05         0.00083068        4.19671e-07           0.732757
33        0.000841417        2.51169e-05        5.36866e-06             101325           0.213747        5.36866e-06            1563.33                  0           0.641253            2677.53        8.00686e+09        0.000495666         3.4532e-05        0.000261293          0.0871827         0.00078102          0.0803245        0.000134256        1.19357e-05        8.59733e-07        0.000719843          0.0057648          0.0220237          0.0686946        2.30157e-05        0.000791295        6.47796e-07           0.732756
34        0.000866533        2.51169e-05        5.15602e-06             101325           0.205281        5.15602e-06            1625.42                  0           0.683865             3981.2         1.1307e+10        0.000509863         5.3294e-05        0.000464914          0.0788201         0.00126193          0.0848177        0.000100444        1.40036e-05        1.01756e-06        0.000541262         0.00369732          0.0234435          0.0728153        2.71643e-05        0.000676346         7.8493e-07           0.732756
35         0.00089165        2.51169e-05        4.99934e-06             101325           0.199043        4.99934e-06            1674.76                  0           0.722168            4909.59        1.29443e+10        0.000499253        7.24246e-05        0.000739122          0.0718637         0.00182135          0.0882338         6.9994e-05        1.27709e-05        9.41218e-07        0.000357165         0.00220815          0.0239802          0.0768495        2.57615e-05        0.000509293        7.39949e-07           0.732757
36        0.000916767        2.51169e-05        4.89008e-06             101325           0.194693        4.89008e-06            1711.54                  0           0.754673            5063.14        1.20089e+10        0.000471412        8.82207e-05         0.00103862          0.0664915         0.00236502          0.0905688        4.70281e-05        9.57983e-06        7.17551e-07        0.000214738         0.00125228          0.0236343          0.0806969        2.03062e-05        0.000342871        5.72811e-07           0.732757
37        0.000941884        2.51169e-05        4.81455e-06             101325           0.191685        4.81455e-06            1738.59                  0           0.781267            4545.14        9.45785e+09        0.000438667        9.91844e-05         0.00130651          0.0625368         0.00282077          0.0920419        3.17803e-05        6.36158e-06        4.83798e-07        0.000122465        0.000688478          0.0226517          0.0842684        1.40862e-05        0.000213576         3.9088e-07           0.732758
38        0.000967001        2.51169e-05        4.76031e-06             101325           0.189526        4.76031e-06            1759.16                  0           0.802853            3745.47        6.72558e+09        0.000409188        0.000105611         0.00150968          0.0596708         0.00316565          0.0929318        2.23997e-05        3.95436e-06        3.04638e-07        6.80769e-05        0.000372519          0.0213293          0.0875153        9.04658e-06        0.000127109        2.48423e-07           0.732759
39        0.000992118        2.51169e-05        4.71884e-06             101325           0.187875        4.71884e-06             1775.7                  0           0.820583            2964.26        4.56461e+09        0.000385486        0.000108418         0.00164321          0.0575705         0.00341012          0.0934678         1.6822e-05        2.37662e-06        1.85033e-07        3.74457e-05        0.000200221          0.0198895          0.0904288         5.5615e-06        7.38303e-05        1.51984e-07           0.732759
40         0.00101723        2.51169e-05        4.68503e-06             101325           0.186529        4.68503e-06            1789.76                  0            0.83544            2320.77        3.08915e+09        0.000366958        0.000108525         0.00171719          0.0559879         0.00357553          0.0938053        1.35155e-05        1.40525e-06         1.1034e-07        2.05476e-05         0.00010749          0.0184634          0.0930265        3.33723e-06        4.23788e-05        9.11528e-08            0.73276
41         0.00104235        2.51169e-05        4.65599e-06             101325           0.185373        4.65599e-06            1802.25                  0           0.848151            1826.39        2.15117e+09        0.000352078        0.000106682         0.00174556          0.0547528         0.00368223          0.0940392        1.15123e-05        8.25225e-07        6.52332e-08         1.1301e-05        5.78341e-05          0.0171158          0.0953378        1.97702e-06        2.42142e-05        5.41382e-08            0.73276
42         0.00106747        2.51169e-05        4.63012e-06             101325           0.184343        4.63012e-06            1813.66                  0            0.85923            1454.45        1.56942e+09        0.000339407        0.000103463         0.00174097          0.0537539          0.0037461          0.0942236        1.02443e-05        4.83897e-07        3.84492e-08        6.24776e-06        3.12549e-05          0.0158729          0.0973961        1.16444e-06        1.38321e-05        3.20278e-08            0.73276
43         0.00109259        2.51169e-05        4.60654e-06             101325           0.183404        4.60654e-06            1824.28                  0           0.869032            1173.48        1.20517e+09        0.000327888        9.92977e-05         0.00171332            0.05292         0.00377859           0.094388        9.38939e-06        2.84227e-07        2.26686e-08        3.47862e-06        1.69911e-05          0.0147394          0.0992344        6.85112e-07        7.92075e-06        1.89381e-08            0.73276
44          0.0011177        2.51169e-05        4.58473e-06             101325           0.182535        4.58473e-06            1834.26                  0           0.877816            957.854        9.68626e+08         0.00031684        9.45073e-05          0.0016699          0.0522052         0.00378769          0.0945473        8.76802e-06        1.67541e-07        1.33951e-08        1.95305e-06        9.30191e-06          0.0137103           0.100883        4.04144e-07        4.55454e-06         1.1216e-08            0.73276
45         0.00114282        2.51169e-05        4.56437e-06             101325           0.181725        4.56437e-06            1843.72                  0           0.885766            789.104        8.06267e+08        0.000305871        8.93324e-05          0.0016159          0.0515794         0.00377897          0.0947087        8.28058e-06        9.92199e-08        7.94285e-09        1.10664e-06        5.13241e-06           0.012776           0.102368        2.39802e-07        2.63261e-06         6.6616e-09            0.73276
46         0.00116794        2.51169e-05        4.54525e-06             101325           0.180964        4.54525e-06             1852.7                  0           0.893026            654.516        6.87501e+08         0.00029479        8.39537e-05         0.00155501          0.0510224         0.00375634          0.0948747        7.87173e-06        5.90691e-08        4.72959e-09        6.33182e-07        2.85586e-06          0.0119258           0.103713        1.43598e-07        1.53067e-06        3.97093e-09            0.73276
47         0.00119305        2.51169e-05        4.52725e-06             101325           0.180247        4.52725e-06            1861.26                  0           0.899703             545.43        5.95217e+08        0.000283527        7.85067e-05         0.00148981          0.0505205         0.00372261          0.0950459        7.51054e-06        3.53622e-08        2.82922e-09        3.65938e-07        1.60333e-06          0.0111491           0.104939        8.70985e-08        8.95574e-07        2.37669e-09            0.73276
48         0.00121817        2.51169e-05        4.51026e-06             101325           0.179571        4.51026e-06            1869.42                  0           0.905884            455.884        5.19893e+08        0.000272085        7.30929e-05         0.00142217          0.0500638         0.00367984          0.0952215        7.17956e-06        2.12905e-08         1.7006e-09        2.13649e-07        9.08507e-07          0.0104366           0.106062        5.37328e-08        5.27396e-07        1.42866e-09           0.732761
49         0.00124329        2.51169e-05        4.49418e-06             101325           0.178931        4.49418e-06            1877.21                  0           0.911637            381.679        4.56189e+08        0.000260509        6.77877e-05         0.00135344          0.0496449          0.0036296          0.0954003        6.86881e-06        1.28914e-08        1.02726e-09        1.26009e-07        5.19703e-07         0.00977979           0.107095        3.38693e-08        3.12628e-07        8.62629e-10           0.732761
50          0.0012684        2.51169e-05        4.47897e-06             101325           0.178325        4.47897e-06            1884.66                  0           0.917018            319.771         4.0104e+08        0.000248862        6.26464e-05         0.00128458          0.0492586         0.00357312          0.0955811        6.57256e-06        7.84974e-09        6.23618e-10        7.50692e-08        3.00172e-07          0.0091716           0.108052        2.19135e-08        1.86543e-07        5.23227e-10           0.732761
51         0.00129352        2.51169e-05        4.46456e-06             101325           0.177751        4.46456e-06            1891.77                  0           0.922071            267.884        3.52616e+08        0.000237211        5.77088e-05         0.00121634          0.0489005         0.00351138          0.0957625        6.28743e-06        4.80636e-09        3.80475e-10        4.51647e-08        1.75069e-07         0.00860601           0.108941        1.46122e-08        1.12041e-07        3.18823e-10           0.732761
52         0.00131864        2.51169e-05         4.4509e-06             101325           0.177207         4.4509e-06            1898.56                  0           0.926832            224.266        3.09757e+08        0.000225625        5.30024e-05         0.00114926          0.0485676         0.00344522          0.0959435        6.01146e-06        2.95902e-09        2.33298e-10        2.74357e-08        1.03105e-07         0.00807801           0.109771        1.00694e-08        6.77333e-08        1.95174e-10           0.732761
53         0.00134375        2.51169e-05        4.43795e-06             101325           0.176692        4.43795e-06            1905.05                  0            0.93133            187.537        2.71675e+08        0.000214168        4.85452e-05         0.00108374          0.0482571         0.00337532           0.096123        5.74351e-06        1.83157e-09        1.43776e-10        1.68232e-08        6.13169e-08         0.00758343           0.110548        7.17654e-09        4.12132e-08        1.20042e-10           0.732761
54         0.00136887        2.51169e-05        4.42567e-06             101325           0.176203        4.42567e-06            1911.25                  0            0.93559            156.585        2.37791e+08        0.000202896        4.43475e-05         0.00102009           0.047967         0.00330229          0.0963001        5.48296e-06         1.1398e-09        8.90576e-11        1.04106e-08        3.68204e-08         0.00711886           0.111278        5.28258e-09        2.52388e-08        7.41851e-11           0.732761
55         0.00139399        2.51169e-05        4.41404e-06             101325            0.17574        4.41404e-06            1917.16                  0           0.939631            130.499        2.07647e+08        0.000191859         4.0414e-05        0.000958552          0.0476955         0.00322667          0.0964741         5.2295e-06        7.13125e-10        5.54498e-11        6.50019e-09        2.23245e-08         0.00668148           0.111965        4.00285e-09        1.55562e-08        4.60702e-11           0.732761
56         0.00141911        2.51169e-05        4.40303e-06             101325           0.175301        4.40303e-06            1922.79                  0           0.943469            108.529        1.80862e+08          0.0001811        3.67447e-05        0.000899288          0.0474414         0.00314894          0.0966443        4.98305e-06        4.48592e-10        3.47072e-11        4.09434e-09        1.36659e-08         0.00626897           0.112614        3.10844e-09        9.65072e-09        2.87543e-11           0.732761
57         0.00144422        2.51169e-05         4.3926e-06             101325           0.174886         4.3926e-06            1928.16                  0           0.947116            90.0446        1.57104e+08        0.000170655        3.33359e-05        0.000842425          0.0472033         0.00306956          0.0968102        4.74363e-06        2.83741e-10        2.18419e-11        2.60131e-09        8.44566e-09         0.00587944           0.113226        2.46179e-09        6.02664e-09        1.80401e-11           0.732761
58         0.00146934        2.51169e-05        4.38273e-06             101325           0.174493        4.38273e-06            1933.26                  0           0.950583            74.5179        1.36078e+08        0.000160555        3.01814e-05        0.000788045          0.0469804         0.00298891          0.0969715        4.51141e-06         1.8048e-10        1.38224e-11        1.66691e-09        5.26938e-09         0.00551132           0.113804        1.97918e-09        3.78885e-09        1.13792e-11           0.732761
59         0.00149446        2.51169e-05        4.37341e-06             101325           0.174122        4.37341e-06            1938.12                  0            0.95388            61.5018        1.17519e+08        0.000150823        2.72726e-05          0.0007362          0.0467717          0.0029074          0.0971276        4.28658e-06        1.15462e-10        8.79807e-12        1.07727e-09        3.31905e-09         0.00516331           0.114351        1.60881e-09        2.39847e-09        7.21806e-12           0.732761
60         0.00151957        2.51169e-05         4.3646e-06             101325           0.173771         4.3646e-06            1942.72                  0           0.957012             50.617        1.01182e+08        0.000141478        2.45997e-05        0.000686918          0.0465765         0.00282536          0.0972785        4.06939e-06        7.43071e-11        5.63373e-12        7.02156e-10        2.11058e-09         0.00483432           0.114868        1.31796e-09        1.52915e-09        4.60548e-12           0.732761
61         0.00154469        2.51169e-05         4.3563e-06             101325           0.173441         4.3563e-06            1947.09                  0           0.959988            41.5407        8.68476e+07        0.000132534        2.21515e-05        0.000640202          0.0463942         0.00274315          0.0974239        3.86012e-06        4.81168e-11        3.63007e-12        4.61586e-10        1.35501e-09         0.00452341           0.115356        1.08541e-09        9.82135e-10        2.95659e-12           0.732761
62         0.00156981        2.51169e-05        4.34847e-06             101325           0.173129        4.34847e-06            1951.22                  0           0.962811            33.9972        7.43102e+07        0.000124002        1.99163e-05        0.000596039           0.046224         0.00266107          0.0975636        3.65903e-06        3.13574e-11        2.35427e-12        3.06064e-10        8.78345e-10          0.0042298           0.115817        8.96973e-10        6.35662e-10        1.91027e-12           0.732761
63         0.00159492        2.51169e-05        4.34111e-06             101325           0.172836        4.34111e-06            1955.12                  0           0.965488             27.751        6.33833e+07        0.000115888        1.78816e-05        0.000554399          0.0460655         0.00257943          0.0976976         3.4664e-06        2.05716e-11        1.53724e-12        2.04718e-10        5.74919e-10         0.00395277           0.116252         7.4283e-10        4.14724e-10        1.24256e-12           0.732761
64         0.00162004        2.51169e-05        4.33419e-06             101325            0.17256        4.33419e-06            1958.81                  0           0.968022            22.6005        5.38954e+07        0.000108194        1.60349e-05         0.00051524          0.0459182         0.00249852          0.0978257        3.28248e-06        1.35894e-11        1.01087e-12        1.38145e-10        3.80025e-10         0.00369168           0.116663        6.15937e-10        2.72851e-10        8.13947e-13           0.732761
65         0.00164516        2.51169e-05        4.32769e-06             101325           0.172302        4.32769e-06            1962.28                  0           0.970417            18.3732        4.56894e+07        0.000100921        1.43638e-05        0.000478508          0.0457814          0.0024186          0.0979479        3.10748e-06        9.04183e-12        6.69647e-13        9.40608e-11        2.53707e-10         0.00344594           0.117049        5.11062e-10        1.81087e-10        5.37117e-13           0.732761
66         0.00167027        2.51169e-05        4.32161e-06             101325            0.17206        4.32161e-06            1965.54                  0           0.972678            14.9211        3.86216e+07        9.40656e-05        1.28556e-05        0.000444141          0.0456547         0.00233995          0.0980643        2.94159e-06        6.06124e-12        4.47015e-13        6.46302e-11        1.71089e-10         0.00321499           0.117412        4.24189e-10        1.21288e-10        3.57171e-13           0.732761
67         0.00169539        2.51169e-05        4.31592e-06             101325           0.171833        4.31592e-06             1968.6                  0           0.974809            12.1178        3.25606e+07        8.76217e-05        1.14982e-05        0.000412068          0.0455376         0.00226279          0.0981749        2.78494e-06        4.09489e-12        3.00784e-13        4.48208e-11        1.16557e-10         0.00299828           0.117752        3.52156e-10        8.20146e-11         2.3942e-13            0.73276
68         0.00172051        2.51169e-05         4.3106e-06             101325           0.171621         4.3106e-06            1971.47                  0           0.976813            9.85515        2.73868e+07        8.15819e-05        1.02797e-05         0.00038221          0.0454296         0.00218736          0.0982797        2.63761e-06        2.78887e-12        2.04069e-13        3.13765e-11        8.02306e-11         0.00279529           0.118071        2.92419e-10        5.60121e-11        1.61831e-13            0.73276
69         0.00174563        2.51169e-05        4.30564e-06             101325           0.171424        4.30564e-06            1974.16                  0           0.978695            8.04069         2.2991e+07        7.59365e-05        9.18871e-06        0.000354484          0.0453303         0.00211387          0.0983788        2.49962e-06        1.91536e-12        1.39643e-13        2.21755e-11         5.5807e-11         0.00260549           0.118369        2.42898e-10        3.86515e-11        1.10337e-13            0.73276
70         0.00177074        2.51169e-05        4.30103e-06             101325            0.17124        4.30103e-06            1976.66                  0           0.980459            6.59575        1.92746e+07        7.06742e-05        8.21418e-06        0.000328804          0.0452391         0.00204251          0.0984723        2.37094e-06         1.3269e-12        9.64087e-14        1.58251e-11        3.92322e-11         0.00242835           0.118647        2.01877e-10        2.69599e-11        7.59064e-14            0.73276
71         0.00179586        2.51169e-05        4.29674e-06             101325            0.17107        4.29674e-06            1978.99                  0           0.982108            5.45346        1.61482e+07        6.57822e-05        7.34575e-06        0.000305076          0.0451556         0.00197345          0.0985604        2.25145e-06        9.27524e-13        6.71738e-14        1.14048e-11        2.78781e-11         0.00226336           0.118906        1.67927e-10        1.90154e-11        5.27078e-14            0.73276
72         0.00182098        2.51169e-05        4.29277e-06             101325           0.170911        4.29277e-06            1981.16                  0           0.983648            4.55718        1.35311e+07        6.12464e-05        6.57359e-06        0.000283207          0.0450792         0.00190686          0.0986431          2.141e-06        6.54407e-13        4.72505e-14        8.30152e-12        2.00268e-11         0.00210998           0.119147        1.39855e-10        1.35672e-11        3.69531e-14            0.73276
73         0.00184609        2.51169e-05        4.28908e-06             101325           0.170765        4.28908e-06            1983.17                  0           0.985083            3.85912        1.13512e+07        5.70518e-05        5.88846e-06        0.000263101          0.0450097         0.00184287          0.0987205        2.03935e-06        4.66172e-13        3.35641e-14        6.10407e-12        1.45461e-11         0.00196768           0.119371        1.16664e-10        9.79559e-12        2.61669e-14            0.73276
74         0.00187121        2.51169e-05        4.28568e-06             101325           0.170629        4.28568e-06            1985.04                  0           0.986416            3.31915        9.54387e+06        5.31828e-05        5.28176e-06         0.00024466          0.0449463         0.00178159           0.098793        1.94622e-06        3.35402e-13        2.40851e-14        4.53463e-12        1.06842e-11         0.00183593           0.119578          9.752e-11        7.15932e-12        1.87208e-14            0.73276
75         0.00189633        2.51169e-05        4.28255e-06             101325           0.170505        4.28255e-06            1986.76                  0           0.987653            2.90379        8.05187e+06         4.9623e-05        4.74549e-06        0.000227788          0.0448889         0.00172312          0.0988605        1.86129e-06        2.43814e-13        1.74654e-14        3.40407e-12        7.93713e-12          0.0017142           0.119769        8.17247e-11        5.29849e-12         1.3537e-14            0.73276
76         0.00192144        2.51169e-05        4.27966e-06             101325            0.17039        4.27966e-06            1988.34                  0           0.988798            2.58525        6.82469e+06        4.63559e-05        4.27227e-06        0.000212385          0.0448368         0.00166753          0.0989234        1.78417e-06        1.79138e-13        1.28034e-14        2.58269e-12        5.96474e-12         0.00160195           0.119945        6.86969e-11        3.97193e-12        9.89703e-15            0.73276
77         0.00194656        2.51169e-05        4.27701e-06             101325           0.170284        4.27701e-06            1989.81                  0           0.989856            2.34071        5.81811e+06        4.33645e-05        3.85533e-06        0.000198358          0.0447897         0.00161486          0.0989817        1.71445e-06        1.33083e-13        9.49187e-15        1.98085e-12        4.53536e-12         0.00149867           0.120108        5.79521e-11        3.01671e-12        7.31885e-15            0.73276
78         0.00197168        2.51169e-05        4.27457e-06             101325           0.170187        4.27457e-06            1991.15                  0           0.990831            2.15159        4.99376e+06        4.06321e-05        3.48848e-06        0.000185611          0.0447472         0.00156514          0.0990357        1.65169e-06        1.00009e-13        7.11927e-15        1.53617e-12        3.48992e-12         0.00140383           0.120257        4.90883e-11        2.32194e-12        5.47657e-15            0.73276
79         0.00199679        2.51169e-05        4.27235e-06             101325           0.170099        4.27235e-06            1992.37                  0           0.991727            2.00292        4.31864e+06         3.8142e-05        3.16609e-06        0.000174053           0.044709         0.00151837          0.0990856        1.59543e-06        7.60531e-14        5.40445e-15        1.20486e-12        2.71829e-12         0.00131693           0.120393        4.17722e-11        1.81148e-12        4.14839e-15            0.73276
80         0.00202191        2.51169e-05        4.27032e-06             101325           0.170018        4.27032e-06             1993.5                  0            0.99255            1.88288        3.76468e+06        3.58779e-05        2.88309e-06        0.000163595          0.0446746         0.00147454          0.0991316         1.5452e-06        5.85508e-14        4.15405e-15        9.55974e-13        2.14358e-12         0.00123746           0.120518        3.57286e-11        1.43264e-12        3.18217e-15            0.73276
81         0.00204703        2.51169e-05        4.26847e-06             101325           0.169944        4.26847e-06            1994.52                  0           0.993303            1.78227        3.30821e+06        3.38239e-05        2.63488e-06        0.000154151          0.0446437          0.0014336          0.0991738        1.50051e-06        4.56504e-14        3.23407e-15        7.67459e-13        1.71169e-12         0.00116494           0.120632        3.07304e-11        1.14864e-12        2.47284e-15            0.73276
82         0.00207215        2.51169e-05        4.26678e-06             101325           0.169877        4.26678e-06            1995.46                  0           0.993992            1.69411        2.92956e+06        3.19645e-05        2.41735e-06         0.00014564          0.0446161         0.00139551          0.0992125        1.46092e-06        3.60562e-14        2.55101e-15        6.23488e-13        1.38418e-12         0.00109889           0.120735         2.6591e-11        9.33593e-13        1.94723e-15            0.73276
83         0.00209726        2.51169e-05        4.26525e-06             101325           0.169816        4.26525e-06             1996.3                  0            0.99462            1.61325        2.61258e+06        3.02847e-05        2.22683e-06        0.000137984          0.0445913         0.00136018          0.0992479        1.42594e-06        2.88549e-14        2.03908e-15        5.12608e-13        1.13357e-12         0.00103887            0.12083        2.31571e-11        7.69108e-13        1.55405e-15            0.73276
84         0.00212238        2.51169e-05        4.26387e-06             101325           0.169761        4.26387e-06            1997.07                  0           0.995191            1.53607        2.34418e+06        2.87705e-05        2.06007e-06         0.00013111          0.0445692         0.00132753          0.0992802        1.39515e-06        2.33979e-14        1.65168e-15        4.26472e-13        9.40005e-13        0.000984437           0.120915        2.03028e-11        6.42022e-13        1.25702e-15            0.73276
85          0.0021475        2.51169e-05        4.26262e-06             101325           0.169711        4.26262e-06            1997.77                  0           0.995709            1.46017        2.11389e+06        2.74082e-05        1.91415e-06        0.000124948          0.0445495         0.00129745          0.0993096        1.36812e-06        1.92215e-14        1.35556e-15        3.58951e-13        7.89053e-13        0.000935168           0.120993        1.79254e-11        5.42828e-13        1.03034e-15            0.73276
86         0.00217261        2.51169e-05        4.26149e-06             101325           0.169666        4.26149e-06            1998.39                  0           0.996179            1.38412        1.91351e+06         2.6185e-05        1.78651e-06        0.000119434          0.0445319         0.00126985          0.0993363        1.34445e-06        1.59917e-14        1.12681e-15        3.05513e-13        6.70135e-13        0.000890665           0.121063        1.59406e-11        4.64603e-13        8.55486e-16            0.73276
87         0.00219773        2.51169e-05        4.26048e-06             101325           0.169626        4.26048e-06            1998.96                  0           0.996604            1.30722        1.73668e+06        2.50889e-05         1.6749e-06        0.000114508          0.0445163         0.00124459          0.0993604        1.32377e-06        1.34661e-14        9.48135e-16        2.62788e-13        5.75439e-13         0.00085055           0.121126        1.42795e-11        4.02263e-13        7.19087e-16            0.73276
88         0.00222285        2.51169e-05        4.25957e-06             101325            0.16959        4.25957e-06            1999.47                  0           0.996987            1.22934        1.57856e+06        2.41086e-05        1.57733e-06        0.000110114          0.0445025         0.00122156          0.0993822        1.30575e-06        1.14682e-14        8.06912e-16        2.28248e-13         4.9916e-13        0.000814463           0.121182        1.28859e-11         3.5205e-13        6.11416e-16            0.73276
89         0.00224796        2.51169e-05        4.25875e-06             101325           0.169557        4.25875e-06            1999.92                  0           0.997331            1.15071        1.43555e+06        2.32333e-05        1.49204e-06        0.000106201          0.0444902         0.00120062          0.0994019        1.29007e-06        9.86792e-15        6.93902e-16        1.99997e-13         4.3696e-13        0.000782064           0.121233        1.17137e-11        3.11163e-13        5.25352e-16            0.73276
90         0.00227308        2.51169e-05        4.25802e-06             101325           0.169528        4.25802e-06            2000.33                  0           0.997641            1.07184          1.305e+06        2.24535e-05        1.41751e-06        0.000102722          0.0444793         0.00118164          0.0994196        1.27646e-06        8.56959e-15        6.02286e-16        1.76598e-13         3.8558e-13        0.000753036           0.121279        1.07253e-11        2.77503e-13        4.55657e-16            0.73276
91          0.0022982        2.51169e-05        4.25737e-06             101325           0.169502        4.25737e-06            2000.69                  0           0.997918           0.993358        1.18499e+06        2.17598e-05         1.3524e-06        9.96324e-05          0.0444696         0.00116449          0.0994354        1.26464e-06        7.50205e-15        5.27012e-16        1.56965e-13        3.42563e-13        0.000727079           0.121319        9.88973e-12        2.49485e-13         3.9845e-16            0.73276
92         0.00232331        2.51169e-05        4.25679e-06             101325           0.169479        4.25679e-06            2001.02                  0           0.998166           0.915973        1.07417e+06        2.11439e-05        1.29552e-06        9.68936e-05          0.0444611         0.00114904          0.0994496        1.25441e-06        6.61233e-15        4.64319e-16        1.40271e-13        3.06053e-13        0.000703915           0.121356        9.18171e-12        2.25909e-13         3.5085e-16            0.73276
93         0.00234843        2.51169e-05        4.25627e-06             101325           0.169458        4.25627e-06            2001.31                  0           0.998388           0.840375             971585         2.0598e-05        1.24585e-06        9.44691e-05          0.0444536         0.00113516          0.0994623        1.24555e-06        5.86078e-15        4.11396e-16         1.2589e-13        2.74646e-13        0.000683283           0.121388        8.58041e-12        2.05859e-13        3.10704e-16            0.73276
94         0.00237355        2.51169e-05        4.25581e-06             101325            0.16944        4.25581e-06            2001.56                  0           0.998585           0.767206             876554        2.01151e-05        1.20249e-06         9.2326e-05           0.044447         0.00112272          0.0994735        1.23789e-06        5.21768e-15        3.66138e-16        1.13344e-13        2.47277e-13        0.000664945           0.121417        8.06865e-12        1.88635e-13        2.76401e-16            0.73276
95         0.00239867        2.51169e-05         4.2554e-06             101325           0.169424         4.2554e-06            2001.79                  0           0.998761           0.697026             788593        1.96886e-05        1.16466e-06        9.04346e-05          0.0444412         0.00111161          0.0994836        1.23127e-06        4.66068e-15         3.2696e-16        1.02274e-13        2.23143e-13        0.000648676           0.121443        7.63225e-12        1.73699e-13        2.46729e-16            0.73276
96         0.00242378        2.51169e-05        4.25505e-06             101325            0.16941        4.25505e-06            2001.99                  0           0.998916           0.630295             707329        1.93125e-05        1.13166e-06        8.87676e-05          0.0444361         0.00110171          0.0994925        1.22555e-06        4.17291e-15        2.92671e-16        9.24043e-14        2.01637e-13        0.000634272           0.121465        7.25948e-12        1.60636e-13        2.20779e-16            0.73276
97          0.0024489        2.51169e-05        4.25473e-06             101325           0.169397        4.25473e-06            2002.17                  0           0.999054           0.567365             632458        1.89815e-05        1.10289e-06        8.73008e-05          0.0444316         0.00109292          0.0995003        1.22061e-06        3.74165e-15        2.62368e-16        8.35284e-14          1.823e-13        0.000621543           0.121485        6.94057e-12        1.49127e-13        1.97861e-16            0.73276
98         0.00247402        2.51169e-05        4.25445e-06             101325           0.169386        4.25445e-06            2002.32                  0           0.999176           0.508481             563708        1.86907e-05        1.07783e-06         8.6012e-05          0.0444276         0.00108512          0.0995073        1.21635e-06        3.35725e-15        2.35368e-16          7.549e-14        1.64789e-13        0.000610316           0.121503        6.66738e-12         1.3892e-13        1.77454e-16            0.73276
99         0.00249913        2.51169e-05        4.25421e-06             101325           0.169376        4.25421e-06            2002.46                  0           0.999283           0.453788             500815        1.84356e-05        1.05601e-06        8.48814e-05          0.0444242         0.00107822          0.0995134        1.21268e-06        3.01236e-15        2.11154e-16        6.81709e-14        1.48843e-13        0.000600434           0.121518        6.43309e-12        1.29821e-13        1.59162e-16            0.73276
100         0.00252425        2.51169e-05        4.25399e-06             101325           0.169368        4.25399e-06            2002.58                  0           0.999377           0.403339             443509        1.82122e-05        1.03704e-06        8.38912e-05          0.0444212         0.00107214          0.0995188        1.20951e-06        2.70136e-15        1.89327e-16        6.14818e-14        1.34266e-13        0.000591752           0.121532        6.23201e-12        1.21677e-13        1.42682e-16            0.73276
101         0.00254937        2.51169e-05        4.25381e-06             101325            0.16936        4.25381e-06            2002.68                  0            0.99946           0.357106             391511         1.8017e-05        1.02054e-06        8.30251e-05          0.0444185         0.00106678          0.0995235        1.20677e-06         2.4199e-15        1.69579e-16        5.53541e-14        1.20909e-13        0.000584138           0.121544         6.0593e-12        1.14364e-13        1.27779e-16            0.73276
102         0.00257448        2.51169e-05        4.25364e-06             101325           0.169354        4.25364e-06            2002.78                  0           0.999533           0.314996             344526        1.78466e-05        1.00622e-06         8.2269e-05          0.0444163         0.00106208          0.0995276        1.20442e-06         2.1646e-15        1.51672e-16        4.97349e-14        1.08657e-13        0.000577475           0.121554        5.91091e-12        1.07786e-13         1.1427e-16            0.73276
103          0.0025996        2.51169e-05         4.2535e-06             101325           0.169348         4.2535e-06            2002.86                  0           0.999597           0.276861             302249        1.76981e-05        9.93797e-07        8.16099e-05          0.0444143         0.00105796          0.0995312        1.20239e-06        1.93276e-15        1.35414e-16        4.45821e-14        9.74178e-14        0.000571654           0.121564        5.78337e-12         1.0186e-13        1.02009e-16            0.73276
104         0.00262472        2.51169e-05        4.25338e-06             101325           0.169343        4.25338e-06            2002.92                  0           0.999652           0.242511             264363        1.75689e-05        9.83032e-07        8.10362e-05          0.0444125         0.00105436          0.0995344        1.20065e-06        1.72217e-15        1.20649e-16        3.98614e-14        8.71178e-14        0.000566578           0.121571        5.67376e-12         9.6521e-14        9.08782e-17            0.73276
105         0.00264983        2.51169e-05        4.25327e-06             101325           0.169339        4.25327e-06            2002.99                  0           0.999701           0.211728             230551        1.74568e-05        9.73715e-07        8.05378e-05           0.044411         0.00105122          0.0995371        1.19915e-06          1.531e-15        1.07249e-16        3.55438e-14        7.76942e-14        0.000562161           0.121578        5.57956e-12        9.17125e-14        8.07787e-17            0.73276
106         0.00267495        2.51169e-05        4.25318e-06             101325           0.169335        4.25318e-06            2003.04                  0           0.999743           0.184273             200491        1.73596e-05        9.65662e-07        8.01054e-05          0.0444097         0.00104849          0.0995395        1.19786e-06         1.3577e-15        9.51022e-17        3.16037e-14        6.90919e-14        0.000558323           0.121584        5.49864e-12        8.73858e-14        7.16263e-17            0.73276
107         0.00270007        2.51169e-05         4.2531e-06             101325           0.169332         4.2531e-06            2003.08                  0           0.999779           0.159896             173869        1.72755e-05        9.58708e-07         7.9731e-05          0.0444086         0.00104611          0.0995416        1.19675e-06        1.20087e-15        8.41123e-17        2.80177e-14        6.12605e-14        0.000554996            0.12159        5.42916e-12        8.34982e-14        6.33471e-17            0.73276
108         0.00272518        2.51169e-05        4.25303e-06             101325           0.169329        4.25303e-06            2003.12                  0           0.999811           0.138344             150379        1.72028e-05        9.52713e-07        7.94072e-05          0.0444077         0.00104406          0.0995434        1.19579e-06        1.05928e-15        7.41912e-17         2.4764e-14        5.41527e-14        0.000552116           0.121594        5.36953e-12        8.00116e-14        5.58743e-17            0.73276
109          0.0027503        2.51169e-05        4.25297e-06             101325           0.169327        4.25297e-06            2003.16                  0           0.999838           0.119365             129724        1.71401e-05        9.47551e-07        7.91278e-05          0.0444068         0.00104227          0.0995449        1.19498e-06        9.31772e-16        6.52582e-17        2.18213e-14         4.7723e-14        0.000549628           0.121598        5.31839e-12        7.68916e-14        4.91467e-17            0.73276
110         0.00277542        2.51169e-05        4.25291e-06             101325           0.169325        4.25291e-06            2003.19                  0           0.999862           0.102715             111624        1.70861e-05        9.43112e-07        7.88871e-05          0.0444061         0.00104074          0.0995463        1.19428e-06        8.17284e-16        5.72377e-17        1.91691e-14        4.19269e-14        0.000547482           0.121601        5.27458e-12        7.41063e-14        4.31073e-17            0.73276
111         0.00280054        2.51169e-05        4.25287e-06             101325           0.169323        4.25287e-06            2003.21                  0           0.999882          0.0881611            95815.4        1.70397e-05        9.39301e-07          7.868e-05          0.0444055         0.00103941          0.0995474        1.19368e-06        7.14799e-16        5.00587e-17        1.67874e-14        3.67207e-14        0.000545636           0.121604        5.23708e-12        7.16264e-14         3.7702e-17            0.73276
112         0.00282565        2.51169e-05        4.25283e-06             101325           0.169321        4.25283e-06            2003.23                  0             0.9999          0.0754822            82050.4        1.69999e-05        9.36033e-07        7.85021e-05           0.044405         0.00103827          0.0995484        1.19317e-06        6.23351e-16        4.36532e-17        1.46564e-14        3.20617e-14        0.000544049           0.121607        5.20501e-12        6.94247e-14        3.28797e-17            0.73276
113         0.00285077        2.51169e-05         4.2528e-06             101325            0.16932         4.2528e-06            2003.25                  0           0.999915          0.0644729            70101.5        1.69658e-05        9.33236e-07        7.83496e-05          0.0444045         0.00103729          0.0995492        1.19273e-06        5.42022e-16        3.79569e-17        1.27567e-14        2.79079e-14        0.000542688           0.121609        5.17761e-12        6.74756e-14        2.85915e-17            0.73276
114         0.00287589        2.51169e-05        4.25277e-06             101325           0.169319        4.25277e-06            2003.27                  0           0.999928          0.0549424              59759        1.69366e-05        9.30845e-07        7.82192e-05          0.0444041         0.00103646            0.09955        1.19236e-06        4.69935e-16        3.29081e-17        1.10694e-14        2.42181e-14        0.000541522           0.121611        5.15425e-12        6.57553e-14        2.47911e-17            0.73276
115           0.002901        2.51169e-05        4.25275e-06             101325           0.169318        4.25275e-06            2003.28                  0           0.999939          0.0467163            50831.8        1.69116e-05        9.28805e-07        7.81077e-05          0.0444038         0.00103574          0.0995506        1.19204e-06        4.06257e-16        2.84484e-17        9.57642e-15        2.09527e-14        0.000540526           0.121612        5.13434e-12        6.42417e-14        2.14343e-17            0.73276
116         0.00292612        2.51169e-05        4.25273e-06             101325           0.169317        4.25273e-06            2003.29                  0           0.999948          0.0396356            43146.5        1.68904e-05        9.27066e-07        7.80126e-05          0.0444035         0.00103513          0.0995511        1.19177e-06        3.50198e-16        2.45225e-17        8.26014e-15        1.80736e-14        0.000539676           0.121614        5.11739e-12        6.29139e-14        1.84794e-17            0.73276
117         0.00295124        2.51169e-05        4.25271e-06             101325           0.169317        4.25271e-06             2003.3                  0           0.999956          0.0335576            36547.9        1.68723e-05        9.25586e-07        7.79316e-05          0.0444033         0.00103461          0.0995516        1.19154e-06        3.01015e-16        2.10782e-17        7.10386e-15        1.55442e-14        0.000538953           0.121615        5.10299e-12        6.17529e-14        1.58872e-17            0.73276
118         0.00297635        2.51169e-05         4.2527e-06             101325           0.169316         4.2527e-06            2003.31                  0           0.999963          0.0283537            30896.4        1.68569e-05         9.2433e-07        7.78628e-05          0.0444031         0.00103416           0.099552        1.19135e-06        2.58011e-16        1.80667e-17        6.09175e-15          1.333e-14        0.000538337           0.121616        5.09078e-12        6.07408e-14        1.36207e-17            0.73276
119         0.00300147        2.51169e-05        4.25268e-06             101325           0.169316        4.25268e-06            2003.31                  0           0.999969          0.0239092            26067.7        1.68439e-05        9.23264e-07        7.78043e-05          0.0444029         0.00103378          0.0995523        1.19118e-06        2.20535e-16        1.54424e-17        5.20897e-15        1.13987e-14        0.000537815           0.121617        5.08042e-12        5.98613e-14        1.16458e-17            0.73276
120         0.00302659        2.51169e-05        4.25267e-06             101325           0.169315        4.25267e-06            2003.32                  0           0.999974          0.0201222            21951.6        1.68329e-05        9.22362e-07        7.77548e-05          0.0444027         0.00103347          0.0995526        1.19104e-06        1.87986e-16        1.31631e-17        4.44165e-15        9.71978e-15        0.000537372           0.121617        5.07166e-12        5.90994e-14         9.9305e-18            0.73276
121          0.0030517        2.51169e-05        4.25266e-06             101325           0.169315        4.25266e-06            2003.33                  0           0.999978          0.0169031            18450.8        1.68235e-05        9.21599e-07         7.7713e-05          0.0444026          0.0010332          0.0995528        1.19093e-06        1.59808e-16          1.119e-17        3.77694e-15        8.26537e-15        0.000536998           0.121618        5.06426e-12        5.84413e-14        8.44564e-18            0.73276
122         0.00307682        2.51169e-05        4.25266e-06             101325           0.169314        4.25266e-06            2003.33                  0           0.999982          0.0141726            15479.8        1.68157e-05        9.20955e-07        7.76776e-05          0.0444025         0.00103297           0.099553        1.19083e-06        1.35493e-16        9.48736e-18        3.20304e-15        7.00958e-15        0.000536682           0.121618        5.05802e-12        5.78747e-14        7.16437e-18            0.73276
123         0.00310194        2.51169e-05        4.25265e-06             101325           0.169314        4.25265e-06            2003.33                  0           0.999985          0.0118616            12963.9         1.6809e-05        9.20412e-07        7.76478e-05          0.0444024         0.00103277          0.0995532        1.19074e-06        1.14578e-16         8.0228e-18        2.70915e-15        5.92885e-15        0.000536415           0.121619        5.05276e-12        5.73882e-14        6.06228e-18            0.73276
124         0.00312706        2.51169e-05        4.25265e-06             101325           0.169314        4.25265e-06            2003.34                  0           0.999987         0.00990978            10837.7        1.68034e-05        9.19955e-07        7.76227e-05          0.0444023         0.00103261          0.0995533        1.19067e-06        9.66429e-17        6.76697e-18        2.28548e-15        5.00174e-15        0.000536191           0.121619        5.04834e-12        5.69718e-14        5.11727e-18            0.73276
125         0.00315217        2.51169e-05        4.25264e-06             101325           0.169314        4.25264e-06            2003.34                  0           0.999989         0.00826468            9044.56        1.67987e-05        9.19572e-07        7.76017e-05          0.0444023         0.00103248          0.0995534        1.19061e-06        8.13112e-17        5.69342e-18        1.92319e-15        4.20891e-15        0.000536003            0.12162        5.04462e-12        5.66164e-14        4.30943e-18            0.73276
126         0.00317729        2.51169e-05        4.25264e-06             101325           0.169314        4.25264e-06            2003.34                  0           0.999991         0.00688086            7535.21        1.67948e-05         9.1925e-07         7.7584e-05          0.0444022         0.00103236          0.0995535        1.19056e-06        6.82441e-17        4.77845e-18        1.61432e-15        3.53299e-15        0.000535845            0.12162        5.04151e-12         5.6314e-14        3.62093e-18            0.73276
127         0.00320241        2.51169e-05        4.25263e-06             101325           0.169314        4.25263e-06            2003.34                  0           0.999993         0.00571905            6267.19        1.67915e-05        9.18981e-07        7.75692e-05          0.0444022         0.00103227          0.0995536        1.19052e-06        5.71418e-17        4.00105e-18        1.35183e-15        2.95855e-15        0.000535712            0.12162         5.0389e-12        5.60573e-14        3.03596e-18            0.73276
128         0.00322752        2.51169e-05        4.25263e-06             101325           0.169313        4.25263e-06            2003.34                  0           0.999994         0.00474544            5203.87        1.67888e-05        9.18756e-07        7.75568e-05          0.0444022         0.00103219          0.0995537        1.19049e-06        4.77355e-17        3.34242e-18         1.1294e-15        2.47176e-15        0.000535602            0.12162        5.03673e-12        5.58402e-14        2.54035e-18            0.73276
129         0.00325264        2.51169e-05        4.25263e-06             101325           0.169313        4.25263e-06            2003.35                  0           0.999995          0.0039312            4313.97        1.67865e-05        9.18568e-07        7.75465e-05          0.0444021         0.00103212          0.0995537        1.19046e-06        3.97911e-17        2.78615e-18        9.41508e-16        2.06056e-15        0.000535509            0.12162        5.03491e-12        5.56569e-14        2.12178e-18            0.73276
130         0.00327776        2.51169e-05        4.25263e-06             101325           0.169313        4.25263e-06            2003.35                  0           0.999996         0.00325136            3570.46        1.67845e-05        9.18411e-07        7.75379e-05          0.0444021         0.00103206          0.0995538        1.19043e-06        3.31012e-17        2.31772e-18        7.83263e-16        1.71424e-15        0.000535432            0.12162        5.03339e-12        5.55028e-14        1.76931e-18            0.73276
131         0.00330287        2.51169e-05        4.25263e-06             101325           0.169313        4.25263e-06            2003.35                  0           0.999997         0.00268479            2950.38        1.67829e-05        9.18281e-07        7.75307e-05          0.0444021         0.00103202          0.0995538        1.19041e-06        2.74832e-17        1.92435e-18         6.5036e-16        1.42338e-15        0.000535368           0.121621        5.03213e-12        5.53734e-14        1.47331e-18            0.73276
132         0.00332799        2.51169e-05        4.25263e-06             101325           0.169313        4.25263e-06            2003.35                  0           0.999997         0.00221344            2434.15        1.67816e-05        9.18173e-07        7.75247e-05          0.0444021         0.00103198          0.0995538         1.1904e-06        2.27788e-17        1.59495e-18        5.39057e-16        1.17978e-15        0.000535315           0.121621        5.03109e-12        5.52652e-14        1.22545e-18            0.73276
133         0.00335311        2.51169e-05        4.25262e-06             101325           0.169313        4.25262e-06            2003.35                  0           0.999998         0.00182198            2005.11        1.67805e-05        9.18083e-07        7.75198e-05           0.044402         0.00103195          0.0995539        1.19038e-06        1.88503e-17        1.31988e-18        4.46105e-16         9.7635e-16        0.000535271           0.121621        5.03022e-12        5.51749e-14        1.01847e-18            0.73276
134         0.00337822        2.51169e-05        4.25262e-06             101325           0.169313        4.25262e-06            2003.35                  0           0.999998         0.00149743            1649.14        1.67796e-05        9.18009e-07        7.75157e-05           0.044402         0.00103192          0.0995539        1.19037e-06        1.55812e-17        1.09098e-18        3.68749e-16        8.07049e-16        0.000535234           0.121621         5.0295e-12        5.50997e-14        8.46232e-19            0.73276
135         0.00340334        2.51169e-05        4.25262e-06             101325           0.169313        4.25262e-06            2003.35                  0           0.999998         0.00122881             1354.3        1.67789e-05        9.17947e-07        7.75123e-05           0.044402          0.0010319          0.0995539        1.19036e-06        1.28705e-17        9.01174e-19        3.04604e-16         6.6666e-16        0.000535204           0.121621        5.02891e-12        5.50374e-14        7.03415e-19            0.73276
136         0.00342846        2.51169e-05        4.25262e-06             101325           0.169313        4.25262e-06            2003.35                  0           0.999999         0.00100687             1110.5        1.67782e-05        9.17897e-07        7.75095e-05           0.044402         0.00103188          0.0995539        1.19035e-06        1.06331e-17        7.44514e-19        2.51656e-16        5.50779e-16        0.000535179           0.121621        5.02842e-12         5.4986e-14        5.85537e-19            0.73276
137         0.00345358        2.51169e-05        4.25262e-06             101325           0.169313        4.25262e-06            2003.35                  0           0.999999        0.000823788            909.236        1.67777e-05        9.17855e-07        7.75072e-05           0.044402         0.00103187          0.0995539        1.19035e-06        8.76602e-18        6.13782e-19         2.0747e-16        4.54073e-16        0.000535159           0.121621        5.02801e-12        5.49432e-14        4.87167e-19            0.73276
138         0.00347869        2.51169e-05        4.25262e-06             101325           0.169313        4.25262e-06            2003.35                  0           0.999999        0.000673043            743.401        1.67773e-05         9.1782e-07        7.75053e-05           0.044402         0.00103185          0.0995539        1.19034e-06        7.22378e-18        5.05795e-19        1.70971e-16        3.74189e-16        0.000535142           0.121621        5.02768e-12        5.49078e-14        4.05912e-19            0.73276
139         0.00350381        2.51169e-05        4.25262e-06             101325           0.169313        4.25262e-06            2003.35                  0           0.999999        0.000549118            606.963         1.6777e-05        9.17792e-07        7.75038e-05           0.044402         0.00103184           0.099554        1.19034e-06        5.96162e-18         4.1742e-19        1.41099e-16        3.08811e-16        0.000535128           0.121621        5.02741e-12        5.48788e-14        3.39415e-19            0.73276
140         0.00352893        2.51169e-05        4.25262e-06             101325           0.169313        4.25262e-06            2003.35                  0           0.999999        0.000447413            494.901        1.67767e-05        9.17769e-07        7.75025e-05           0.044402         0.00103183           0.099554        1.19033e-06        4.92091e-18         3.4455e-19        1.16468e-16        2.54902e-16        0.000535117           0.121621        5.02718e-12        5.48549e-14        2.84584e-19            0.73276
141         0.00355404        2.51169e-05        4.25262e-06             101325           0.169313        4.25262e-06            2003.35                  0                  1        0.000364112            403.048        1.67764e-05         9.1775e-07        7.75015e-05           0.044402         0.00103183           0.099554        1.19033e-06        4.05932e-18        2.84223e-19        9.60755e-17        2.10271e-16        0.000535107           0.121621          5.027e-12        5.48352e-14         2.3919e-19            0.73276
142         0.00357916        2.51169e-05        4.25262e-06             101325           0.169313        4.25262e-06            2003.35                  0                  1        0.000296018             327.91        1.67763e-05        9.17735e-07        7.75006e-05           0.044402         0.00103182           0.099554        1.19033e-06        3.34759e-18        2.34388e-19        7.92298e-17        1.73402e-16          0.0005351           0.121621        5.02685e-12        5.48189e-14        2.01692e-19            0.73276
143         0.00360428        2.51169e-05        4.25262e-06             101325           0.169313        4.25262e-06            2003.35                  0                  1        0.000240481            266.584        1.67761e-05        9.17722e-07        7.74999e-05           0.044402         0.00103182           0.099554        1.19033e-06        2.75989e-18        1.93238e-19        6.53197e-17        1.42958e-16        0.000535093           0.121621        5.02673e-12        5.48054e-14        1.70729e-19            0.73276
144         0.00362939        2.51169e-05        4.25262e-06             101325           0.169313        4.25262e-06            2003.35                  0                  1        0.000195307            216.668         1.6776e-05        9.17712e-07        7.74993e-05           0.044402         0.00103181           0.099554        1.19033e-06        2.27457e-18        1.59256e-19        5.38329e-17        1.17817e-16        0.000535088           0.121621        5.02663e-12        5.47943e-14         1.4516e-19            0.73276
145         0.00365451        2.51169e-05        4.25262e-06             101325           0.169313        4.25262e-06            2003.35                  0                  1        0.000158691            176.181        1.67759e-05        9.17703e-07        7.74989e-05           0.044402         0.00103181           0.099554        1.19032e-06        1.87978e-18        1.31613e-19        4.44884e-17        9.73654e-17        0.000535084           0.121621        5.02655e-12        5.47853e-14         1.2436e-19            0.73276
146         0.00367963        2.51169e-05        4.25262e-06             101325           0.169313        4.25262e-06            2003.35                  0                  1        0.000129151            143.495        1.67758e-05        9.17697e-07        7.74985e-05           0.044402         0.00103181           0.099554        1.19032e-06        1.56268e-18         1.0941e-19        3.69828e-17        8.09383e-17        0.000535081           0.121621        5.02649e-12        5.47781e-14        1.07653e-19            0.73276
147         0.00370474        2.51169e-05        4.25262e-06             101325           0.169313        4.25262e-06            2003.35                  0                  1        0.000105481            117.286        1.67757e-05        9.17691e-07        7.74982e-05           0.044402         0.00103181           0.099554        1.19032e-06         1.3112e-18        9.18017e-20        3.10305e-17        6.79107e-17        0.000535079           0.121621        5.02643e-12        5.47723e-14        9.44037e-20            0.73276
148         0.00372986        2.51169e-05        4.25262e-06             101325           0.169313        4.25262e-06            2003.35                  0                  1        8.67118e-05             96.489        1.67757e-05        9.17687e-07         7.7498e-05           0.044402         0.00103181           0.099554        1.19032e-06        1.11402e-18        7.79954e-20        2.63633e-17        5.76959e-17        0.000535077           0.121621        5.02639e-12        5.47678e-14        8.40152e-20            0.73276
149         0.00375498        2.51169e-05        4.25262e-06             101325           0.169313        4.25262e-06            2003.35                  0                  1        7.20718e-05            80.2578        1.67756e-05        9.17684e-07        7.74978e-05           0.044402          0.0010318           0.099554        1.19032e-06        9.62896e-19        6.74141e-20        2.27864e-17        4.98673e-17        0.000535075           0.121621        5.02636e-12        5.47644e-14        7.60534e-20            0.73276
150          0.0037801        2.51169e-05        4.25262e-06             101325           0.169313        4.25262e-06            2003.35                  0                  1        6.09681e-05            67.9411        1.67756e-05        9.17682e-07        7.74977e-05           0.044402          0.0010318           0.099554        1.19032e-06         8.5266e-19        5.96954e-20        2.01771e-17        4.41565e-17        0.000535074           0.121621        5.02634e-12        5.47619e-14        7.02455e-20            0.73276
151         0.00380521        2.51169e-05        4.25262e-06             101325           0.169313        4.25262e-06            2003.35                  0                  1        5.29643e-05            59.0584        1.67756e-05         9.1768e-07        7.74976e-05           0.044402          0.0010318           0.099554        1.19032e-06        7.77485e-19        5.44317e-20        1.83977e-17        4.02621e-17        0.000535073           0.121621        5.02633e-12        5.47602e-14        6.62849e-20            0.73276
152         0.00383033        2.51169e-05        4.25262e-06             101325           0.169313        4.25262e-06            2003.35                  0                  1        4.77624e-05            53.2846        1.67756e-05        9.17679e-07        7.74976e-05           0.044402          0.0010318           0.099554        1.19032e-06        7.35461e-19        5.14892e-20         1.7403e-17        3.80851e-17        0.000535073           0.121621        5.02632e-12        5.47592e-14        6.40708e-20            0.73276
