# Time 0.00028
# eta = 0.002
# length = 0.000784016
#--- 	  	 LEM Line data  --- 
#(1) wafer              (2) x             (3) dx              (4) m              (5) p            (6) rho              (7) m              (8) T              (9) Z             (10) C          (11) dCdt       (12) heatRel                  (13) Y_H2                  (14) Y_H                  (15) Y_O                  (16) Y_O2                  (17) Y_OH                  (18) Y_H2O                  (19) Y_HO2                  (20) Y_CH2                  (21) Y_CH2(S)                  (22) Y_CH3                  (23) Y_CH4                  (24) Y_CO                  (25) Y_CO2                  (26) Y_HCO                  (27) Y_CH2O                  (28) Y_CH2OH                  (29) Y_N2
0        1.25585e-05         2.5117e-05        2.84224e-05             101325             1.1316        2.84224e-05            300.014                  0                  0                  0                  0        3.14232e-10        1.08561e-18        2.81491e-12           0.222597        1.73543e-12        6.34468e-07        9.06265e-10        4.98525e-19        2.57616e-20        5.20899e-09          0.0446418        9.12158e-09         7.5925e-07        3.21044e-19           1.48e-09        5.57116e-23            0.73276
1        3.76754e-05         2.5117e-05        2.84212e-05             101325            1.13155        2.84212e-05            300.026                  0        6.56331e-06        1.33838e-07            0.11123        6.17206e-10        3.15413e-18        4.26774e-12           0.222596        2.77881e-12        1.20813e-06        1.67848e-09        1.53896e-18        7.96036e-20        9.97845e-09          0.0446415         1.7875e-08        1.44504e-06        9.93947e-19        2.90368e-09        1.72211e-22            0.73276
2        6.27924e-05         2.5117e-05        2.84183e-05             101325            1.13144        2.84183e-05            300.056                  0        1.22216e-05        2.08962e-07           0.185495         1.3884e-09        1.11105e-17        6.82703e-12           0.222593        4.82016e-12        2.61765e-06        3.51558e-09        5.86686e-18        3.03164e-19        2.17751e-08          0.0446409        4.01204e-08        3.12902e-06        3.80329e-18        6.51865e-09        6.56566e-22            0.73276
3        8.79094e-05         2.5117e-05         2.8412e-05             101325            1.13119         2.8412e-05            300.123                  0        2.65546e-05        3.64407e-07           0.374578        3.18012e-09        3.87714e-17        1.08174e-11           0.222588        8.41445e-12        5.76719e-06         7.4808e-09        2.24245e-17        1.15871e-18          4.832e-08          0.0446394        9.17555e-08        6.88921e-06        1.45942e-17        1.48862e-08        2.51412e-21            0.73276
4        0.000113026         2.5117e-05        2.83985e-05             101325            1.13065        2.83985e-05            300.265                  0        5.84995e-05        6.39947e-07           0.863754        7.15444e-09        1.24869e-16        1.61838e-11           0.222576        1.41656e-11        1.24441e-05        1.55608e-08        8.05588e-17         4.1659e-18         1.0504e-07          0.0446364        2.06273e-07        1.48537e-05        5.26712e-17        3.33495e-08         9.0716e-21            0.73276
5        0.000138143         2.5117e-05        2.83712e-05             101325            1.12956        2.83712e-05            300.554                  0        0.000126126        1.08976e-06            2.27466        1.56899e-08        3.60341e-16        2.22399e-11           0.222552        2.26107e-11        2.60634e-05         3.1335e-08        2.66326e-16        1.37953e-17        2.21742e-07          0.0446302        4.52449e-07        3.10823e-05        1.75172e-16        7.27208e-08        3.02483e-20            0.73276
6         0.00016326         2.5117e-05        2.83178e-05             101325            1.12744        2.83178e-05            301.121                  0        0.000263898        1.78053e-06              6.722        3.34807e-08        9.13074e-16        2.74237e-11           0.222505        3.39704e-11        5.28385e-05        6.08958e-08        8.03266e-16        4.17266e-17        4.53362e-07           0.044618        9.66797e-07         6.2946e-05        5.32757e-16        1.54017e-07        9.26794e-20            0.73276
7        0.000188377         2.5117e-05        2.82175e-05             101325            1.12345        2.82175e-05            302.191                  0        0.000534399        2.79874e-06            21.2339        6.94673e-08        1.99471e-15        2.95646e-11           0.222415         4.7961e-11        0.000103511        1.14021e-07        2.20359e-15        1.15063e-16        8.96308e-07          0.0445949        2.01169e-06        0.000123152        1.47949e-15        3.16469e-07         2.6167e-19            0.73276
8        0.000213494         2.5117e-05        2.80376e-05             101325            1.11628        2.80376e-05            304.129                  0         0.00104561        4.28552e-06            68.1206        1.40054e-07        3.71157e-15        2.70264e-11           0.222253         6.4173e-11        0.000195621        2.05434e-07        5.54501e-15        2.91861e-16        1.71085e-06          0.0445529        4.07496e-06        0.000232369        3.79405e-15        6.30178e-07        6.92279e-19            0.73276
9        0.000238611         2.5117e-05         2.7731e-05             101325            1.10408         2.7731e-05            307.491                  0          0.0019734        6.55236e-06            214.057        2.74135e-07        5.97327e-15        2.02589e-11            0.22197        8.37229e-11        0.000355961        3.55835e-07        1.31301e-14        7.01462e-16        3.14731e-06          0.0444796         8.0322e-06        0.000421993        9.25178e-15        1.21443e-06        1.79026e-18            0.73276
10        0.000263728         2.5117e-05        2.72385e-05             101325            1.08447        2.72385e-05            313.048                  0         0.00358569        1.04172e-05            643.505        5.20332e-07        9.19163e-15        1.20886e-11             0.2215        1.13091e-10         0.00062231        5.92387e-07        3.09801e-14        1.69567e-15          5.569e-06          0.0443578        1.53943e-05        0.000735921        2.28425e-14         2.2611e-06        4.89199e-18            0.73276
11        0.000288845         2.5117e-05        2.64995e-05             101325            1.05505        2.64995e-05            321.775                  0         0.00625876        1.82919e-05            1819.49        9.56256e-07        1.71164e-14        5.65664e-12           0.220758        1.70568e-10         0.00104294        9.48748e-07        7.78094e-14        4.41613e-15        9.45873e-06          0.0441652        2.86538e-05         0.00122949        6.13012e-14        4.05923e-06        1.53987e-17            0.73276
12        0.000313962         2.5117e-05        2.54726e-05             101325            1.01416        2.54726e-05            334.741                  0          0.0104705        3.76969e-05            4777.81        1.69858e-06        4.53182e-14        2.09898e-12            0.21965        2.97498e-10         0.00167245        1.46575e-06        2.12816e-13        1.26799e-14        1.53942e-05          0.0438764        5.17125e-05         0.00196381        1.83211e-13        7.01249e-06        5.73935e-17            0.73276
13        0.000339079         2.5117e-05        2.41586e-05             101325           0.961844        2.41586e-05            352.936                  0          0.0167555        9.21354e-05            11572.8        2.91135e-06        1.49947e-13        6.56907e-13           0.218083        5.81509e-10         0.00256381        2.19471e-06        6.11918e-13        3.86517e-14        2.39868e-05          0.0434666        9.03269e-05         0.00299553         5.8776e-13        1.16392e-05        2.41319e-16            0.73276
14        0.000364196         2.5117e-05        2.26112e-05             101325           0.900238        2.26112e-05             377.07                  0          0.0256206         0.00025293            25878.3        4.80956e-06        5.26844e-13        2.56665e-13           0.215985        1.20651e-09         0.00375923        3.20454e-06        1.76157e-12        1.18657e-13        3.58003e-05          0.0429154        0.000152455         0.00436521        1.92123e-12        1.85491e-05        1.06668e-15            0.73276
15        0.000389313         2.5117e-05        2.09245e-05             101325           0.833081        2.09245e-05            407.437                  0          0.0374479        0.000728318            53875.7        7.65601e-06        1.81966e-12        4.08508e-13           0.213316        2.54473e-09         0.00528385        4.59156e-06        4.91073e-12        3.52925e-13        5.12811e-05          0.0422101        0.000248388         0.00608947        6.16183e-12        2.84013e-05         4.6759e-15            0.73276
16         0.00041443         2.5117e-05        1.92032e-05             101325           0.764551        1.92032e-05            443.909                  0           0.052427          0.0020935             105912        1.17522e-05        5.98373e-12          1.544e-12           0.210068        5.28891e-09         0.00714491        6.48892e-06        1.29907e-11        9.91432e-13        7.07286e-05          0.0413459        0.000390621         0.00816018        1.89229e-11        4.18569e-05        1.95125e-14            0.73276
17        0.000439547         2.5117e-05         1.7536e-05             101325           0.698174         1.7536e-05            486.038                  0          0.0705474         0.00580923             199811         1.7426e-05        1.85635e-11        6.48932e-12           0.206256        1.05864e-08         0.00933592        9.07324e-06        3.22213e-11        2.58872e-12        9.43088e-05          0.0403239        0.000593497          0.0105499        5.48407e-11        5.95393e-05        7.57451e-14            0.73276
18        0.000464664         2.5117e-05        1.59816e-05             101325           0.636286        1.59816e-05            533.205                  0          0.0916441          0.0151941             366817         2.5019e-05        5.49173e-11         2.7462e-11           0.201914        2.01235e-08          0.0118428        1.25687e-05        7.46783e-11         6.2451e-12        0.000122095          0.0391489        0.000872738          0.0132202        1.49326e-10        8.20056e-05        2.72385e-13            0.73276
19        0.000489781         2.5117e-05         1.4569e-05             101325           0.580045         1.4569e-05            584.748                  0           0.115468          0.0369077             661094        3.48754e-05        1.58288e-10        1.14978e-10           0.197074        3.62068e-08          0.0146499        1.72491e-05        1.62952e-10        1.39993e-11        0.000154117          0.0378263         0.00124496          0.0161291        3.84306e-10        0.000109728        9.19679e-13            0.73276
20        0.000514898         2.5117e-05        1.33054e-05             101325           0.529736        1.33054e-05            640.062                  0           0.141747          0.0829373        1.17498e+06        4.73336e-05        4.53074e-10        4.70104e-10           0.191768        6.21984e-08          0.0177434        2.34387e-05        3.41844e-10        2.97193e-11        0.000190405          0.0363607         0.00172721          0.0192367        9.48627e-10        0.000143078        2.98927e-12            0.73276
21        0.000540015         2.5117e-05        1.21845e-05             101325            0.48511        1.21845e-05            698.644                  0           0.170236           0.173904        2.06921e+06         6.2718e-05        1.29481e-09         1.8516e-09           0.186019        1.04382e-07          0.0211137        3.15083e-05        7.14369e-10        6.17784e-11        0.000231022          0.0347549         0.00233655          0.0225079        2.29082e-09        0.000182314        9.59027e-12            0.73276
22        0.000565132         2.5117e-05        1.11934e-05             101325            0.44565        1.11934e-05            760.109                  0           0.200731            0.34838        3.64755e+06        8.13325e-05        3.66549e-09         6.9348e-09           0.179844        1.78081e-07          0.0247558        4.18627e-05        1.55479e-09        1.31462e-10        0.000276102          0.0330097         0.00308959          0.0259137        5.51948e-09        0.000227568         3.0756e-11            0.73276
23        0.000590249         2.5117e-05        1.03167e-05             101325           0.410746        1.03167e-05            824.184                  0           0.233082           0.695148        6.55496e+06        0.000103453         1.0154e-08        2.44514e-08           0.173251        3.25226e-07          0.0286686        5.49097e-05        3.64577e-09        2.97974e-10        0.000325884          0.0311243         0.00400205          0.0294312        1.34446e-08        0.000278837        9.82234e-11            0.73276
24        0.000615365         2.5117e-05        9.53928e-06             101325           0.379794        9.53928e-06            890.691                  0           0.267185            1.45938        1.22911e+07        0.000129322        2.72812e-08         8.0724e-08           0.166241        6.60828e-07          0.0328538         7.0994e-05        9.21702e-09        7.27528e-10        0.000380761          0.0290964         0.00508813          0.0330429        3.31793e-08        0.000335979        3.08111e-10            0.73276
25        0.000640482         2.5117e-05        8.84733e-06             101325           0.352245        8.84733e-06            959.526                  0           0.302975            3.35968        2.44811e+07        0.000159136        7.08695e-08        2.49386e-07           0.158816        1.48799e-06           0.037314         9.0269e-05        2.43709e-08        1.87018e-09        0.000441316          0.0269235         0.00635983          0.0367355        8.22457e-08        0.000398693        9.35353e-10            0.73276
26        0.000665599         2.5117e-05        8.22884e-06             101325           0.327621        8.22884e-06            1030.62                  0           0.340411            8.44753        5.18632e+07        0.000193025        1.78166e-07        7.23108e-07           0.150978          3.565e-06          0.0420492        0.000112462        6.48687e-08        4.87761e-09        0.000508258          0.0246044         0.00782561           0.040498        2.01798e-07         0.00046646        2.71691e-09           0.732759
27        0.000690716         2.5117e-05         7.6738e-06             101325           0.305523         7.6738e-06            1103.93                  0           0.379445            22.2231        1.14896e+08        0.000231045          4.343e-07        1.97764e-06           0.142733        8.68872e-06          0.0470567        0.000136505        1.68826e-07        1.25121e-08        0.000582101          0.0221391         0.00948985          0.0443225        4.82822e-07        0.000538446        7.49605e-09           0.732759
28        0.000715833         2.5117e-05        7.17405e-06             101325           0.285626        7.17405e-06            1179.34                  0           0.420033            58.3412        2.59316e+08        0.000273154        1.02644e-06         5.1273e-06           0.134085         2.0883e-05          0.0523301         0.00016004        4.21914e-07        3.09381e-08         0.00066216          0.0195301          0.0113525          0.0482058        1.11255e-06        0.000613246        1.95531e-08           0.732759
29         0.00074095         2.5117e-05         6.7233e-06             101325            0.26768         6.7233e-06            1256.64                  0           0.462136            147.803        5.80935e+08        0.000319084        2.34278e-06        1.26402e-05            0.12505        4.85832e-05          0.0578519        0.000179036        9.99847e-07        7.27239e-08        0.000744181          0.0167872          0.0134058          0.0521486        2.44124e-06        0.000688198        4.79768e-08           0.732759
30        0.000766067         2.5117e-05         6.3173e-06             101325           0.251515         6.3173e-06            1335.32                  0           0.505671             353.24        1.26131e+09        0.000368018        5.12125e-06        2.96336e-05           0.115668        0.000108027          0.0635763        0.000188264        2.21669e-06        1.60229e-07        0.000816305          0.0139388          0.0156251          0.0561524        5.03222e-06        0.000757962         1.0973e-07           0.732758
31        0.000791184         2.5117e-05         5.9544e-06             101325           0.237067         5.9544e-06             1414.3                  0           0.550406            780.688        2.59006e+09        0.000417892        1.05842e-05        6.58576e-05           0.106039        0.000226885          0.0694007        0.000183407        4.50033e-06        3.23882e-07        0.000854955          0.0110496          0.0179502          0.0602169        9.54827e-06        0.000811964        2.29614e-07           0.732757
32        0.000816301         2.5117e-05        5.63629e-06             101325           0.224402        5.63629e-06            1491.46                  0           0.595795            1558.38        4.88553e+09        0.000464182         2.0301e-05        0.000137772          0.0963792         0.00044377          0.0751245        0.000163846        8.05644e-06        5.78825e-07         0.00082745         0.00824327          0.0202473          0.0643358        1.61494e-05        0.000831139        4.23889e-07           0.732757
33        0.000841418         2.5117e-05        5.36815e-06             101325           0.213726        5.36815e-06            1563.23                  0           0.640742            2725.28        8.14605e+09        0.000498823        3.52796e-05        0.000268036          0.0870897        0.000794515          0.0804215        0.000133533        1.19868e-05        8.63573e-07        0.000712707         0.00570918          0.0222665          0.0684889        2.32668e-05        0.000789336         6.5089e-07           0.732756
34        0.000866535         2.5117e-05        5.15595e-06             101325           0.205277        5.15595e-06            1625.19                  0           0.683446            4035.95        1.14464e+10        0.000512156        5.43068e-05        0.000476012          0.0787302         0.00128049          0.0849007        9.95824e-05        1.39531e-05        1.01438e-06        0.000533357         0.00365048          0.0236611          0.0726318        2.72817e-05        0.000671743        7.82784e-07           0.732756
35        0.000891652         2.5117e-05        5.00009e-06             101325           0.199072        5.00009e-06            1674.27                  0           0.721764            4952.86        1.30193e+10        0.000500679        7.36117e-05        0.000754626          0.0717952         0.00184277          0.0882919        6.92159e-05        1.26244e-05        9.31118e-07        0.000350394         0.00217398          0.0241627          0.0766858        2.56904e-05        0.000503351         7.3232e-07           0.732757
36        0.000916769         2.5117e-05        4.89166e-06             101325           0.194755        4.89166e-06            1710.78                  0           0.754223            5084.35        1.20037e+10        0.000472362        8.95029e-05         0.00105709          0.0664525         0.00238631          0.0905998        4.64514e-05         9.4107e-06        7.05525e-07        0.000209953         0.00123001          0.0237823          0.0805484        2.01272e-05        0.000337384        5.63435e-07           0.732757
37        0.000941886         2.5117e-05        4.81676e-06             101325           0.191773        4.81676e-06            1737.59                  0            0.78075            4549.36        9.41108e+09        0.000439597        0.000100531         0.00132624          0.0625258         0.00284008          0.0920498          3.141e-05        6.22163e-06        4.73622e-07        0.000119446         0.00067497          0.0227732          0.0841302         1.3898e-05        0.000209433        3.82787e-07           0.732758
38        0.000967003         2.5117e-05        4.76295e-06             101325           0.189631        4.76295e-06            1757.99                  0           0.802272            3743.13        6.67641e+09        0.000410379        0.000107018         0.00152963          0.0596817         0.00318265          0.0929222        2.21879e-05        3.85518e-06        2.97301e-07        6.62766e-05        0.000364645          0.0214335          0.0873831        8.89594e-06        0.000124309        2.42505e-07           0.732759
39         0.00099212         2.5117e-05        4.72176e-06             101325           0.187991        4.72176e-06            1774.41                  0           0.819949            2962.08        4.53027e+09        0.000387041        0.000109886         0.00166306          0.0575973         0.00342531          0.0934458        1.67165e-05        2.31132e-06        1.80139e-07        3.63983e-05        0.000195717          0.0199835          0.0902996        5.45503e-06        7.20446e-05        1.47995e-07           0.732759
40         0.00101724         2.5117e-05        4.68814e-06             101325           0.186652        4.68814e-06            1788.38                  0           0.834762            2321.13        3.07149e+09        0.000368884        0.000110053         0.00173697          0.0560259         0.00358965          0.0937744        1.34769e-05        1.36375e-06        1.07198e-07        1.99434e-05        0.000104931          0.0185519           0.092898        3.26665e-06        4.12725e-05        8.85727e-08           0.732759
41         0.00104235         2.5117e-05        4.65924e-06             101325           0.185502        4.65924e-06            1800.79                  0           0.847436             1829.4        2.14645e+09        0.000354343        0.000108265         0.00176544          0.0547985         0.00369595          0.0940018         1.1515e-05        7.99287e-07        6.32539e-08        1.09524e-05        5.63815e-05           0.017202          0.0952085        1.93186e-06        2.35381e-05        5.25035e-08            0.73276
42         0.00106747         2.5117e-05        4.63349e-06             101325           0.184476        4.63349e-06            1812.14                  0            0.85848            1459.48         1.5733e+09         0.00034197        0.000105092          0.0017611          0.0538052         0.00375997          0.0941812        1.02723e-05        4.67787e-07        3.72127e-08         6.0456e-06        3.04266e-05          0.0159587          0.0972648        1.13614e-06         1.3421e-05        3.10021e-08            0.73276
43         0.00109259         2.5117e-05        4.60999e-06             101325           0.183541        4.60999e-06             1822.7                  0            0.86825            1179.82         1.2143e+09         0.00033071        0.000100964         0.00173381          0.0529755           0.003793          0.0943416         9.4333e-06         2.7423e-07        2.18981e-08        3.36039e-06        1.65157e-05          0.0148262          0.0991001        6.67619e-07        7.67089e-06         1.8297e-08            0.73276
44          0.0011177         2.5117e-05        4.58825e-06             101325           0.182675        4.58825e-06            1832.63                  0           0.877001            964.951        9.80769e+08        0.000319887        9.62017e-05         0.00169082          0.0522639         0.00380295          0.0944976         8.8223e-06        1.61324e-07        1.29147e-08         1.8832e-06        9.02665e-06          0.0137988           0.100745        3.93439e-07        4.40225e-06        1.08154e-08            0.73276
45         0.00114282         2.5117e-05        4.56796e-06             101325           0.181867        4.56796e-06            1842.04                  0            0.88492            796.544        8.20004e+08        0.000309116        9.10447e-05         0.00163727          0.0516407         0.00379529          0.0946561        8.34196e-06        9.53379e-08         7.6425e-09        1.06492e-06        4.97153e-06          0.0128668           0.102226        2.33313e-07        2.53939e-06        6.41094e-09            0.73276
46         0.00116794         2.5117e-05         4.5489e-06             101325           0.181109         4.5489e-06            1850.98                  0           0.892147            662.024        7.01965e+08        0.000298208         8.5674e-05         0.00157681          0.0510861         0.00377388          0.0948197        7.93829e-06        5.66342e-08        4.54117e-09        6.07965e-07        2.76088e-06          0.0120191           0.103567        1.39707e-07        1.47331e-06        3.81364e-09            0.73276
47         0.00119306         2.5117e-05        4.53095e-06             101325           0.180394        4.53095e-06            1859.49                  0           0.898793            552.825        6.09877e+08        0.000287098        8.02256e-05         0.00151202          0.0505861         0.00374148          0.0949887        7.58114e-06        3.38273e-08        2.71055e-09        3.50523e-07        1.54667e-06          0.0112453           0.104788        8.48023e-08        8.60081e-07        2.27767e-09            0.73276
48         0.00121817         2.5117e-05        4.51399e-06             101325           0.179719        4.51399e-06            1867.62                  0           0.904944             463.05        5.34423e+08         0.00027579        7.48014e-05         0.00144473           0.050131         0.00370012          0.0951623        7.25348e-06        2.03181e-08        1.62555e-09        2.04119e-07         8.7435e-07          0.0105355           0.105906        5.24102e-08        5.05307e-07         1.3661e-09           0.732761
49         0.00124329         2.5117e-05        4.49795e-06             101325            0.17908        4.49795e-06            1875.38                  0           0.910668            388.541        4.70382e+08         0.00026433        6.94774e-05         0.00137629          0.0497136         0.00365135          0.0953395         6.9456e-06        1.22723e-08        9.79586e-10        1.20055e-07          4.989e-07         0.00988144           0.106936        3.31386e-08        2.98801e-07        8.22956e-10           0.732761
50         0.00126841         2.5117e-05        4.48276e-06             101325           0.178475        4.48276e-06             1882.8                  0           0.916022            326.283        4.14763e+08        0.000252781        6.43095e-05         0.00130765          0.0493284         0.00359637          0.0955188        6.65187e-06        7.45371e-09        5.93208e-10        7.13103e-08        2.87374e-07         0.00927587           0.107888        2.15401e-08        1.77838e-07        4.97974e-10           0.732761
51         0.00129352         2.5117e-05        4.46836e-06             101325           0.177902        4.46836e-06            1889.89                  0           0.921049            274.016        3.65782e+08        0.000241213        5.93382e-05         0.00123956          0.0489713         0.00353616           0.095699        6.36901e-06        4.55183e-09        3.60995e-10        4.27689e-08        1.67118e-07          0.0087127           0.108773        1.44521e-08         1.0653e-07        3.02686e-10           0.732761
52         0.00131864         2.5117e-05         4.4547e-06             101325           0.177358         4.4547e-06            1896.67                  0           0.925788            230.003        3.22308e+08        0.000229693        5.45916e-05         0.00117254           0.048639         0.00347151           0.095879        6.09508e-06        2.79468e-09        2.20766e-10        2.58947e-08        9.81192e-08         0.00818687             0.1096        1.00345e-08        6.42253e-08        1.84822e-10           0.732761
53         0.00134376         2.5117e-05        4.44175e-06             101325           0.176843        4.44175e-06            1903.15                  0           0.930267            192.872        2.83574e+08        0.000218285        5.00884e-05         0.00110701          0.0483289         0.00340312          0.0960576        5.82894e-06        1.72498e-09        1.35679e-10        1.58235e-08        5.81611e-08         0.00769417           0.110374        7.21284e-09        3.89677e-08        1.13374e-10           0.732761
54         0.00136887         2.5117e-05        4.42946e-06             101325           0.176353        4.42946e-06            1909.34                  0            0.93451            161.515        2.49014e+08        0.000207045        4.58398e-05         0.00104328          0.0480389         0.00333157          0.0962341        5.56996e-06        1.07035e-09        8.38029e-11        9.75664e-09         3.4805e-08         0.00723113           0.111102        5.35717e-09        2.37935e-08        6.98724e-11           0.732761
55         0.00139399         2.5117e-05         4.4178e-06             101325           0.175889         4.4178e-06            1915.25                  0           0.938538            135.031        2.18183e+08        0.000196025        4.18511e-05        0.000981573          0.0477674         0.00325738          0.0964077        5.31782e-06        6.67665e-10        5.20242e-11        6.06899e-09        2.10261e-08         0.00679491           0.111787        4.09577e-09        1.46207e-08        4.32685e-11           0.732761
56         0.00141911         2.5117e-05        4.40674e-06             101325           0.175449        4.40674e-06            1920.89                  0           0.942366            112.668        1.90706e+08        0.000185267        3.81231e-05         0.00092207          0.0475128         0.00318104          0.0965777        5.07241e-06        4.18694e-10        3.24634e-11        3.80781e-09        1.28222e-08         0.00638317           0.112434        3.20773e-09        9.04174e-09        2.69259e-11           0.732761
57         0.00144423         2.5117e-05        4.39627e-06             101325           0.175032        4.39627e-06            1926.27                  0           0.946008            93.8036        1.66261e+08        0.000174807        3.46527e-05        0.000864894           0.047274         0.00310296          0.0967436        4.83375e-06        2.63981e-10        2.03649e-11        2.40946e-09        7.89274e-09           0.005994           0.113046         2.5604e-09        5.62788e-09         1.6841e-11           0.732761
58         0.00146934         2.5117e-05        4.38635e-06             101325           0.174637        4.38635e-06             1931.4                  0           0.949474            77.9105        1.44559e+08        0.000164675        3.14345e-05        0.000810134            0.04705         0.00302355           0.096905        4.60197e-06        1.67353e-10        1.28452e-11        1.53748e-09        4.90395e-09         0.00562582           0.113624        2.07311e-09        3.52616e-09        1.05888e-11           0.732761
59         0.00149446         2.5117e-05        4.37695e-06             101325           0.174263        4.37695e-06            1936.27                  0           0.952772            64.5444        1.25337e+08        0.000154897        2.84605e-05        0.000757845          0.0468401         0.00294318          0.0970616        4.37725e-06        1.06695e-10        8.14795e-12        9.89293e-10        3.07546e-09         0.00527733           0.114172        1.69594e-09        2.22432e-09        6.69424e-12           0.732761
60         0.00151958         2.5117e-05        4.36808e-06             101325           0.173909        4.36808e-06            1940.91                  0           0.955911            53.3279        1.08359e+08        0.000145492        2.57216e-05        0.000708059          0.0466434         0.00286218          0.0972131        4.15983e-06        6.84186e-11        5.19872e-12        6.41893e-10        1.94683e-09         0.00494745            0.11469        1.39732e-09        1.41294e-09        4.25631e-12           0.732761
61         0.00154469         2.5117e-05        4.35969e-06             101325           0.173575        4.35969e-06            1945.31                  0           0.958896            43.9396        9.34052e+07        0.000136475        2.32071e-05        0.000660785          0.0464593          0.0027809          0.0973592        3.94996e-06        4.41382e-11        3.33724e-12        4.19989e-10        1.24398e-09         0.00463526            0.11518        1.15674e-09        9.04063e-10        2.72243e-12           0.732761
62         0.00156981         2.5117e-05        4.35177e-06             101325            0.17326        4.35177e-06            1949.48                  0           0.961733             36.105        8.02749e+07        0.000127858        2.09058e-05        0.000616014          0.0462872         0.00269962          0.0974999        3.74792e-06        2.86525e-11        2.15589e-12        2.77126e-10        8.02407e-10         0.00433997           0.115644        9.60437e-10        5.82839e-10        1.75222e-12           0.732761
63         0.00159493         2.5117e-05        4.34431e-06             101325           0.172963        4.34431e-06            1953.43                  0           0.964426            29.5894        6.87836e+07        0.000119646         1.8806e-05        0.000573723          0.0461266         0.00261866          0.0976349        3.55397e-06        1.87206e-11        1.40195e-12        1.84426e-10        5.22521e-10          0.0040609           0.116083        7.98831e-10        3.78722e-10        1.13516e-12           0.732761
64         0.00162004         2.5117e-05        4.33729e-06             101325           0.172684        4.33729e-06            1957.16                  0            0.96698            24.1915        5.87618e+07        0.000111845        1.68954e-05        0.000533875          0.0459769         0.00253829          0.0977643        3.36836e-06         1.2314e-11         9.1795e-13          1.238e-10        3.43545e-10         0.00379743           0.116496        6.65018e-10        2.48129e-10        7.40447e-13           0.732761
65         0.00164516         2.5117e-05        4.33069e-06             101325           0.172421        4.33069e-06            1960.68                  0           0.969399            19.7387        5.00537e+07        0.000104455         1.5162e-05        0.000496423          0.0458377         0.00245877          0.0978879        3.19133e-06        8.15673e-12        6.05358e-13        8.38347e-11        2.28077e-10           0.003549           0.116887        5.53827e-10        1.63979e-10         4.8644e-13           0.732761
66         0.00167028         2.5117e-05         4.3245e-06             101325           0.172175         4.3245e-06            1963.99                  0           0.971686             16.083        4.25165e+07        9.74742e-05        1.35935e-05        0.000461308          0.0457085         0.00238036          0.0980059        3.02307e-06        5.44238e-12        4.02195e-13         5.7279e-11        1.52915e-10         0.00331509           0.117254         4.6126e-10        1.09355e-10        3.21958e-13           0.732761
67         0.00169539         2.5117e-05         4.3187e-06             101325           0.171943         4.3187e-06            1967.11                  0           0.973845            13.0973        3.60193e+07        9.08986e-05        1.21782e-05        0.000428467          0.0455888          0.0023033          0.0981181        2.86375e-06        3.65881e-12        2.69288e-13        3.94907e-11        1.03549e-10         0.00309517             0.1176        3.84145e-10        7.36228e-11        2.14753e-13            0.73276
68         0.00172051         2.5117e-05        4.31326e-06             101325           0.171727        4.31326e-06            1970.04                  0            0.97588            10.6727        3.04426e+07        8.47216e-05        1.09043e-05        0.000397827          0.0454782         0.00222781          0.0982246        2.71346e-06        2.47908e-12        1.81752e-13        2.74779e-11        7.08315e-11         0.00288877           0.117924         3.1991e-10        5.00619e-11        1.44406e-13            0.73276
69         0.00174563         2.5117e-05        4.30819e-06             101325           0.171525        4.30819e-06            1972.78                  0           0.977795             8.7158        2.56771e+07        7.89348e-05        9.76057e-06        0.000369311          0.0453761          0.0021541          0.0983256        2.57226e-06        1.69342e-12        1.23694e-13        1.92984e-11        4.89491e-11         0.00269538           0.118228        2.66438e-10        3.43968e-11          9.792e-14            0.73276
70         0.00177075         2.5117e-05        4.30346e-06             101325           0.171337        4.30346e-06            1975.35                  0           0.979592            7.14679        2.16236e+07        7.35281e-05        8.73623e-06        0.000342836          0.0452822         0.00208237          0.0984211        2.44015e-06        1.16651e-12        8.49082e-14        1.36825e-11        3.41791e-11         0.00251452           0.118512        2.21966e-10        2.38912e-11        6.69776e-14            0.73276
71         0.00179586         2.5117e-05        4.29905e-06             101325           0.171161        4.29905e-06            1977.74                  0           0.981277            5.89757        1.81919e+07        6.84899e-05        7.82094e-06        0.000318316           0.045196          0.0020128          0.0985111        2.31706e-06        8.10554e-13        5.88044e-14        9.79437e-12        2.41173e-11          0.0023457           0.118777        1.85021e-10        1.67825e-11        4.62267e-14            0.73276
72         0.00182098         2.5117e-05        4.29496e-06             101325           0.170998        4.29496e-06            1979.97                  0           0.982853            4.91019        1.53003e+07        6.38073e-05        7.00494e-06        0.000295661          0.0451171         0.00194555          0.0985958        2.20288e-06        5.68295e-13        4.11011e-14         7.0796e-12        1.71991e-11         0.00218842           0.119024        1.54362e-10        1.19276e-11        3.22028e-14            0.73276
73          0.0018461         2.5117e-05        4.29116e-06             101325           0.170847        4.29116e-06            1982.05                  0           0.984325            4.13549        1.28752e+07        5.94664e-05        6.27899e-06        0.000274781          0.0450449         0.00188075          0.0986754        2.09742e-06        4.02154e-13        2.90007e-14        5.16796e-12        1.23978e-11         0.00204218           0.119254        1.28949e-10        8.58035e-12        2.26498e-14            0.73276
74         0.00187121         2.5117e-05        4.28764e-06             101325           0.170707        4.28764e-06            1983.97                  0           0.985696            3.53199        1.08506e+07        5.54525e-05        5.63446e-06        0.000255582          0.0449791         0.00181854            0.09875        2.00044e-06        2.87322e-13        2.06636e-14        3.81036e-12         9.0346e-12         0.00190648           0.119467        1.07902e-10        6.24982e-12        1.60894e-14            0.73276
75         0.00189633         2.5117e-05        4.28439e-06             101325           0.170577        4.28439e-06            1985.75                  0            0.98697            3.06481        9.16764e+06        5.17501e-05        5.06328e-06        0.000237971          0.0449192         0.00175901          0.0988197        1.91165e-06         2.0732e-13        1.48724e-14        2.83799e-12        6.65665e-12         0.00178081           0.119664        9.04858e-11         4.6109e-12        1.15468e-14            0.73276
76         0.00192145         2.5117e-05        4.28139e-06             101325           0.170458        4.28139e-06             1987.4                  0           0.988153            2.70484        7.77387e+06        4.83435e-05          4.558e-06        0.000221854          0.0448648         0.00170225          0.0988847        1.83072e-06        1.51132e-13        1.08163e-14        2.13563e-12        4.95968e-12         0.00166468           0.119847        7.60813e-11        3.44655e-12         8.3747e-15            0.73276
77         0.00194656         2.5117e-05        4.27863e-06             101325           0.170348        4.27863e-06            1988.92                  0           0.989247            2.42794        6.62318e+06        4.52165e-05        4.11172e-06        0.000207137          0.0448155         0.00164832          0.0989452        1.75727e-06        1.11344e-13        7.95146e-15          1.624e-12        3.73744e-12         0.00155757           0.120015        6.41712e-11        2.61079e-12        6.14072e-15            0.73276
78         0.00197168         2.5117e-05        4.27609e-06             101325           0.170247        4.27609e-06            1990.32                  0           0.990259            2.21428        5.67522e+06         4.2353e-05        3.71813e-06        0.000193729          0.0447709         0.00159725          0.0990013         1.6909e-06        8.29338e-14        5.91079e-15        1.24818e-12        2.84904e-12         0.00145898            0.12017        5.43236e-11        2.00463e-12        4.55376e-15            0.73276
79          0.0019968         2.5117e-05        4.27376e-06             101325           0.170154        4.27376e-06             1991.6                  0           0.991191            2.04773        4.89494e+06        3.97368e-05        3.37146e-06        0.000181541          0.0447307         0.00154907          0.0990533        1.63116e-06        6.24773e-14        4.44467e-15        9.69834e-13        2.19742e-12         0.00136843           0.120312        4.61791e-11        1.56038e-12        3.41654e-15            0.73276
80         0.00202192         2.5117e-05        4.27163e-06             101325           0.170069        4.27163e-06            1992.78                  0           0.992049            1.91534        4.25223e+06        3.73519e-05        3.06647e-06        0.000170483          0.0446944         0.00150377          0.0991013        1.57762e-06        4.76221e-14        3.38218e-15        7.61978e-13        1.71517e-12         0.00128543           0.120442        3.94391e-11         1.2314e-12         2.5944e-15            0.73276
81         0.00204703         2.5117e-05        4.26968e-06             101325           0.169992        4.26968e-06            1993.86                  0           0.992836             1.8069        3.72147e+06        3.51827e-05        2.79842e-06        0.000160473          0.0446618         0.00146133          0.0991455        1.52981e-06        3.67417e-14        2.60544e-15        6.05496e-13        1.35508e-12         0.00120951           0.120562        3.38566e-11        9.85233e-13        1.99472e-15            0.73276
82         0.00207215         2.5117e-05        4.26791e-06             101325           0.169921        4.26791e-06            1994.84                  0           0.993558            1.71448        3.28107e+06        3.32139e-05        2.56303e-06        0.000151429          0.0446325          0.0014217          0.0991862        1.48728e-06        2.87029e-14        2.03256e-15        4.86734e-13        1.08382e-12          0.0011402           0.120671        2.92274e-11        7.99135e-13        1.55335e-15            0.73276
83         0.00209727         2.5117e-05        4.26629e-06             101325           0.169857        4.26629e-06            1995.73                  0           0.994217            1.63212         2.9131e+06        3.14309e-05        2.35647e-06        0.000143273          0.0446063         0.00138483          0.0992235        1.44958e-06        2.27107e-14         1.6062e-15        3.95864e-13        8.77667e-13         0.00107705            0.12077         2.5383e-11        6.57006e-13        1.22551e-15            0.73276
84         0.00212238         2.5117e-05        4.26483e-06             101325           0.169799        4.26483e-06            1996.55                  0           0.994818            1.55546        2.60281e+06        2.98194e-05        2.17533e-06        0.000135931          0.0445828         0.00135064          0.0992576        1.41627e-06        1.82034e-14        1.28596e-15         3.2576e-13        7.19593e-13         0.00101964            0.12086        2.21851e-11        5.47356e-13        9.79706e-16            0.73276
85          0.0021475         2.5117e-05         4.2635e-06             101325           0.169746         4.2635e-06            1997.28                  0           0.995366            1.48146        2.33823e+06        2.83658e-05        2.01655e-06        0.000129333          0.0445618         0.00131905          0.0992887        1.38693e-06        1.47811e-14        1.04312e-15        2.71216e-13        5.97275e-13        0.000967549           0.120942        1.95198e-11        4.61908e-13        7.93625e-16            0.73276
86         0.00217262         2.5117e-05         4.2623e-06             101325           0.169698         4.2623e-06            1997.95                  0           0.995863            1.40816        2.10981e+06        2.70573e-05        1.87743e-06        0.000123415          0.0445431         0.00128995           0.099317        1.36115e-06        1.21572e-14        8.57155e-16        2.28401e-13        5.01729e-13        0.000920379           0.121016        1.72937e-11        3.94652e-13         6.5134e-16            0.73276
87         0.00219773         2.5117e-05        4.26121e-06             101325           0.169655        4.26121e-06            1998.55                  0           0.996313            1.33442        1.91001e+06        2.58817e-05        1.75558e-06        0.000118115          0.0445264         0.00126323          0.0993427        1.33857e-06        1.01246e-14         7.1326e-16        1.94477e-13        4.26351e-13        0.000877751           0.121083        1.54301e-11        3.41182e-13        5.41398e-16            0.73276
88         0.00222285         2.5117e-05        4.26024e-06             101325           0.169616        4.26024e-06             1999.1                  0           0.996721            1.25976        1.73301e+06        2.48276e-05        1.64888e-06        0.000113377          0.0445115         0.00123878          0.0993661        1.31883e-06        8.53309e-15        6.00698e-16        1.67328e-13        3.66258e-13        0.000839305           0.121143        1.38665e-11        2.98245e-13        4.55506e-16            0.73276
89         0.00224797         2.5117e-05        4.25936e-06             101325           0.169581        4.25936e-06            1999.59                  0           0.997088            1.18414        1.57432e+06         2.3884e-05        1.55546e-06        0.000109147          0.0444983         0.00121648          0.0993871        1.30161e-06        7.27252e-15        5.11626e-16        1.45367e-13        3.17809e-13          0.0008047           0.121198        1.25512e-11        2.63417e-13        3.87618e-16            0.73276
90         0.00227308         2.5117e-05        4.25857e-06             101325            0.16955        4.25857e-06            2000.03                  0            0.99742             1.1079        1.43061e+06        2.30411e-05         1.4737e-06        0.000105376          0.0444866          0.0011962          0.0994061        1.28661e-06        6.26197e-15        4.40279e-16        1.27397e-13         2.7828e-13        0.000773613           0.121246        1.14421e-11        2.34881e-13        3.33301e-16            0.73276
91          0.0022982         2.5117e-05        4.25787e-06             101325           0.169522        4.25787e-06            2000.42                  0           0.997717            1.03153        1.29938e+06        2.22893e-05        1.40215e-06         0.00010202          0.0444762         0.00117782          0.0994232        1.27356e-06        5.44153e-15        3.82399e-16        1.12511e-13        2.45617e-13        0.000745742            0.12129        1.05045e-11        2.11263e-13        2.89281e-16            0.73276
92         0.00232332         2.5117e-05        4.25724e-06             101325           0.169497        4.25724e-06            2000.77                  0           0.997984           0.955672        1.17884e+06        2.16202e-05        1.33956e-06        9.90375e-05           0.044467         0.00116119          0.0994385        1.26224e-06        4.76664e-15        3.34821e-16        1.00024e-13        2.18272e-13        0.000720803           0.121329        9.71015e-12         1.9152e-13        2.53132e-16            0.73276
93         0.00234844         2.5117e-05        4.25668e-06             101325           0.169474        4.25668e-06            2001.08                  0           0.998223           0.880998        1.06766e+06        2.10255e-05        1.28481e-06        9.63909e-05          0.0444589         0.00114621          0.0994522        1.25241e-06        4.20405e-15        2.95186e-16        8.94097e-14        1.95069e-13        0.000698533           0.121364        9.03548e-12        1.74853e-13        2.23044e-16            0.73276
94         0.00237355         2.5117e-05        4.25618e-06             101325           0.169454        4.25618e-06            2001.36                  0           0.998436           0.808162             964918        2.04981e-05        1.23693e-06        9.40458e-05          0.0444517         0.00113274          0.0994645         1.2439e-06        3.72881e-15        2.61726e-16        8.02714e-14        1.75118e-13        0.000678683           0.121395        8.46126e-12        1.60649e-13        1.97666e-16            0.73276
95         0.00239867         2.5117e-05        4.25574e-06             101325           0.169437        4.25574e-06            2001.61                  0           0.998627           0.737761             869918         2.0031e-05        1.19509e-06        9.19709e-05          0.0444454         0.00112067          0.0994754        1.23653e-06        3.32218e-15        2.33113e-16        7.23053e-14        1.57742e-13        0.000661026           0.121423        7.97153e-12        1.48436e-13        1.75981e-16            0.73276
96         0.00242379         2.5117e-05        4.25534e-06             101325           0.169421        4.25534e-06            2001.83                  0           0.998796           0.670311             782149        1.96181e-05        1.15853e-06        9.01378e-05          0.0444398         0.00110988          0.0994852        1.23015e-06        2.97002e-15        2.08346e-16        6.52805e-14        1.42431e-13        0.000645349           0.121448        7.55309e-12        1.37845e-13        1.57226e-16            0.73276
97          0.0024489         2.5117e-05          4.255e-06             101325           0.169407          4.255e-06            2002.02                  0           0.998946           0.606234             701212        1.92537e-05         1.1266e-06        8.85206e-05          0.0444349         0.00110026          0.0994938        1.22463e-06        2.66168e-15        1.86672e-16        5.90218e-14        1.28794e-13        0.000631458            0.12147        7.19498e-12         1.2859e-13        1.40824e-16            0.73276
98         0.00247402         2.5117e-05        4.25469e-06             101325           0.169395        4.25469e-06            2002.19                  0           0.999079            0.54585             626769        1.89326e-05        1.09873e-06        8.70961e-05          0.0444306          0.0010917          0.0995014        1.21986e-06        2.38906e-15        1.67517e-16        5.33964e-14        1.16539e-13        0.000619172           0.121489        6.88806e-12        1.20449e-13        1.26338e-16            0.73276
99         0.00249914         2.5117e-05        4.25442e-06             101325           0.169384        4.25442e-06            2002.34                  0           0.999197           0.489377             558515        1.86503e-05        1.07442e-06        8.58433e-05          0.0444268         0.00108411          0.0995082        1.21574e-06        2.14605e-15         1.5045e-16        4.83035e-14        1.05445e-13        0.000608326           0.121506        6.62467e-12        1.13246e-13        1.13439e-16            0.73276
100         0.00252425         2.5117e-05        4.25418e-06             101325           0.169375        4.25418e-06            2002.48                  0           0.999301           0.436938             496156        1.84024e-05        1.05323e-06        8.47431e-05          0.0444235         0.00107739          0.0995141        1.21218e-06        1.92796e-15        1.35139e-16        4.36671e-14        9.53438e-14        0.000598771           0.121521        6.39843e-12         1.0684e-13        1.01873e-16            0.73276
101         0.00254937         2.5117e-05        4.25397e-06             101325           0.169367        4.25397e-06            2002.59                  0           0.999392           0.388575             439399         1.8185e-05        1.03477e-06        8.37783e-05          0.0444206         0.00107145          0.0995194         1.2091e-06        1.73121e-15        1.21331e-16        3.94293e-14         8.6109e-14        0.000590368           0.121534        6.20393e-12        1.01123e-13        9.14478e-17            0.73276
102         0.00257449         2.5117e-05        4.25379e-06             101325           0.169359        4.25379e-06             2002.7                  0           0.999472           0.344251             387944        1.79949e-05        1.01871e-06        8.29338e-05          0.0444181         0.00106623           0.099524        1.20645e-06        1.55305e-15        1.08831e-16         3.5546e-14        7.76442e-14        0.000582992           0.121546        6.03662e-12        9.60039e-14        8.20145e-17            0.73276
103         0.00259961         2.5117e-05        4.25363e-06             101325           0.169353        4.25363e-06            2002.79                  0           0.999543           0.303873             341480        1.78287e-05        1.00475e-06        8.21955e-05          0.0444159         0.00106163           0.099528        1.20416e-06        1.39131e-15         9.7487e-17        3.19828e-14        6.98749e-14         0.00057653           0.121556        5.89265e-12        9.14118e-14        7.34565e-17            0.73276
104         0.00262472         2.5117e-05        4.25349e-06             101325           0.169348        4.25349e-06            2002.86                  0           0.999605           0.267294             299691        1.76838e-05        9.92628e-07        8.15513e-05          0.0444139          0.0010576          0.0995316        1.20218e-06        1.24429e-15         8.7177e-17        2.87128e-14        6.27424e-14        0.000570879           0.121565        5.76874e-12        8.72869e-14        6.56814e-17            0.73276
105         0.00264984         2.5117e-05        4.25337e-06             101325           0.169343        4.25337e-06            2002.93                  0           0.999659           0.234333             262253        1.75576e-05        9.82108e-07        8.09899e-05          0.0444123         0.00105408          0.0995347        1.20048e-06        1.11059e-15        7.78031e-17         2.5714e-14        5.61992e-14        0.000565947           0.121572        5.66209e-12        8.35799e-14        5.86146e-17            0.73276
106         0.00267496         2.5117e-05        4.25327e-06             101325           0.169338        4.25327e-06            2002.99                  0           0.999706           0.204777             228843        1.74479e-05        9.72993e-07        8.05017e-05          0.0444108           0.001051          0.0995373        1.19902e-06        9.89055e-16        6.92841e-17        2.29679e-14        5.02055e-14        0.000561649           0.121579        5.57031e-12        8.02488e-14        5.21938e-17            0.73276
107         0.00270007         2.5117e-05        4.25318e-06             101325           0.169335        4.25318e-06            2003.04                  0           0.999747           0.178399             199140        1.73526e-05        9.65103e-07        8.00776e-05          0.0444096         0.00104832          0.0995397        1.19775e-06        8.78712e-16        6.15507e-17        2.04584e-14        4.47266e-14        0.000557912           0.121585        5.49136e-12        7.72576e-14        4.63665e-17            0.73276
108         0.00272519         2.5117e-05         4.2531e-06             101325           0.169332         4.2531e-06            2003.09                  0           0.999783            0.15496             172828        1.72701e-05        9.58282e-07        7.97099e-05          0.0444085         0.00104598          0.0995417        1.19667e-06        7.78698e-16        5.45421e-17         1.8171e-14         3.9731e-14        0.000554667            0.12159        5.42347e-12        7.45746e-14        4.10865e-17            0.73276
109         0.00275031         2.5117e-05        4.25303e-06             101325           0.169329        4.25303e-06            2003.12                  0           0.999814            0.13422             149602        1.71988e-05        9.52394e-07        7.93916e-05          0.0444075         0.00104396          0.0995435        1.19574e-06        6.88241e-16        4.82039e-17        1.60919e-14        3.51893e-14        0.000551856           0.121595        5.36513e-12        7.21719e-14        3.63124e-17            0.73276
110         0.00277542         2.5117e-05        4.25297e-06             101325           0.169327        4.25297e-06            2003.16                  0            0.99984           0.115939             129170        1.71371e-05        9.47318e-07        7.91166e-05          0.0444067         0.00104221           0.099545        1.19493e-06        6.06632e-16        4.24863e-17        1.42082e-14        3.10734e-14        0.000549424           0.121598        5.31504e-12        7.00242e-14        3.20063e-17            0.73276
111         0.00280054         2.5117e-05        4.25292e-06             101325           0.169325        4.25292e-06            2003.19                  0           0.999864          0.0998861             111255         1.7084e-05        9.42948e-07        7.88793e-05           0.044406         0.00104069          0.0995463        1.19425e-06        5.33209e-16        3.73427e-17        1.25072e-14        2.73559e-14        0.000547325           0.121602        5.27206e-12        6.81086e-14        2.81331e-17            0.73276
112         0.00282566         2.5117e-05        4.25288e-06             101325           0.169323        4.25288e-06            2003.21                  0           0.999884          0.0858389            95596.8        1.70383e-05         9.3919e-07        7.86749e-05          0.0444054         0.00103938          0.0995474        1.19366e-06        4.67348e-16        3.27292e-17        1.09765e-14        2.40101e-14        0.000545515           0.121605        5.23522e-12         6.6404e-14        2.46594e-17            0.73276
113         0.00285077         2.5117e-05        4.25284e-06             101325           0.169321        4.25284e-06            2003.23                  0           0.999901          0.0735879            81952.2         1.6999e-05        9.35964e-07        7.84992e-05          0.0444049         0.00103826          0.0995484        1.19315e-06        4.08454e-16         2.8604e-17        9.60405e-15        2.10095e-14        0.000543959           0.121607        5.20368e-12        6.48911e-14        2.15536e-17            0.73276
114         0.00287589         2.5117e-05        4.25281e-06             101325            0.16932        4.25281e-06            2003.25                  0           0.999916          0.0629376            70097.5        1.69652e-05        9.33199e-07        7.83483e-05          0.0444045         0.00103729          0.0995493        1.19272e-06        3.55961e-16        2.49273e-17        8.37787e-15        1.83284e-14        0.000542622           0.121609         5.1767e-12        6.35519e-14        1.87858e-17            0.73276
115         0.00290101         2.5117e-05        4.25278e-06             101325           0.169319        4.25278e-06            2003.27                  0           0.999928          0.0537068            59826.8        1.69364e-05        9.30833e-07        7.82191e-05          0.0444041         0.00103646            0.09955        1.19235e-06        3.09327e-16        2.16612e-17        7.28637e-15        1.59414e-14        0.000541475           0.121611        5.15365e-12        6.23698e-14        1.63272e-17            0.73276
116         0.00292613         2.5117e-05        4.25276e-06             101325           0.169318        4.25276e-06            2003.28                  0           0.999939          0.0457289            50952.2        1.69117e-05         9.2881e-07        7.81085e-05          0.0444038         0.00103574          0.0995506        1.19204e-06        2.68035e-16        1.87694e-17        6.31828e-15        1.38241e-14        0.000540494           0.121612        5.13399e-12        6.13293e-14        1.41505e-17            0.73276
117         0.00295124         2.5117e-05        4.25274e-06             101325           0.169317        4.25274e-06            2003.29                  0           0.999949          0.0388528              43304        1.68906e-05        9.27084e-07         7.8014e-05          0.0444035         0.00103514          0.0995511        1.19177e-06        2.31598e-16        1.62176e-17        5.46273e-15        1.19527e-14        0.000539656           0.121614        5.11723e-12         6.0416e-14        1.22298e-17            0.73276
118         0.00297636         2.5117e-05        4.25272e-06             101325           0.169317        4.25272e-06             2003.3                  0           0.999957          0.0329425            36729.6        1.68726e-05        9.25613e-07        7.79334e-05          0.0444032         0.00103462          0.0995516        1.19154e-06        1.99551e-16        1.39733e-17        4.70934e-15        1.03047e-14        0.000538941           0.121615        5.10297e-12        5.96168e-14        1.05408e-17            0.73276
119         0.00300148         2.5117e-05         4.2527e-06             101325           0.169316         4.2527e-06            2003.31                  0           0.999963          0.0278752            31092.1        1.68573e-05        9.24362e-07        7.78648e-05           0.044403         0.00103418          0.0995519        1.19135e-06        1.71461e-16        1.20062e-17        4.04825e-15        8.85841e-15        0.000538332           0.121616        5.09085e-12        5.89195e-14        9.06028e-18            0.73276
120         0.00302659         2.5117e-05        4.25269e-06             101325           0.169316        4.25269e-06            2003.31                  0           0.999969          0.0235411            26269.3        1.68443e-05          9.233e-07        7.78065e-05          0.0444029          0.0010338          0.0995523        1.19119e-06         1.4692e-16        1.02877e-17        3.47017e-15        7.59369e-15        0.000537815           0.121617        5.08057e-12        5.83128e-14        7.76694e-18            0.73276
121         0.00305171         2.5117e-05        4.25268e-06             101325           0.169315        4.25268e-06            2003.32                  0           0.999974          0.0198429            22152.8        1.68333e-05        9.22399e-07        7.77571e-05          0.0444027         0.00103348          0.0995525        1.19105e-06         1.2555e-16        8.79126e-18        2.96641e-15        6.49149e-15        0.000537376           0.121617        5.07186e-12        5.77866e-14        6.64078e-18            0.73276
122         0.00307683         2.5117e-05        4.25267e-06             101325           0.169315        4.25267e-06            2003.33                  0           0.999978          0.0166944            18647.1         1.6824e-05        9.21636e-07        7.77152e-05          0.0444026         0.00103321          0.0995528        1.19093e-06        1.07002e-16        7.49245e-18        2.52889e-15        5.53416e-15        0.000537004           0.121618        5.06448e-12        5.73315e-14        5.66337e-18            0.73276
123         0.00310194         2.5117e-05        4.25267e-06             101325           0.169315        4.25267e-06            2003.33                  0           0.999982          0.0140198            15667.7        1.68161e-05        9.20991e-07        7.76798e-05          0.0444025         0.00103298           0.099553        1.19083e-06         9.0955e-17        6.36876e-18        2.15014e-15         4.7054e-15        0.000536689           0.121618        5.05825e-12         5.6939e-14        4.81775e-18            0.73276
124         0.00312706         2.5117e-05        4.25266e-06             101325           0.169314        4.25266e-06            2003.33                  0           0.999985          0.0117526            13141.2        1.68094e-05        9.20447e-07        7.76499e-05          0.0444024         0.00103279          0.0995531        1.19075e-06        7.71147e-17        5.39962e-18        1.82333e-15        3.99027e-15        0.000536424           0.121619          5.053e-12        5.66015e-14        4.08846e-18            0.73276
125         0.00315218         2.5117e-05        4.25265e-06             101325           0.169314        4.25265e-06            2003.34                  0           0.999987         0.00983473            11002.8        1.68038e-05        9.19988e-07        7.76246e-05          0.0444023         0.00103262          0.0995533        1.19068e-06         6.5215e-17        4.56637e-18        1.54224e-15        3.37516e-15          0.0005362           0.121619        5.04857e-12        5.63122e-14        3.46143e-18            0.73276
126          0.0031773         2.5117e-05        4.25265e-06             101325           0.169314        4.25265e-06            2003.34                  0           0.999989         0.00821566            9196.74        1.67991e-05        9.19602e-07        7.76034e-05          0.0444023         0.00103249          0.0995534        1.19062e-06        5.50149e-17        3.85215e-18        1.30121e-15         2.8477e-15        0.000536012           0.121619        5.04485e-12        5.60647e-14        2.92397e-18            0.73276
127         0.00320241         2.5117e-05        4.25265e-06             101325           0.169314        4.25265e-06            2003.34                  0           0.999991         0.00685151            7674.19        1.67951e-05        9.19278e-07        7.75856e-05          0.0444022         0.00103237          0.0995535        1.19057e-06        4.62977e-17        3.24176e-18        1.09517e-15         2.3968e-15        0.000535853            0.12162        5.04172e-12        5.58538e-14        2.46466e-18            0.73276
128         0.00322753         2.5117e-05        4.25264e-06             101325           0.169314        4.25264e-06            2003.34                  0           0.999993         0.00570432            6393.09        1.67918e-05        9.19006e-07        7.75706e-05          0.0444022         0.00103228          0.0995536        1.19053e-06        3.88709e-17        2.72173e-18         9.1958e-16        2.01254e-15        0.000535721            0.12162         5.0391e-12        5.56744e-14        2.07334e-18            0.73276
129         0.00325265         2.5117e-05        4.25264e-06             101325           0.169314        4.25264e-06            2003.34                  0           0.999994         0.00474135            5317.11         1.6789e-05        9.18779e-07        7.75581e-05          0.0444022         0.00103219          0.0995537        1.19049e-06        3.25612e-17        2.27992e-18        7.70377e-16        1.68602e-15        0.000535609            0.12162        5.03691e-12        5.55223e-14        1.74089e-18            0.73276
130         0.00327776         2.5117e-05        4.25264e-06             101325           0.169313        4.25264e-06            2003.35                  0           0.999995         0.00393464            4415.17        1.67867e-05        9.18588e-07        7.75476e-05          0.0444021         0.00103213          0.0995537        1.19046e-06        2.72174e-17        1.90574e-18        6.43992e-16        1.40943e-15        0.000535517            0.12162        5.03507e-12        5.53937e-14        1.45933e-18            0.73276
131         0.00330288         2.5117e-05        4.25264e-06             101325           0.169313        4.25264e-06            2003.35                  0           0.999996         0.00325993            3660.38        1.67848e-05         9.1843e-07        7.75389e-05          0.0444021         0.00103207          0.0995538        1.19044e-06        2.27048e-17        1.58977e-18        5.37253e-16        1.17582e-15        0.000535439            0.12162        5.03354e-12        5.52852e-14        1.22157e-18            0.73276
132           0.003328         2.5117e-05        4.25263e-06             101325           0.169313        4.25263e-06            2003.35                  0           0.999996         0.00269666            3029.84        1.67831e-05        9.18297e-07        7.75316e-05          0.0444021         0.00103202          0.0995538        1.19042e-06        1.89049e-17         1.3237e-18        4.47358e-16        9.79085e-16        0.000535374            0.12162        5.03227e-12         5.5194e-14        1.02136e-18            0.73276
133         0.00335311         2.5117e-05        4.25263e-06             101325           0.169313        4.25263e-06            2003.35                  0           0.999997         0.00222723            2504.03        1.67818e-05        9.18187e-07        7.75255e-05          0.0444021         0.00103198          0.0995538         1.1904e-06        1.57138e-17        1.10026e-18        3.71862e-16        8.13857e-16         0.00053532           0.121621        5.03121e-12        5.51175e-14        8.53234e-19            0.73276
134         0.00337823         2.5117e-05        4.25263e-06             101325           0.169313        4.25263e-06            2003.35                  0           0.999998         0.00183668            2066.29        1.67807e-05        9.18096e-07        7.75205e-05           0.044402         0.00103195          0.0995539        1.19038e-06        1.30415e-17         9.1315e-19        3.08633e-16        6.75476e-16        0.000535276           0.121621        5.03032e-12        5.50535e-14        7.12436e-19            0.73276
135         0.00340335         2.5117e-05        4.25263e-06             101325           0.169313        4.25263e-06            2003.35                  0           0.999998          0.0015123            1702.49        1.67797e-05         9.1802e-07        7.75163e-05           0.044402         0.00103192          0.0995539        1.19037e-06        1.08109e-17        7.56964e-19        2.55852e-16        5.59959e-16        0.000535239           0.121621        5.02959e-12        5.50001e-14        5.94912e-19            0.73276
136         0.00342846         2.5117e-05        4.25263e-06             101325           0.169313        4.25263e-06            2003.35                  0           0.999998         0.00124335            1400.65         1.6779e-05        9.17957e-07        7.75129e-05           0.044402          0.0010319          0.0995539        1.19036e-06        8.95305e-18        6.26878e-19        2.11888e-16         4.6374e-16        0.000535208           0.121621        5.02899e-12        5.49557e-14        4.97027e-19            0.73276
137         0.00345358         2.5117e-05        4.25263e-06             101325           0.169313        4.25263e-06            2003.35                  0           0.999999         0.00102074            1150.64        1.67783e-05        9.17905e-07          7.751e-05           0.044402         0.00103188          0.0995539        1.19036e-06        7.40814e-18        5.18704e-19        1.75328e-16        3.83725e-16        0.000535183           0.121621        5.02849e-12        5.49187e-14        4.15631e-19            0.73276
138          0.0034787         2.5117e-05        4.25263e-06             101325           0.169313        4.25263e-06            2003.35                  0           0.999999        0.000836779              943.9        1.67778e-05        9.17862e-07        7.75076e-05           0.044402         0.00103187          0.0995539        1.19035e-06        6.12753e-18        4.29037e-19        1.45022e-16        3.17396e-16        0.000535162           0.121621        5.02807e-12        5.48881e-14         3.4816e-19            0.73276
139         0.00350382         2.5117e-05        4.25263e-06             101325           0.169313        4.25263e-06            2003.35                  0           0.999999        0.000685026            773.239        1.67774e-05        9.17827e-07        7.75057e-05           0.044402         0.00103186          0.0995539        1.19034e-06        5.06978e-18        3.54974e-19        1.19988e-16        2.62607e-16        0.000535144           0.121621        5.02773e-12        5.48629e-14        2.92431e-19            0.73276
140         0.00352893         2.5117e-05        4.25263e-06             101325           0.169313        4.25263e-06            2003.35                  0           0.999999        0.000560061            632.605         1.6777e-05        9.17797e-07        7.75041e-05           0.044402         0.00103185           0.099554        1.19034e-06        4.19969e-18        2.94051e-19        9.93959e-17        2.17538e-16         0.00053513           0.121621        5.02745e-12        5.48421e-14        2.46588e-19            0.73276
141         0.00355405         2.5117e-05        4.25263e-06             101325           0.169313        4.25263e-06            2003.35                  0           0.999999        0.000457352            516.935        1.67767e-05        9.17774e-07        7.75028e-05           0.044402         0.00103184           0.099554        1.19034e-06         3.4794e-18        2.43617e-19        8.23484e-17        1.80227e-16        0.000535118           0.121621        5.02722e-12        5.48249e-14        2.08639e-19            0.73276
142         0.00357917         2.5117e-05        4.25263e-06             101325           0.169313        4.25263e-06            2003.35                  0                  1         0.00037311            421.999        1.67765e-05        9.17754e-07        7.75017e-05           0.044402         0.00103183           0.099554        1.19033e-06        2.88141e-18        2.01746e-19        6.81951e-17        1.49251e-16        0.000535109           0.121621        5.02704e-12        5.48107e-14        1.77133e-19            0.73276
143         0.00360428         2.5117e-05        4.25263e-06             101325           0.169313        4.25263e-06            2003.35                  0                  1        0.000304172            344.259        1.67763e-05        9.17738e-07        7.75008e-05           0.044402         0.00103182           0.099554        1.19033e-06        2.38644e-18        1.67089e-19        5.64802e-17        1.23611e-16        0.000535101           0.121621        5.02688e-12        5.47989e-14        1.51055e-19            0.73276
144          0.0036294         2.5117e-05        4.25263e-06             101325           0.169313        4.25263e-06            2003.35                  0                  1        0.000247913            280.777        1.67761e-05        9.17725e-07        7.75001e-05           0.044402         0.00103182           0.099554        1.19033e-06        1.97744e-18        1.38452e-19        4.67997e-17        1.02424e-16        0.000535095           0.121621        5.02676e-12        5.47892e-14        1.29506e-19            0.73276
145         0.00365452         2.5117e-05        4.25263e-06             101325           0.169313        4.25263e-06            2003.35                  0                  1        0.000202163            229.122         1.6776e-05        9.17714e-07        7.74995e-05           0.044402         0.00103182           0.099554        1.19033e-06        1.63998e-18        1.14823e-19        3.88124e-17        8.49425e-17         0.00053509           0.121621        5.02665e-12        5.47812e-14        1.11727e-19            0.73276
146         0.00367963         2.5117e-05        4.25263e-06             101325           0.169313        4.25263e-06            2003.35                  0                  1        0.000165137            187.293        1.67759e-05        9.17706e-07         7.7499e-05           0.044402         0.00103181           0.099554        1.19032e-06        1.36632e-18        9.56614e-20         3.2335e-17        7.07659e-17        0.000535085           0.121621        5.02657e-12        5.47747e-14        9.73087e-20            0.73276
147         0.00370475         2.5117e-05        4.25263e-06             101325           0.169313        4.25263e-06            2003.35                  0                  1        0.000135379            153.655        1.67758e-05        9.17699e-07        7.74986e-05           0.044402         0.00103181           0.099554        1.19032e-06        1.14689e-18        8.02969e-20        2.71412e-17        5.93984e-17        0.000535082           0.121621        5.02651e-12        5.47695e-14        8.57477e-20            0.73276
148         0.00372987         2.5117e-05        4.25263e-06             101325           0.169313        4.25263e-06            2003.35                  0                  1        0.000111714            126.888        1.67758e-05        9.17694e-07        7.74984e-05           0.044402         0.00103181           0.099554        1.19032e-06        9.74989e-19        6.82608e-20        2.30725e-17        5.04935e-17         0.00053508           0.121621        5.02646e-12        5.47654e-14         7.6691e-20            0.73276
149         0.00375499         2.5117e-05        4.25263e-06             101325           0.169313        4.25263e-06            2003.35                  0                  1        9.32085e-05            105.944        1.67757e-05         9.1769e-07        7.74981e-05           0.044402         0.00103181           0.099554        1.19032e-06        8.43185e-19         5.9032e-20        1.99528e-17        4.36655e-17        0.000535078           0.121621        5.02642e-12        5.47623e-14        6.97468e-20            0.73276
150          0.0037801         2.5117e-05        4.25263e-06             101325           0.169313        4.25263e-06            2003.35                  0                  1        7.91413e-05            90.0164        1.67757e-05        9.17687e-07         7.7498e-05           0.044402         0.00103181           0.099554        1.19032e-06        7.46427e-19        5.22571e-20        1.76625e-17         3.8653e-17        0.000535076           0.121621        5.02639e-12          5.476e-14         6.4649e-20            0.73276
151         0.00380522         2.5117e-05        4.25263e-06             101325           0.169313        4.25263e-06            2003.35                  0                  1        6.89817e-05            78.5082        1.67756e-05        9.17685e-07        7.74979e-05           0.044402          0.0010318           0.099554        1.19032e-06        6.80572e-19         4.7646e-20        1.61038e-17        3.52414e-17        0.000535075           0.121621        5.02637e-12        5.47585e-14        6.11793e-20            0.73276
152         0.00383034         2.5117e-05        4.25263e-06             101325           0.169313        4.25263e-06            2003.35                  0                  1        6.23696e-05            71.0169        1.67756e-05        9.17683e-07        7.74978e-05           0.044402          0.0010318           0.099554        1.19032e-06        6.43966e-19        4.50829e-20        1.52373e-17        3.33451e-17        0.000535075           0.121621        5.02636e-12        5.47576e-14        5.92507e-20            0.73276
