# Time 0.000285
# eta = 0.002
# length = 0.000778288
#--- 	  	 LEM Line data  --- 
#(1) wafer              (2) x             (3) dx              (4) m              (5) p            (6) rho              (7) m              (8) T              (9) Z             (10) C          (11) dCdt       (12) heatRel                  (13) Y_H2                  (14) Y_H                  (15) Y_O                  (16) Y_O2                  (17) Y_OH                  (18) Y_H2O                  (19) Y_HO2                  (20) Y_CH2                  (21) Y_CH2(S)                  (22) Y_CH3                  (23) Y_CH4                  (24) Y_CO                  (25) Y_CO2                  (26) Y_HCO                  (27) Y_CH2O                  (28) Y_CH2OH                  (29) Y_N2
0        1.25585e-05         2.5117e-05        2.84222e-05             101325            1.13159        2.84222e-05            300.015                  0                  0                  0              1e-20        3.57867e-10        1.27251e-18        2.94411e-12           0.222597        1.71231e-12          7.142e-07        1.00999e-09        5.53019e-19        2.85763e-20         5.8766e-09          0.0446417        1.03797e-08        8.54508e-07         3.5659e-19        1.68465e-09        6.18014e-23            0.73276
1        3.76755e-05         2.5117e-05         2.8421e-05             101325            1.13154         2.8421e-05            300.029                  0        7.38944e-06        1.32112e-07           0.112168        6.96647e-10        3.61728e-18         4.4183e-12           0.222596        2.71676e-12        1.34733e-06        1.85296e-09        1.67231e-18        8.64934e-20        1.11528e-08          0.0446414        2.01635e-08        1.61122e-06        1.08149e-18        3.27474e-09        1.87132e-22            0.73276
2        6.27925e-05         2.5117e-05        2.84179e-05             101325            1.13142        2.84179e-05            300.062                  0        1.36271e-05        2.04317e-07           0.187264        1.55108e-09        1.24178e-17        6.96433e-12           0.222593        4.65495e-12        2.88737e-06        3.83724e-09        6.23034e-18         3.2196e-19        2.40728e-08          0.0446407        4.48052e-08        3.45068e-06        4.04444e-18        7.27377e-09        6.97368e-22            0.73276
3        8.79095e-05         2.5117e-05         2.8411e-05             101325            1.13115         2.8411e-05            300.134                  0        2.92855e-05        3.52033e-07           0.381534        3.51981e-09        4.22769e-17        1.08682e-11           0.222587        8.03077e-12         6.2976e-06        8.08057e-09        2.33192e-17        1.20515e-18        5.28847e-08          0.0446392        1.01548e-07        7.52096e-06        1.51983e-17        1.64501e-08        2.61556e-21            0.73276
4        0.000113027         2.5117e-05        2.83966e-05             101325            1.13057        2.83966e-05            300.287                  0        6.38687e-05        6.11272e-07           0.896801        7.85064e-09        1.32971e-16        1.60139e-11           0.222574        1.33778e-11        1.34607e-05        1.66462e-08        8.22027e-17        4.25132e-18        1.13885e-07          0.0446359        2.26399e-07        1.60628e-05        5.38317e-17        3.65201e-08        9.26212e-21            0.73276
5        0.000138144         2.5117e-05        2.83676e-05             101325            1.12942        2.83676e-05            300.594                  0        0.000136406        1.03092e-06            2.41481        1.70772e-08        3.74722e-16        2.16648e-11           0.222549        2.11602e-11        2.79388e-05        3.32135e-08        2.67133e-16         1.3839e-17        2.38259e-07          0.0446293        4.92756e-07        3.33083e-05        1.76018e-16        7.89493e-08        3.03706e-20            0.73276
6        0.000163261         2.5117e-05        2.83113e-05             101325            1.12718        2.83113e-05            301.191                  0         0.00028283        1.67171e-06            7.24541        3.61621e-08        9.26986e-16        2.62786e-11           0.222499         3.1569e-11        5.61496e-05        6.39838e-08        7.93778e-16        4.12499e-17        4.82931e-07          0.0446165        1.04533e-06        6.68661e-05        5.27549e-16        1.65833e-07        9.17586e-20            0.73276
7        0.000188378         2.5117e-05        2.82067e-05             101325            1.12301        2.82067e-05            302.307                  0        0.000567758        2.61547e-06            22.9969        7.44918e-08        1.97759e-15        2.78392e-11           0.222405        4.44171e-11        0.000109082        1.18816e-07        2.15371e-15        1.12553e-16        9.46869e-07          0.0445923        2.16056e-06        0.000129725        1.44956e-15        3.38076e-07        2.56609e-19            0.73276
8        0.000213495         2.5117e-05        2.80206e-05             101325             1.1156        2.80206e-05            304.314                  0         0.00110159        4.00398e-06             73.559         1.4918e-07        3.60071e-15        2.49854e-11           0.222237        5.95962e-11        0.000204508        2.12432e-07        5.39907e-15        2.84435e-16         1.7931e-06          0.0445488        4.34981e-06        0.000242804        3.70586e-15        6.68203e-07         6.7745e-19            0.73276
9        0.000238612         2.5117e-05        2.77062e-05             101325            1.10308        2.77062e-05            307.767                  0         0.00206244        6.16173e-06            229.453        2.90206e-07        5.71453e-15         1.8381e-11           0.221946        7.87241e-11        0.000369326        3.65388e-07        1.28605e-14        6.87976e-16        3.27404e-06          0.0444735        8.52683e-06        0.000437576        9.09848e-15        1.27872e-06        1.76698e-18            0.73276
10        0.000263729         2.5117e-05        2.72051e-05             101325            1.08313        2.72051e-05            313.434                  0         0.00371902         9.9515e-06            683.175        5.47768e-07        8.85262e-15        1.07729e-11           0.221467        1.08812e-10         0.00064112        6.04554e-07        3.08348e-14        1.69076e-15        5.75297e-06          0.0443492        1.62628e-05        0.000757622        2.28488e-14        2.36538e-06        4.92015e-18            0.73276
11        0.000288846         2.5117e-05        2.64586e-05             101325            1.05341        2.64586e-05            322.273                  0         0.00644524        1.79129e-05            1911.36        1.00169e-06        1.70333e-14        4.96283e-12           0.220715        1.68443e-10         0.00106752        9.63269e-07        7.88691e-14        4.48516e-15        9.70906e-06          0.0441539        3.01419e-05         0.00125736        6.24802e-14        4.22129e-06        1.57898e-17            0.73276
12        0.000313963         2.5117e-05        2.54279e-05             101325            1.01238        2.54279e-05            335.329                  0          0.0107118        3.78734e-05            4967.32        1.77157e-06        4.63283e-14        1.81925e-12           0.219599        2.98931e-10         0.00170198        1.48228e-06         2.1786e-13        1.30035e-14        1.57121e-05          0.0438627        5.42009e-05         0.00199637        1.88587e-13        7.25386e-06        5.93549e-17            0.73276
13         0.00033908         2.5117e-05        2.41157e-05             101325           0.960135        2.41157e-05            353.563                  0          0.0170407        9.39716e-05            11921.9        3.02521e-06        1.54037e-13        5.67442e-13           0.218027        5.87785e-10         0.00259615        2.21334e-06         6.2647e-13        3.96295e-14        2.43626e-05          0.0434513        9.43829e-05         0.00302937        6.04819e-13        1.19844e-05        2.48947e-16            0.73276
14        0.000364197         2.5117e-05        2.25758e-05             101325           0.898827        2.25758e-05             377.66                  0          0.0259237        0.000258735            26463.2        4.98205e-06        5.38409e-13        2.32198e-13           0.215931         1.2186e-09         0.00379108        3.22642e-06         1.7949e-12        1.21022e-13        3.62133e-05          0.0429001        0.000158887         0.00439523        1.96655e-12        1.90249e-05        1.09173e-15            0.73276
15        0.000389314         2.5117e-05        2.09003e-05             101325           0.832119        2.09003e-05            407.905                  0          0.0377294        0.000742317            54796.2         7.9098e-06        1.84618e-12        4.01423e-13           0.213271        2.56183e-09         0.00531141        4.61939e-06        4.97365e-12         3.5761e-13        5.17028e-05          0.0421964         0.00025829         0.00610956        6.26563e-12        2.90358e-05         4.7424e-15            0.73276
16        0.000414431         2.5117e-05        1.91915e-05             101325           0.764086        1.91915e-05            444.175                  0          0.0526407         0.00212129             107317        1.21148e-05        6.03091e-12        1.53948e-12           0.210038          5.304e-09         0.00716468        6.52712e-06        1.30818e-11        9.98375e-13        7.11264e-05          0.0413351        0.000405391         0.00816416        1.91208e-11        4.26789e-05        1.96262e-14            0.73276
17        0.000439548         2.5117e-05        1.75357e-05             101325           0.698159        1.75357e-05            486.043                  0           0.070648         0.00585088             201915        1.79289e-05        1.86162e-11        6.48408e-12           0.206248        1.05793e-08         0.00934527        9.12801e-06        3.22887e-11        2.59325e-12        9.46499e-05          0.0403172        0.000614821          0.0105323        5.51192e-11        6.05768e-05        7.56851e-14            0.73276
18        0.000464665         2.5117e-05          1.599e-05             101325           0.636622          1.599e-05            532.913                  0          0.0915945          0.0152215             369851         2.5696e-05        5.49053e-11        2.74781e-11            0.20193        2.00546e-08          0.0118404         1.2648e-05        7.45498e-11         6.2311e-12        0.000122348          0.0391468        0.000902537          0.0131767        1.49473e-10        8.32834e-05        2.70965e-13            0.73276
19        0.000489782         2.5117e-05        1.45834e-05             101325            0.58062        1.45834e-05            584.153                  0           0.115242          0.0368204             665164        3.57611e-05        1.58081e-10        1.15222e-10           0.197115        3.60181e-08          0.0146357        1.73628e-05        1.62244e-10        1.39304e-11        0.000154253          0.0378287         0.00128531          0.0160567        3.83627e-10        0.000111265           9.13e-13            0.73276
20        0.000514899         2.5117e-05        1.33233e-05             101325           0.530448        1.33233e-05            639.181                  0           0.141334           0.082511        1.17992e+06        4.84606e-05        4.52744e-10        4.71968e-10           0.191833        6.18277e-08          0.0177185        2.35987e-05        3.39894e-10        2.95327e-11        0.000190396          0.0363669         0.00178022           0.019134        9.45624e-10        0.000144886        2.96829e-12            0.73276
21        0.000540016         2.5117e-05        1.22037e-05             101325           0.485875        1.22037e-05            697.514                  0           0.169636            0.17278        2.07469e+06        6.41146e-05        1.29625e-09        1.86298e-09           0.186106        1.03802e-07          0.0210804        3.17285e-05        7.10352e-10        6.13951e-11        0.000230845          0.0347638         0.00240426          0.0223747        2.28351e-09        0.000184394        9.54307e-12            0.73276
22        0.000565133         2.5117e-05        1.12124e-05             101325           0.446405        1.12124e-05            758.782                  0           0.199955           0.346203        3.65432e+06         8.3021e-05        3.67962e-09        6.99503e-09           0.179947        1.77415e-07          0.0247172        4.21594e-05        1.54872e-09        1.30866e-10        0.000275736          0.0330199         0.00317386          0.0257511        5.50934e-09        0.000229911        3.07019e-11            0.73276
23         0.00059025         2.5117e-05        1.03344e-05             101325           0.411449        1.03344e-05            822.722                  0           0.232151           0.692191        6.56946e+06        0.000105448        1.02266e-08        2.47323e-08           0.173364        3.25142e-07          0.0286285        5.53007e-05        3.64302e-09        2.97551e-10        0.000325314           0.031134         0.00410443          0.0292416        1.34547e-08        0.000281423        9.83855e-11            0.73276
24        0.000615367         2.5117e-05        9.55497e-06             101325           0.380418        9.55497e-06            889.163                  0           0.266129            1.45892        1.23403e+07        0.000131628        2.75721e-08        8.18864e-08           0.166358        6.63765e-07          0.0328162        7.14966e-05        9.24477e-09        7.29288e-10        0.000379979          0.0291038          0.0052098          0.0328296         3.3318e-08        0.000338775        3.09582e-10            0.73276
25        0.000640484         2.5117e-05        8.86064e-06             101325           0.352775        8.86064e-06            958.001                  0           0.301831            3.37634        2.46557e+07        0.000161749        7.18663e-08        2.53681e-07           0.158929         1.5017e-06          0.0372834        9.08962e-05        2.45297e-08        1.88153e-09        0.000440327          0.0269267          0.0065015          0.0365028        8.28944e-08        0.000401658        9.42279e-10            0.73276
26        0.000665601         2.5117e-05        8.23963e-06             101325            0.32805        8.23963e-06            1029.17                  0            0.33922             8.5339        5.24302e+07        0.000195931        1.81211e-07        7.37406e-07            0.15108        3.61179e-06            0.04203        0.000113214        6.54747e-08        4.92163e-09        0.000507082          0.0246014         0.00798746          0.0402508        2.04091e-07        0.000469542        2.74279e-09           0.732759
27        0.000690718         2.5117e-05        7.68208e-06             101325           0.305852        7.68208e-06            1102.62                  0           0.378252            22.5449        1.16571e+08        0.000234219        4.42798e-07        2.02096e-06           0.142816        8.82712e-06           0.047053        0.000137356        1.70752e-07         1.2652e-08        0.000580776          0.0221282         0.00967146          0.0440663        4.89711e-07        0.000541579        7.57971e-09           0.732759
28        0.000715835         2.5117e-05        7.17995e-06             101325            0.28586        7.17995e-06            1178.23                  0           0.418883            59.3626        2.63855e+08        0.000276561        1.04843e-06        5.24809e-06           0.134143        2.12541e-05          0.0523453        0.000160918        4.27302e-07        3.13277e-08        0.000660712          0.0195098          0.0115528          0.0479464         1.1308e-06        0.000616342        1.97939e-08           0.732759
29        0.000740952         2.5117e-05        6.72706e-06             101325           0.267829        6.72706e-06            1255.77                  0           0.461072            150.677        5.92265e+08        0.000322676        2.39588e-06        1.29527e-05           0.125077        4.94986e-05          0.0578885        0.000179808         1.0133e-06         7.3691e-08        0.000742559          0.0167566          0.0136229          0.0518918        2.48441e-06         0.00069113        4.85989e-08           0.732759
30        0.000766069         2.5117e-05        6.31925e-06             101325           0.251593        6.31925e-06            1334.72                  0            0.50473            360.453         1.2872e+09        0.000371724        5.24043e-06        3.03871e-05            0.11566        0.000110106           0.063635        0.000188755        2.24628e-06        1.62347e-07        0.000814247          0.0138978          0.0158562          0.0559038        5.12276e-06        0.000760517        1.11154e-07           0.732758
31        0.000791186         2.5117e-05        5.95496e-06             101325           0.237089        5.95496e-06            1413.96                  0           0.549617            796.623        2.64316e+09        0.000421593        1.08295e-05        6.75466e-05           0.105996        0.000231194          0.0694793        0.000183479        4.55498e-06        3.27785e-07        0.000851864          0.0109997          0.0181906          0.0599819        9.71154e-06         0.00081375        2.32366e-07           0.732757
32        0.000816303         2.5117e-05        5.63601e-06             101325            0.22439        5.63601e-06             1491.3                  0           0.595167            1588.39        4.97936e+09        0.000467675        2.07525e-05        0.000141261          0.0963066        0.000451766          0.0752161        0.000163476        8.13052e-06        5.84145e-07        0.000822553         0.00818863          0.0204894          0.0641186        1.63853e-05        0.000831468        4.27848e-07           0.732757
33         0.00084142         2.5117e-05        5.36768e-06             101325           0.213707        5.36768e-06            1563.12                  0           0.640255            2770.89        8.27858e+09        0.000501789        3.59992e-05         0.00027456          0.0870012        0.000807431          0.0805139        0.000132832         1.2032e-05        8.66989e-07         0.00070587         0.00565632           0.022498          0.0682925        2.35018e-05        0.000787355        6.53658e-07           0.732756
34        0.000866537         2.5117e-05        5.15591e-06             101325           0.205276        5.15591e-06            1624.96                  0           0.683045            4087.71         1.1577e+10        0.000514291        5.52775e-05        0.000486706          0.0786455         0.00129816          0.0849793        9.87607e-05        1.39009e-05        1.01105e-06        0.000525869         0.00360627          0.0238679          0.0724566        2.73858e-05        0.000667283        7.80511e-07           0.732756
35        0.000891654         2.5117e-05        5.00085e-06             101325           0.199102        5.00085e-06             1673.8                  0           0.721374            4993.16        1.30871e+10        0.000501997        7.47464e-05        0.000769487          0.0717314         0.00186302          0.0883464        6.84817e-05        1.24837e-05        9.21391e-07        0.000344042          0.0021419          0.0243355          0.0765296        2.56164e-05        0.000497696        7.24961e-07           0.732757
36        0.000916771         2.5117e-05         4.8932e-06             101325           0.194816         4.8932e-06            1710.04                  0           0.753789            5103.63         1.1996e+10        0.000473246         9.0728e-05         0.00107472          0.0664169         0.00240632          0.0906285        4.59119e-05        9.25125e-06        6.94172e-07        0.000205496          0.0012092          0.0239224          0.0804068        1.99548e-05        0.000332219        5.54575e-07           0.732757
37        0.000941888         2.5117e-05        4.81889e-06             101325           0.191858        4.81889e-06            1736.64                  0           0.780252            4552.86        9.36564e+09        0.000440479        0.000101819         0.00134501          0.0625166         0.00285816          0.0920566        3.10661e-05          6.091e-06        4.64113e-07        0.000116647        0.000662393          0.0228884          0.0839983          1.372e-05        0.000205561        3.75218e-07           0.732758
38        0.000967005         2.5117e-05        4.76549e-06             101325           0.189732        4.76549e-06            1756.87                  0           0.801715            3740.76        6.62991e+09        0.000411518        0.000108365          0.0015486          0.0596932         0.00319853          0.0929126        2.19927e-05        3.76314e-06        2.90485e-07        6.46123e-05        0.000357333          0.0215323           0.087257        8.75464e-06        0.000121706        2.37004e-07           0.732759
39        0.000992122         2.5117e-05        4.72457e-06             101325           0.188102        4.72457e-06            1773.17                  0           0.819342            2960.06         4.4983e+09        0.000388532        0.000111294         0.00168194          0.0576237          0.0034395          0.0934244        1.66205e-05        2.25095e-06        1.75609e-07        3.54321e-05        0.000191543          0.0200727          0.0901764        5.35568e-06        7.03901e-05        1.44302e-07           0.732759
40         0.00101724         2.5117e-05        4.69113e-06             101325           0.186771        4.69113e-06            1787.06                  0           0.834114             2321.6        3.05542e+09         0.00037073         0.00011152         0.00175581          0.0560626         0.00360285          0.0937447        1.34432e-05        1.32551e-06        1.04299e-07        1.93872e-05        0.000102565          0.0186361          0.0927755        3.20102e-06        4.02503e-05        8.61908e-08           0.732759
41         0.00104236         2.5117e-05        4.66236e-06             101325           0.185626        4.66236e-06             1799.4                  0           0.846753            1832.41        2.14257e+09        0.000356512        0.000109786          0.0017844          0.0548425          0.0037088          0.0939659        1.15194e-05        7.75438e-07         6.1432e-08        1.06321e-05        5.50401e-05          0.0172841          0.0950852        1.88998e-06        2.29149e-05        5.09979e-08            0.73276
42         0.00106747         2.5117e-05        4.63671e-06             101325           0.184604        4.63671e-06            1810.68                  0           0.857764             1464.4         1.5775e+09        0.000344424         0.00010666         0.00178032          0.0538545         0.00377297          0.0941405        1.03003e-05        4.53006e-07        3.60769e-08        5.86015e-06         2.9663e-05          0.0160405          0.0971395        1.10996e-06        1.30429e-05        3.00596e-08            0.73276
43         0.00109259         2.5117e-05         4.6133e-06             101325           0.183673         4.6133e-06            1821.19                  0           0.867503            1185.99        1.22341e+09        0.000333411         0.00010257         0.00175341          0.0530287         0.00380655          0.0942971        9.47605e-06        2.65075e-07        2.11918e-08        3.25214e-06        1.60781e-05           0.014909          0.0989719        6.51476e-07        7.44146e-06        1.77091e-08            0.73276
44         0.00111771         2.5117e-05        4.59164e-06             101325            0.18281        4.59164e-06            1831.07                  0           0.876223            971.822          9.927e+08        0.000322805        9.78367e-05         0.00171085          0.0523202         0.00381731          0.0944499        8.87467e-06        1.55641e-07        1.24751e-08        1.81936e-06        8.77376e-06          0.0138833           0.100613        3.83586e-07        4.26268e-06        1.04488e-08            0.73276
45         0.00114282         2.5117e-05        4.57141e-06             101325           0.182005        4.57141e-06            1840.43                  0            0.88411            803.741        8.33431e+08        0.000312225        9.26994e-05         0.00165776          0.0516997         0.00381067          0.0946057        8.40098e-06         9.1797e-08        7.36821e-09        1.02686e-06        4.82401e-06          0.0129535            0.10209        2.27357e-07        2.45412e-06        6.18189e-09            0.73276
46         0.00116794         2.5117e-05        4.55241e-06             101325           0.181248        4.55241e-06            1849.32                  0           0.891307             669.29         7.1608e+08        0.000301486        8.73393e-05         0.00159775          0.0511472         0.00379043          0.0947669        8.00219e-06        5.44176e-08        4.36943e-09        5.85016e-07        2.67396e-06          0.0121085           0.103427         1.3615e-07        1.42095e-06        3.67018e-09            0.73276
47         0.00119306         2.5117e-05        4.53451e-06             101325           0.180536        4.53451e-06             1857.8                  0           0.897922            559.992        6.24186e+08        0.000290526        8.18924e-05         0.00153338          0.0506492         0.00375931          0.0949337        7.64888e-06        3.24329e-08        2.60259e-09        3.36526e-07        1.49493e-06          0.0113373           0.104644        8.27137e-08        8.27746e-07        2.18752e-09            0.73276
48         0.00121817         2.5117e-05         4.5176e-06             101325           0.179862         4.5176e-06            1865.89                  0           0.904042            470.008        5.48619e+08         0.00027935        7.64612e-05         0.00146647          0.0501958         0.00371932          0.0951055        7.32442e-06        1.94365e-08         1.5574e-09        1.95488e-07        8.43231e-07          0.0106304           0.105757        5.12169e-08        4.85224e-07        1.30926e-09            0.73276
49         0.00124329         2.5117e-05         4.5016e-06             101325           0.179225         4.5016e-06            1873.62                  0           0.909738            395.221        4.84273e+08        0.000268007        7.11222e-05         0.00139834          0.0497798         0.00367196          0.0952809        7.01932e-06        1.17122e-08         9.3639e-10        1.14675e-07        4.79992e-07         0.00997907           0.106782        3.24884e-08        2.86256e-07         7.8698e-10           0.732761
50         0.00126841         2.5117e-05        4.48643e-06             101325           0.178621        4.48643e-06            1881.01                  0           0.915064            332.639        4.28222e+08        0.000256559        6.59317e-05         0.00132995          0.0493959         0.00361844          0.0954588        6.72809e-06        7.09615e-09        5.65711e-10        6.79232e-08        2.75772e-07         0.00937617            0.10773        2.12169e-08        1.69958e-07        4.75119e-10           0.732761
51         0.00129353         2.5117e-05        4.47205e-06             101325           0.178049        4.47205e-06            1888.08                  0           0.920066            280.022        3.78724e+08        0.000245076        6.09309e-05         0.00126204          0.0490398          0.0035597          0.0956377         6.4475e-06        4.32252e-09        3.43419e-10        4.06161e-08         1.5993e-07          0.0088155           0.108612        1.43236e-08        1.01553e-07        2.88112e-10           0.732761
52         0.00131864         2.5117e-05         4.4584e-06             101325           0.177505         4.4584e-06            1894.84                  0           0.924781            235.642        3.34678e+08        0.000233626        5.61485e-05         0.00119513          0.0487083         0.00349653          0.0958166        6.17562e-06        2.64696e-09        2.09484e-10        2.45141e-08        9.36234e-08         0.00829195           0.109435        1.00196e-08        6.10636e-08        1.75493e-10           0.732761
53         0.00134376         2.5117e-05        4.44544e-06             101325           0.176989        4.44544e-06             1901.3                  0           0.929239            198.135        2.95334e+08        0.000222273        5.16038e-05         0.00112963          0.0483987         0.00342961          0.0959943        5.91133e-06        1.62939e-09        1.28406e-10        1.49304e-08        5.53238e-08         0.00780124           0.110206         7.2622e-09        3.69487e-08        1.07379e-10           0.732761
54         0.00136888         2.5117e-05        4.43314e-06             101325           0.176499        4.43314e-06            1907.49                  0           0.933465              166.4        2.60139e+08        0.000211072        4.73087e-05         0.00106585           0.048109          0.0033595          0.0961701        5.65399e-06        1.00822e-09        7.90944e-11        9.17428e-09        3.29986e-08         0.00733989           0.110931        5.44057e-09        2.24972e-08        6.60034e-11           0.732761
55         0.00139399         2.5117e-05        4.42146e-06             101325           0.176035        4.42146e-06             1913.4                  0           0.937478            139.539        2.28658e+08        0.000200076        4.32692e-05         0.00100403          0.0478374         0.00328673          0.0963432        5.40326e-06        6.27098e-10        4.89623e-11        5.68626e-09        1.98661e-08         0.00690501           0.111614        4.19494e-09        1.37839e-08        4.07612e-11           0.732761
56         0.00141911         2.5117e-05        4.41038e-06             101325           0.175593        4.41038e-06            1919.04                  0           0.941296            116.806        2.00526e+08        0.000189326        3.94867e-05        0.000944334          0.0475825         0.00321176          0.0965129          5.159e-06        3.92084e-10        3.04632e-11        3.55436e-09        1.20709e-08         0.00649424            0.11226        3.31174e-09        8.49849e-09        2.52937e-11           0.732761
57         0.00144423         2.5117e-05        4.39986e-06             101325           0.175175        4.39986e-06            1924.43                  0            0.94493            97.5798        1.75427e+08        0.000178859        3.59588e-05        0.000886898          0.0473432         0.00313499          0.0966787        4.92124e-06        2.46442e-10        1.90519e-11        2.24036e-09        7.40212e-09         0.00610564            0.11287        2.66283e-09         5.2732e-09        1.57735e-11           0.732761
58         0.00146934         2.5117e-05        4.38989e-06             101325           0.174778        4.38989e-06            1929.57                  0           0.948392            81.3363        1.53076e+08        0.000168706        3.26807e-05         0.00083181          0.0471185         0.00305682          0.0968402        4.69006e-06        1.55736e-10        1.19789e-11        1.42382e-09        4.58088e-09         0.00573764           0.113448        2.17032e-09        3.29322e-09         9.8872e-12           0.732761
59         0.00149446         2.5117e-05        4.38044e-06             101325           0.174401        4.38044e-06            1934.47                  0            0.95169            67.6335        1.33219e+08        0.000158892        2.96451e-05         0.00077913          0.0469075          0.0029776           0.096997        4.46563e-06        9.89591e-11        7.57342e-12        9.12326e-10        2.86096e-09         0.00538893           0.113996        1.78603e-09        2.07041e-09        6.23066e-12           0.732761
60         0.00151958         2.5117e-05        4.37149e-06             101325           0.174045        4.37149e-06            1939.13                  0           0.954833             56.096         1.1562e+08        0.000149437        2.68434e-05        0.000728894          0.0467094         0.00289767           0.097149        4.24818e-06        6.32397e-11        4.81555e-12        5.89387e-10        1.80322e-09         0.00505841           0.114515        1.47943e-09         1.3106e-09        3.94829e-12           0.732761
61          0.0015447         2.5117e-05        4.36303e-06             101325           0.173708        4.36303e-06            1943.56                  0           0.957825            46.4039        1.00066e+08        0.000140357        2.42657e-05        0.000681115          0.0465238         0.00281734          0.0972957        4.03794e-06         4.0651e-11        3.08018e-12        3.83899e-10        1.14702e-09          0.0047452           0.115008        1.23066e-09        8.35565e-10        2.51656e-12           0.732761
62         0.00156981         2.5117e-05        4.35504e-06             101325            0.17339        4.35504e-06            1947.76                  0           0.960673            38.2842        8.63578e+07        0.000131663        2.19011e-05        0.000635789            0.04635         0.00273692          0.0974372        3.83518e-06        2.62902e-11        1.98238e-12         2.5213e-10        7.36388e-10         0.00444851           0.115474        1.02635e-09        5.36681e-10        1.61377e-12           0.732761
63         0.00159493         2.5117e-05        4.34749e-06             101325            0.17309        4.34749e-06            1951.75                  0           0.963381            31.5028        7.43141e+07        0.000123364        1.97384e-05        0.000592899          0.0461874         0.00265669          0.0975732        3.64016e-06        1.71102e-11        1.28406e-12        1.66979e-10        4.77181e-10         0.00416767           0.115915        8.57161e-10          3.474e-10        1.04145e-12           0.732761
64         0.00162005         2.5117e-05        4.34038e-06             101325           0.172806        4.34038e-06            1955.52                  0           0.965952            25.8593        6.37672e+07        0.000115465        1.77659e-05        0.000552411          0.0460356         0.00257692          0.0977036        3.45314e-06        1.12089e-11        8.37318e-13        1.11525e-10        3.12134e-10          0.0039021           0.116332        7.16301e-10         2.2672e-10        6.76571e-13           0.732761
65         0.00164516         2.5117e-05        4.33368e-06             101325            0.17254        4.33368e-06            1959.09                  0           0.968391            21.1812         5.4563e+07        0.000107968        1.59719e-05        0.000514285          0.0458941         0.00249787          0.0978286        3.27434e-06        7.39309e-12        5.49814e-13         7.5129e-11        2.06123e-10         0.00365125           0.116726        5.98661e-10        1.49237e-10         4.4259e-13           0.732761
66         0.00167028         2.5117e-05        4.32738e-06             101325           0.172289        4.32738e-06            1962.45                  0           0.970702            17.3206        4.65597e+07        0.000100872        1.43446e-05        0.000478468          0.0457625         0.00241979          0.0979479        3.10399e-06        4.91088e-12        3.63649e-13        5.10537e-11        1.37433e-10         0.00341463           0.117098        5.00261e-10        9.91271e-11        2.91629e-13           0.732761
67          0.0016954         2.5117e-05        4.32147e-06             101325           0.172054        4.32147e-06            1965.62                  0           0.972887            14.1499        3.96274e+07        9.41733e-05        1.28723e-05        0.000444902          0.0456404         0.00234291          0.0980616        2.94226e-06        3.28608e-12        2.42332e-13        3.50017e-11        9.25301e-11         0.00319176           0.117448        4.17922e-10        6.64724e-11        1.93611e-13            0.73276
68         0.00172051         2.5117e-05        4.31593e-06             101325           0.171833        4.31593e-06            1968.61                  0            0.97495            11.5598        3.36467e+07        8.78674e-05        1.15438e-05        0.000413518          0.0455272         0.00226746          0.0981698        2.78928e-06        2.21565e-12         1.6275e-13        2.42132e-11         6.2916e-11         0.00298217           0.117777        3.49043e-10        4.50236e-11        1.29548e-13            0.73276
69         0.00174563         2.5117e-05        4.31075e-06             101325           0.171627        4.31075e-06            1971.41                  0           0.976895            9.45616        2.85086e+07        8.19469e-05        1.03479e-05        0.000384247          0.0454225         0.00219364          0.0982725        2.64512e-06        1.50572e-12        1.10188e-13        1.69035e-11        4.32094e-11         0.00278542           0.118086        2.91473e-10        3.08184e-11        8.73904e-14            0.73276
70         0.00177075         2.5117e-05         4.3059e-06             101325           0.171434         4.3059e-06            1974.03                  0           0.978725             7.7582        2.41133e+07        7.64028e-05          9.274e-06        0.000357009           0.045326         0.00212165          0.0983698        2.50983e-06        1.03163e-12        7.52258e-14        1.19101e-11        2.99771e-11         0.00260103           0.118376        2.43408e-10        2.13291e-11          5.945e-14            0.73276
71         0.00179587         2.5117e-05        4.30138e-06             101325           0.171254        4.30138e-06            1976.48                  0           0.980443            6.39678        2.03702e+07        7.12247e-05        8.31192e-06        0.000331725          0.0452372         0.00205167          0.0984617        2.38337e-06        7.12787e-13        5.18012e-14        8.47085e-12        2.10111e-11         0.00242857           0.118647        2.03329e-10         1.4933e-11        4.07965e-14            0.73276
72         0.00182098         2.5117e-05        4.29717e-06             101325           0.171086        4.29717e-06            1978.77                  0           0.982054             5.3128        1.71968e+07        6.64008e-05        7.45194e-06         0.00030831          0.0451556         0.00198386          0.0985484        2.26566e-06        4.96786e-13        3.59891e-14        6.08221e-12        1.48801e-11         0.00226755             0.1189        1.69954e-10        1.05813e-11        2.82489e-14            0.73276
73          0.0018461         2.5117e-05        4.29326e-06             101325            0.17093        4.29326e-06            1980.91                  0           0.983561            4.45591        1.45185e+07        6.19184e-05        6.68488e-06        0.000286676          0.0450809         0.00191837          0.0986299        2.15656e-06        3.49358e-13        2.52336e-14        4.40931e-12        1.06491e-11         0.00211752           0.119135        1.42194e-10        7.59186e-12        1.97428e-14            0.73276
74         0.00187122         2.5117e-05        4.28962e-06             101325           0.170786        4.28962e-06            1982.89                  0           0.984967            3.78336         1.2268e+07        5.77636e-05        6.00208e-06        0.000266737          0.0450126         0.00185534          0.0987065        2.05588e-06        2.47962e-13          1.786e-14         3.2278e-12        7.70232e-12           0.001978           0.119355        1.19132e-10        5.51759e-12        1.39307e-14            0.73276
75         0.00189633         2.5117e-05        4.28626e-06             101325           0.170652        4.28626e-06            1984.73                  0           0.986278            3.25901        1.03848e+07         5.3922e-05        5.39545e-06          0.0002484          0.0449503         0.00179487          0.0987783        1.96337e-06         1.7768e-13        1.27645e-14        2.38628e-12        5.63099e-12         0.00184852           0.119558          9.999e-11        4.06346e-12        9.92706e-15            0.73276
76         0.00192145         2.5117e-05        4.28315e-06             101325           0.170528        4.28315e-06            1986.44                  0           0.987497             2.8525        8.81515e+06        5.03786e-05        4.85747e-06        0.000231578          0.0448936         0.00173705          0.0988454        1.87872e-06        1.28576e-13        9.21457e-15        1.78186e-12        4.16159e-12         0.00172858           0.119746        8.41141e-11         3.0333e-12        7.14628e-15            0.73276
77         0.00194657         2.5117e-05        4.28028e-06             101325           0.170414        4.28028e-06            1988.01                  0           0.988628            2.53846        7.51106e+06        4.71181e-05        4.38116e-06        0.000216178          0.0448421         0.00168196          0.0989079        1.80161e-06        9.39911e-14         6.7209e-15        1.34409e-12         3.1096e-12         0.00161772           0.119921        7.09535e-11        2.29565e-12        5.19864e-15            0.73276
78         0.00197168         2.5117e-05        4.27764e-06             101325           0.170308        4.27764e-06            1989.47                  0           0.989675            2.29586        6.43038e+06        4.41248e-05        3.96009e-06        0.000202113          0.0447954         0.00162965          0.0989661        1.73165e-06        6.94327e-14        4.95455e-15        1.02437e-12        2.34958e-12         0.00151545           0.120081        6.00463e-11        1.76169e-12        3.82289e-15            0.73276
79          0.0019968         2.5117e-05        4.27521e-06             101325           0.170212        4.27521e-06            1990.81                  0           0.990643            2.10742         5.5362e+06        4.13832e-05        3.58837e-06        0.000189295          0.0447532         0.00158015          0.0990202        1.66846e-06        5.18496e-14        3.69281e-15         7.8893e-13        1.79552e-12          0.0014213           0.120229        5.10061e-11        1.37095e-12        2.84274e-15            0.73276
80         0.00202192         2.5117e-05        4.27298e-06             101325           0.170123        4.27298e-06            1992.04                  0           0.991535            1.95913        4.79653e+06        3.88778e-05        3.26062e-06        0.000177637          0.0447151         0.00153346          0.0990702        1.61159e-06        3.91554e-14        2.78382e-15        6.14141e-13        1.38799e-12          0.0013348           0.120365        4.35109e-11        1.08189e-12        2.13838e-15            0.73276
81         0.00204704         2.5117e-05        4.27094e-06             101325           0.170042        4.27094e-06            1993.17                  0           0.992356            1.83975        4.18385e+06        3.65932e-05        2.97195e-06        0.000167057          0.0446807         0.00148958          0.0991164        1.56063e-06        2.99134e-14        2.12333e-15        4.83325e-13        1.08559e-12         0.00125548            0.12049        3.72926e-11        8.65717e-13        1.62776e-15            0.73276
82         0.00207215         2.5117e-05        4.26907e-06             101325           0.169967        4.26907e-06             1994.2                  0            0.99311            1.74045        3.67477e+06        3.45145e-05        2.71794e-06        0.000157473          0.0446498         0.00144849           0.099159        1.51513e-06        2.31274e-14        1.63924e-15        3.84632e-13        8.59219e-13         0.00118291           0.120604        3.21288e-11        7.02324e-13        1.25433e-15            0.73276
83         0.00209727         2.5117e-05        4.26737e-06             101325             0.1699        4.26737e-06            1995.14                  0           0.993801            1.65439        3.24957e+06        3.26272e-05        2.49461e-06         0.00014881           0.044622         0.00141013          0.0991981        1.47465e-06        1.81018e-14        1.28132e-15         3.0958e-13        6.88294e-13         0.00111663           0.120708        2.78356e-11        5.77516e-13        9.78781e-16            0.73276
84         0.00212239         2.5117e-05        4.26582e-06             101325           0.169838        4.26582e-06               1996                  0           0.994432            1.57648        2.89188e+06        3.09171e-05         2.2984e-06        0.000140991          0.0445971         0.00137444          0.0992341        1.43875e-06        1.43473e-14        1.01433e-15        2.52048e-13        5.58109e-13         0.00105623           0.120802        2.42608e-11        4.81193e-13         7.7362e-16            0.73276
85          0.0021475         2.5117e-05        4.26441e-06             101325           0.169782        4.26441e-06            1996.78                  0           0.995008            1.50301        2.58822e+06        2.93707e-05         2.1261e-06        0.000133949          0.0445748         0.00134136          0.0992669        1.40702e-06        1.15171e-14        8.13352e-16        2.07588e-13        4.58085e-13         0.00100129           0.120889        2.12793e-11        4.06097e-13        6.19451e-16            0.73276
86         0.00217262         2.5117e-05        4.26314e-06             101325           0.169731        4.26314e-06            1997.49                  0           0.995533            1.43144        2.32765e+06        2.79752e-05        1.97487e-06        0.000127617          0.0445548         0.00131079          0.0992969        1.37906e-06        9.36394e-15        6.60644e-16        1.72942e-13        3.80544e-13         0.00095142           0.120967        1.87876e-11        3.46969e-13        5.02496e-16            0.73276
87         0.00219774         2.5117e-05        4.26198e-06             101325           0.169685        4.26198e-06            1998.13                  0            0.99601            1.36015        2.10143e+06        2.67182e-05         1.8422e-06        0.000121933           0.044537         0.00128263          0.0993242        1.35448e-06        7.71011e-15        5.43483e-16         1.4571e-13        3.19875e-13         0.00090624           0.121038        1.67011e-11        2.99957e-13        4.12896e-16            0.73276
88         0.00222285         2.5117e-05        4.26094e-06             101325           0.169644        4.26094e-06            1998.71                  0           0.996442            1.28828        1.90264e+06        2.55882e-05        1.72583e-06        0.000116838          0.0445211         0.00125677           0.099349        1.33293e-06        6.42698e-15        4.52678e-16        1.24108e-13        2.71947e-13        0.000865391           0.121102        1.49498e-11        2.62221e-13        3.43545e-16            0.73276
89         0.00224797         2.5117e-05           4.26e-06             101325           0.169606           4.26e-06            1999.23                  0           0.996833            1.21549        1.72591e+06        2.45743e-05        1.62379e-06        0.000112279          0.0445069         0.00123311          0.0993715        1.31407e-06        5.42085e-15        3.81543e-16        1.06805e-13        2.33692e-13         0.00082853            0.12116        1.34765e-11        2.31642e-13        2.89285e-16            0.73276
90         0.00227309         2.5117e-05        4.25916e-06             101325           0.169573        4.25916e-06             1999.7                  0           0.997187            1.14185        1.56712e+06        2.36661e-05        1.53434e-06        0.000108206          0.0444944         0.00121152          0.0993919        1.29761e-06        4.62304e-15        3.25186e-16         9.2798e-14        2.02824e-13        0.000795333           0.121212        1.22342e-11        2.06633e-13        2.46346e-16            0.73276
91         0.00229821         2.5117e-05         4.2584e-06             101325           0.169543         4.2584e-06            2000.13                  0           0.997505            1.06772        1.42314e+06        2.28541e-05        1.45594e-06        0.000104572          0.0444832         0.00119188          0.0994102        1.28326e-06        3.98289e-15        2.80002e-16        8.13323e-14        1.77623e-13        0.000765494           0.121259         1.1184e-11        1.85991e-13        2.11956e-16            0.73276
92         0.00232332         2.5117e-05        4.25772e-06             101325           0.169515        4.25772e-06             2000.5                  0           0.997791            0.99362        1.29164e+06        2.21295e-05        1.38725e-06        0.000101335          0.0444733         0.00117407          0.0994267        1.27077e-06        3.46283e-15        2.43322e-16         7.1834e-14        1.56795e-13        0.000738726           0.121301        1.02942e-11        1.68799e-13        1.84066e-16            0.73276
93         0.00234844         2.5117e-05        4.25711e-06             101325           0.169491        4.25711e-06            2000.84                  0           0.998048           0.920167        1.17091e+06         2.1484e-05        1.32707e-06        9.84554e-05          0.0444645         0.00115796          0.0994416        1.25991e-06        3.03487e-15        2.13158e-16        6.38668e-14        1.39358e-13        0.000714759           0.121339        9.53854e-12        1.54354e-13        1.61152e-16            0.73276
94         0.00237356         2.5117e-05        4.25657e-06             101325            0.16947        4.25657e-06            2001.14                  0           0.998278           0.847997        1.05969e+06        2.09098e-05        1.27436e-06         9.5898e-05          0.0444567         0.00114343          0.0994548        1.25048e-06        2.67806e-15        1.88025e-16        5.70981e-14        1.24567e-13        0.000693341           0.121372        8.89534e-12        1.42112e-13        1.42076e-16            0.73276
95         0.00239867         2.5117e-05        4.25609e-06             101325           0.169451        4.25609e-06            2001.41                  0           0.998483           0.777722             957044        2.04001e-05        1.22822e-06        9.36298e-05          0.0444499         0.00113037          0.0994667        1.24229e-06        2.37665e-15        1.66807e-16         5.1274e-14        1.11855e-13        0.000674239           0.121402        8.34674e-12        1.31653e-13        1.25985e-16            0.73276
96         0.00242379         2.5117e-05        4.25566e-06             101325           0.169434        4.25566e-06            2001.65                  0           0.998667           0.709898             862290        1.99484e-05        1.18783e-06         9.1621e-05          0.0444438         0.00111865          0.0994773         1.2352e-06         2.1188e-15        1.48665e-16        4.62008e-14        1.00792e-13        0.000657234           0.121429        7.87792e-12        1.22647e-13        1.12237e-16            0.73276
97         0.00244891         2.5117e-05        4.25528e-06             101325           0.169418        4.25528e-06            2001.87                  0            0.99883              0.645             774894        1.95487e-05         1.1525e-06        8.98445e-05          0.0444385         0.00110817          0.0994867        1.22905e-06        1.89554e-15        1.32965e-16        4.17306e-14        9.10493e-14        0.000642124           0.121453        7.47658e-12        1.14836e-13        1.00349e-16            0.73276
98         0.00247402         2.5117e-05        4.25495e-06             101325           0.169405        4.25495e-06            2002.05                  0           0.998975           0.583408             694429        1.91956e-05        1.12161e-06        8.82759e-05          0.0444337         0.00109881          0.0994951        1.22373e-06         1.7001e-15        1.19229e-16        3.77511e-14        8.23792e-14        0.000628725           0.121474        7.13246e-12        1.08016e-13        8.99543e-17            0.73276
99         0.00249914         2.5117e-05        4.25465e-06             101325           0.169393        4.25465e-06            2002.22                  0           0.999103           0.525411             620529        1.88843e-05        1.09461e-06        8.68927e-05          0.0444296         0.00109049          0.0995025        1.21912e-06        1.52734e-15        1.07091e-16        3.41765e-14        7.45927e-14        0.000616864           0.121493        6.83701e-12        1.02027e-13        8.07755e-17            0.73276
100         0.00252426         2.5117e-05        4.25439e-06             101325           0.169383        4.25439e-06            2002.37                  0           0.999217           0.471202             552864        1.86102e-05        1.07103e-06         8.5675e-05           0.044426          0.0010831          0.0995091        1.21513e-06        1.37334e-15        9.62764e-17        3.09421e-14         6.7547e-14        0.000606386           0.121509        6.58305e-12        9.67411e-14        7.26019e-17            0.73276
101         0.00254938         2.5117e-05        4.25416e-06             101325           0.169374        4.25416e-06             2002.5                  0           0.999318           0.420883             491114        1.83693e-05        1.05045e-06        8.46045e-05          0.0444228         0.00107655          0.0995149        1.21168e-06        1.23513e-15        8.65738e-17        2.79984e-14        6.11338e-14        0.000597145           0.121523        6.36454e-12        9.20549e-14        6.52726e-17            0.73276
102         0.00257449         2.5117e-05        4.25396e-06             101325           0.169366        4.25396e-06            2002.61                  0           0.999406           0.374485             434966        1.81579e-05        1.03251e-06        8.36649e-05            0.04442         0.00107076            0.09952         1.2087e-06        1.11042e-15        7.78216e-17        2.53081e-14        5.52712e-14        0.000589012           0.121536         6.1764e-12        8.78858e-14        5.86646e-17            0.73276
103         0.00259961         2.5117e-05        4.25378e-06             101325           0.169359        4.25378e-06            2002.71                  0           0.999484           0.331963             384101        1.79727e-05        1.01688e-06        8.28415e-05          0.0444176         0.00106566          0.0995245        1.20612e-06        9.97435e-16         6.9895e-17        2.28425e-14        4.98966e-14        0.000581866           0.121547        6.01432e-12        8.41668e-14        5.26824e-17            0.73276
104         0.00262473         2.5117e-05        4.25362e-06             101325           0.169352        4.25362e-06             2002.8                  0           0.999553           0.293222             338196        1.78107e-05        1.00327e-06         8.2121e-05          0.0444155         0.00106117          0.0995285         1.2039e-06        8.94804e-16        6.26966e-17        2.05792e-14        4.49616e-14        0.000575599           0.121557        5.87464e-12        8.08425e-14        4.72519e-17            0.73276
105         0.00264984         2.5117e-05        4.25349e-06             101325           0.169347        4.25349e-06            2002.87                  0           0.999613           0.258116             296925        1.76693e-05        9.91442e-07        8.14915e-05          0.0444136         0.00105723          0.0995319        1.20197e-06        8.01431e-16         5.6149e-17        1.85009e-14        4.04283e-14        0.000570114           0.121566        5.75425e-12        7.78674e-14        4.23141e-17            0.73276
106         0.00267496         2.5117e-05        4.25337e-06             101325           0.169342        4.25337e-06            2002.94                  0           0.999665            0.22647             259960         1.7546e-05        9.81166e-07        8.09424e-05           0.044412         0.00105378          0.0995349        1.20032e-06        7.16435e-16          5.019e-17        1.65934e-14        3.62662e-14         0.00056532           0.121573        5.65049e-12        7.52029e-14        3.78216e-17            0.73276
107         0.00270008         2.5117e-05        4.25327e-06             101325           0.169338        4.25327e-06               2003                  0           0.999711            0.19808             226974        1.74387e-05         9.7225e-07        8.04643e-05          0.0444106         0.00105077          0.0995376        1.19888e-06        6.39085e-16        4.47681e-17        1.48448e-14        3.24496e-14         0.00056114            0.12158        5.56108e-12        7.28166e-14         3.3735e-17            0.73276
108         0.00272519         2.5117e-05        4.25318e-06             101325           0.169335        4.25318e-06            2003.05                  0           0.999751           0.172726             197644        1.73455e-05        9.64524e-07        8.00485e-05          0.0444094         0.00104814          0.0995398        1.19765e-06        5.68764e-16        3.98397e-17        1.32449e-14        2.89566e-14        0.000557501           0.121586        5.48405e-12        7.06802e-14        3.00212e-17            0.73276
109         0.00275031         2.5117e-05         4.2531e-06             101325           0.169331         4.2531e-06            2003.09                  0           0.999786           0.150182             171657        1.72646e-05        9.57837e-07        7.96877e-05          0.0444083         0.00104585          0.0995418        1.19659e-06        5.04932e-16        3.53666e-17        1.17846e-14        2.57674e-14        0.000554338           0.121591        5.41774e-12        6.87693e-14        2.66512e-17            0.73276
110         0.00277543         2.5117e-05        4.25303e-06             101325           0.169329        4.25303e-06            2003.13                  0           0.999816           0.130218             148710        1.71945e-05        9.52057e-07        7.93749e-05          0.0444074         0.00104385          0.0995436        1.19567e-06        4.47107e-16        3.13149e-17        1.04553e-14        2.28634e-14        0.000551594           0.121595        5.36068e-12        6.70622e-14        2.35992e-17            0.73276
111         0.00280055         2.5117e-05        4.25297e-06             101325           0.169327        4.25297e-06            2003.16                  0           0.999843           0.112605             128513         1.7134e-05        9.47067e-07        7.91043e-05          0.0444066         0.00104213          0.0995451        1.19489e-06        3.94848e-16        2.76537e-17        9.24884e-15        2.02274e-14        0.000549218           0.121599        5.31162e-12        6.55396e-14        2.08418e-17            0.73276
112         0.00282566         2.5117e-05        4.25292e-06             101325           0.169325        4.25292e-06            2003.19                  0           0.999865           0.097125             110794        1.70817e-05        9.42766e-07        7.88706e-05          0.0444059         0.00104064          0.0995464        1.19421e-06        3.47746e-16         2.4354e-17        8.15751e-15        1.78423e-14        0.000547164           0.121602        5.26947e-12        6.41841e-14         1.8357e-17            0.73276
113         0.00285078         2.5117e-05        4.25288e-06             101325           0.169323        4.25288e-06            2003.21                  0           0.999885          0.0835653              95296        1.70367e-05        9.39064e-07         7.8669e-05          0.0444054         0.00103935          0.0995475        1.19363e-06        3.05414e-16        2.13887e-17        7.17362e-15        1.56917e-14        0.000545391           0.121605         5.2333e-12        6.29797e-14        1.61242e-17            0.73276
114          0.0028759         2.5117e-05        4.25284e-06             101325           0.169321        4.25284e-06            2003.23                  0           0.999902          0.0717267            81780.8        1.69979e-05        9.35881e-07        7.84955e-05          0.0444049         0.00103823          0.0995484        1.19314e-06        2.67485e-16        1.87319e-17        6.28967e-15        1.37591e-14        0.000543865           0.121607        5.20228e-12        6.19122e-14        1.41239e-17            0.73276
115         0.00290101         2.5117e-05        4.25281e-06             101325            0.16932        4.25281e-06            2003.25                  0           0.999916          0.0614233            70028.4        1.69646e-05         9.3315e-07        7.83463e-05          0.0444044         0.00103727          0.0995493        1.19271e-06        2.33607e-16        1.63591e-17        5.49831e-15        1.20288e-14        0.000542552           0.121609        5.17572e-12        6.09681e-14        1.23376e-17            0.73276
116         0.00292613         2.5117e-05        4.25279e-06             101325           0.169319        4.25279e-06            2003.27                  0           0.999929          0.0524826            59836.7         1.6936e-05        9.30808e-07        7.82183e-05          0.0444041         0.00103645            0.09955        1.19235e-06        2.03445e-16        1.42466e-17        4.79237e-15         1.0485e-14        0.000541425           0.121611        5.15299e-12        6.01353e-14        1.07474e-17            0.73276
117         0.00295125         2.5117e-05        4.25276e-06             101325           0.169318        4.25276e-06            2003.28                  0            0.99994          0.0447463            51021.8        1.69116e-05        9.28805e-07        7.81087e-05          0.0444037         0.00103575          0.0995506        1.19204e-06        1.76681e-16        1.23722e-17        4.16486e-15        9.11253e-15        0.000540459           0.121613        5.13358e-12        5.94025e-14        9.33643e-18            0.73276
118         0.00297636         2.5117e-05        4.25274e-06             101325           0.169317        4.25274e-06            2003.29                  0           0.999949          0.0380702            43417.2        1.68907e-05        9.27093e-07        7.80149e-05          0.0444035         0.00103514          0.0995511        1.19177e-06        1.53008e-16        1.07144e-17        3.60905e-15        7.89679e-15        0.000539632           0.121614        5.11701e-12        5.87596e-14        8.08861e-18            0.73276
119         0.00300148         2.5117e-05        4.25273e-06             101325           0.169317        4.25273e-06             2003.3                  0           0.999957          0.0323243              36873        1.68728e-05        9.25632e-07        7.79348e-05          0.0444032         0.00103463          0.0995516        1.19155e-06        1.32141e-16        9.25299e-18        3.11847e-15        6.82364e-15        0.000538927           0.121615         5.1029e-12        5.81969e-14        6.98869e-18            0.73276
120          0.0030266         2.5117e-05        4.25271e-06             101325           0.169316        4.25271e-06            2003.31                  0           0.999963          0.0273912            31254.7        1.68576e-05        9.24388e-07        7.78665e-05           0.044403         0.00103419          0.0995519        1.19135e-06        1.13806e-16        7.96901e-18        2.68698e-15        5.87967e-15        0.000538325           0.121616        5.09089e-12        5.77058e-14        6.02233e-18            0.73276
121         0.00305172         2.5117e-05         4.2527e-06             101325           0.169316         4.2527e-06            2003.31                  0           0.999969          0.0231661            26442.4        1.68447e-05         9.2333e-07        7.78084e-05          0.0444029         0.00103381          0.0995523        1.19119e-06        9.77487e-17         6.8446e-18        2.30876e-15         5.0522e-15        0.000537813           0.121617        5.08068e-12        5.72784e-14        5.17609e-18            0.73276
122         0.00307683         2.5117e-05        4.25269e-06             101325           0.169315        4.25269e-06            2003.32                  0           0.999974          0.0195558            22329.7        1.68337e-05        9.22431e-07        7.77591e-05          0.0444027         0.00103349          0.0995525        1.19105e-06        8.37325e-17        5.86311e-18        1.97836e-15         4.3293e-15        0.000537378           0.121617        5.07201e-12        5.69075e-14        4.43743e-18            0.73276
123         0.00310195         2.5117e-05        4.25268e-06             101325           0.169315        4.25268e-06            2003.33                  0           0.999978          0.0164777            18822.6        1.68244e-05        9.21669e-07        7.77172e-05          0.0444026         0.00103322          0.0995528        1.19093e-06        7.15369e-17        5.00911e-18        1.69069e-15        3.69986e-15        0.000537008           0.121618        5.06467e-12        5.65864e-14        3.79475e-18            0.73276
124         0.00312707         2.5117e-05        4.25267e-06             101325           0.169315        4.25267e-06            2003.33                  0           0.999982          0.0138591            15838.1        1.68165e-05        9.21024e-07        7.76817e-05          0.0444025         0.00103299           0.099553        1.19084e-06        6.09589e-17         4.2684e-18        1.44103e-15        3.15358e-15        0.000536696           0.121618        5.05846e-12        5.63092e-14        3.23732e-18            0.73276
125         0.00315218         2.5117e-05        4.25267e-06             101325           0.169314        4.25267e-06            2003.33                  0           0.999985           0.011636            13303.6        1.68098e-05        9.20478e-07        7.76517e-05          0.0444024          0.0010328          0.0995531        1.19075e-06        5.18124e-17        3.62794e-18        1.22506e-15        2.68099e-15        0.000536431           0.121619        5.05321e-12        5.60706e-14        2.75535e-18            0.73276
126          0.0031773         2.5117e-05        4.25266e-06             101325           0.169314        4.25266e-06            2003.34                  0           0.999987         0.00975258            11155.5        1.68042e-05        9.20018e-07        7.76264e-05          0.0444023         0.00103264          0.0995533        1.19068e-06        4.39281e-17        3.07586e-18        1.03882e-15        2.27345e-15        0.000536208           0.121619        5.04879e-12        5.58658e-14         2.3399e-18            0.73276
127         0.00320242         2.5117e-05        4.25266e-06             101325           0.169314        4.25266e-06            2003.34                  0           0.999989         0.00816011            9338.59        1.67994e-05         9.1963e-07        7.76051e-05          0.0444023          0.0010325          0.0995534        1.19062e-06        3.71523e-17         2.6014e-18        8.78715e-16        1.92307e-15         0.00053602           0.121619        5.04506e-12        5.56904e-14        1.98286e-18            0.73276
128         0.00322753         2.5117e-05        4.25265e-06             101325           0.169314        4.25265e-06            2003.34                  0           0.999991         0.00681627            7804.64        1.67955e-05        9.19304e-07        7.75871e-05          0.0444022         0.00103238          0.0995535        1.19057e-06        3.13462e-17        2.19485e-18        7.41481e-16        1.62275e-15        0.000535861            0.12162        5.04192e-12        5.55407e-14        1.67693e-18            0.73276
129         0.00325265         2.5117e-05        4.25265e-06             101325           0.169314        4.25265e-06            2003.34                  0           0.999992         0.00568437            6512.02        1.67921e-05         9.1903e-07         7.7572e-05          0.0444022         0.00103228          0.0995536        1.19053e-06        2.63861e-17        1.84754e-18        6.24216e-16        1.36613e-15        0.000535728            0.12162        5.03929e-12        5.54131e-14        1.41557e-18            0.73276
130         0.00327777         2.5117e-05        4.25265e-06             101325           0.169314        4.25265e-06            2003.34                  0           0.999994         0.00473273            5424.74        1.67893e-05          9.188e-07        7.75593e-05          0.0444022          0.0010322          0.0995536        1.19049e-06        2.21617e-17        1.55175e-18        5.24325e-16        1.14752e-15        0.000535617            0.12162        5.03708e-12        5.53048e-14        1.19299e-18            0.73276
131         0.00330289         2.5117e-05        4.25265e-06             101325           0.169313        4.25265e-06            2003.34                  0           0.999995         0.00393407            4511.79        1.67869e-05        9.18608e-07        7.75487e-05          0.0444021         0.00103213          0.0995537        1.19046e-06        1.85745e-17        1.30057e-18        4.39487e-16        9.61849e-16        0.000535523            0.12162        5.03523e-12        5.52131e-14        1.00398e-18            0.73276
132           0.003328         2.5117e-05        4.25264e-06             101325           0.169313        4.25264e-06            2003.35                  0           0.999996         0.00326502            3746.59         1.6785e-05        9.18447e-07        7.75399e-05          0.0444021         0.00103208          0.0995538        1.19044e-06        1.55369e-17        1.08788e-18        3.67637e-16        8.04604e-16        0.000535445            0.12162        5.03369e-12        5.51355e-14         8.4393e-19            0.73276
133         0.00335312         2.5117e-05        4.25264e-06             101325           0.169313        4.25264e-06            2003.35                  0           0.999996         0.00270552            3106.36        1.67833e-05        9.18313e-07        7.75325e-05          0.0444021         0.00103203          0.0995538        1.19042e-06        1.29718e-17        9.08273e-19        3.06958e-16        6.71805e-16         0.00053538            0.12162         5.0324e-12        5.50702e-14        7.08781e-19            0.73276
134         0.00337824         2.5117e-05        4.25264e-06             101325           0.169313        4.25264e-06            2003.35                  0           0.999997         0.00223847             2571.6         1.6782e-05        9.18201e-07        7.75263e-05          0.0444021         0.00103199          0.0995538         1.1904e-06        1.08118e-17        7.57027e-19        2.55854e-16        5.59961e-16        0.000535326           0.121621        5.03132e-12        5.50153e-14        5.94971e-19            0.73276
135         0.00340335         2.5117e-05        4.25264e-06             101325           0.169313        4.25264e-06            2003.35                  0           0.999998         0.00184923            2125.69        1.67808e-05        9.18108e-07        7.75212e-05           0.044402         0.00103196          0.0995539        1.19039e-06        8.99744e-18        6.29987e-19        2.12926e-16        4.66009e-16         0.00053528           0.121621        5.03043e-12        5.49692e-14        4.99376e-19            0.73276
136         0.00342847         2.5117e-05        4.25264e-06             101325           0.169313        4.25264e-06            2003.35                  0           0.999998         0.00152539            1754.48        1.67799e-05         9.1803e-07        7.75169e-05           0.044402         0.00103193          0.0995539        1.19037e-06        7.47841e-18        5.23625e-19        1.76982e-16        3.87343e-16        0.000535243           0.121621        5.02968e-12        5.49307e-14        4.19341e-19            0.73276
137         0.00345359         2.5117e-05        4.25264e-06             101325           0.169313        4.25264e-06            2003.35                  0           0.999998         0.00125642            1445.99        1.67791e-05        9.17966e-07        7.75134e-05           0.044402         0.00103191          0.0995539        1.19036e-06        6.20958e-18        4.34783e-19        1.46958e-16        3.21631e-16        0.000535212           0.121621        5.02907e-12        5.48986e-14         3.5249e-19            0.73276
138          0.0034787         2.5117e-05        4.25264e-06             101325           0.169313        4.25264e-06            2003.35                  0           0.999999         0.00103341            1190.06        1.67784e-05        9.17913e-07        7.75104e-05           0.044402         0.00103189          0.0995539        1.19036e-06        5.15288e-18        3.60793e-19        1.21951e-16        2.66902e-16        0.000535186           0.121621        5.02856e-12        5.48719e-14        2.96814e-19            0.73276
139         0.00350382         2.5117e-05        4.25264e-06             101325           0.169313        4.25264e-06            2003.35                  0           0.999999        0.000848831            978.096        1.67779e-05        9.17869e-07         7.7508e-05           0.044402         0.00103187          0.0995539        1.19035e-06        4.27537e-18         2.9935e-19        1.01184e-16        2.21451e-16        0.000535164           0.121621        5.02813e-12        5.48497e-14         2.5058e-19            0.73276
140         0.00352894         2.5117e-05        4.25264e-06             101325           0.169313        4.25264e-06            2003.35                  0           0.999999         0.00069632            802.851        1.67775e-05        9.17833e-07         7.7506e-05           0.044402         0.00103186          0.0995539        1.19034e-06        3.54897e-18        2.48489e-19        8.39932e-17        1.83827e-16        0.000535147           0.121621        5.02779e-12        5.48313e-14        2.12308e-19            0.73276
141         0.00355406         2.5117e-05        4.25264e-06             101325           0.169313        4.25264e-06            2003.35                  0           0.999999        0.000570546            658.238        1.67771e-05        9.17803e-07        7.75044e-05           0.044402         0.00103185          0.0995539        1.19034e-06         2.9504e-18        2.06577e-19        6.98268e-17        1.52822e-16        0.000535132           0.121621         5.0275e-12        5.48162e-14        1.80771e-19            0.73276
142         0.00357917         2.5117e-05        4.25264e-06             101325           0.169313        4.25264e-06            2003.35                  0           0.999999         0.00046703            539.141        1.67768e-05        9.17778e-07         7.7503e-05           0.044402         0.00103184           0.099554        1.19034e-06        2.45398e-18        1.71818e-19        5.80778e-17        1.27107e-16         0.00053512           0.121621        5.02726e-12        5.48037e-14        1.54616e-19            0.73276
143         0.00360429         2.5117e-05        4.25264e-06             101325           0.169313        4.25264e-06            2003.35                  0           0.999999        0.000382043            441.304        1.67765e-05        9.17758e-07        7.75019e-05           0.044402         0.00103183           0.099554        1.19033e-06        2.04111e-18         1.4291e-19         4.8306e-17         1.0572e-16        0.000535111           0.121621        5.02707e-12        5.47933e-14        1.32863e-19            0.73276
144         0.00362941         2.5117e-05        4.25264e-06             101325           0.169313        4.25264e-06            2003.35                  0                  1        0.000312464            361.158        1.67763e-05        9.17742e-07         7.7501e-05           0.044402         0.00103183           0.099554        1.19033e-06        1.69937e-18        1.18981e-19        4.02175e-17        8.80178e-17        0.000535103           0.121621        5.02691e-12        5.47847e-14        1.14857e-19            0.73276
145         0.00365452         2.5117e-05        4.25264e-06             101325           0.169313        4.25264e-06            2003.35                  0                  1        0.000255704            295.741        1.67762e-05        9.17728e-07        7.75003e-05           0.044402         0.00103182           0.099554        1.19033e-06        1.41741e-18        9.92385e-20        3.35439e-17        7.34117e-17        0.000535096           0.121621        5.02678e-12        5.47777e-14        1.00002e-19            0.73276
146         0.00367964         2.5117e-05        4.25264e-06             101325           0.169313        4.25264e-06            2003.35                  0                  1        0.000209627            242.609         1.6776e-05        9.17717e-07        7.74997e-05           0.044402         0.00103182           0.099554        1.19033e-06        1.18547e-18        8.29988e-20        2.80543e-17        6.13969e-17        0.000535091           0.121621        5.02668e-12        5.47719e-14        8.77817e-20            0.73276
147         0.00370476         2.5117e-05        4.25264e-06             101325           0.169313        4.25264e-06            2003.35                  0                  1        0.000172487             199.76        1.67759e-05        9.17709e-07        7.74992e-05           0.044402         0.00103181           0.099554        1.19033e-06        9.99108e-19        6.99496e-20        2.36432e-17        5.17426e-17        0.000535087           0.121621         5.0266e-12        5.47672e-14        7.79626e-20            0.73276
148         0.00372987         2.5117e-05        4.25264e-06             101325           0.169313        4.25264e-06            2003.35                  0                  1        0.000142869            165.572        1.67759e-05        9.17702e-07        7.74988e-05           0.044402         0.00103181           0.099554        1.19032e-06        8.50818e-19        5.95665e-20        2.01333e-17        4.40607e-17        0.000535083           0.121621        5.02653e-12        5.47635e-14        7.01497e-20            0.73276
149         0.00375499         2.5117e-05        4.25264e-06             101325           0.169313        4.25264e-06            2003.35                  0                  1         0.00011965            138.757        1.67758e-05        9.17697e-07        7.74985e-05           0.044402         0.00103181           0.099554        1.19032e-06         7.3633e-19        5.15501e-20        1.74235e-17        3.81298e-17        0.000535081           0.121621        5.02648e-12        5.47607e-14        6.41176e-20            0.73276
150         0.00378011         2.5117e-05        4.25264e-06             101325           0.169313        4.25264e-06            2003.35                  0                  1        0.000101961             118.32        1.67757e-05        9.17693e-07        7.74983e-05           0.044402         0.00103181           0.099554        1.19032e-06        6.51564e-19        4.56149e-20        1.54171e-17        3.37386e-17        0.000535079           0.121621        5.02644e-12        5.47585e-14        5.96516e-20            0.73276
151         0.00380523         2.5117e-05        4.25264e-06             101325           0.169313        4.25264e-06            2003.35                  0                  1        8.91604e-05            103.527        1.67757e-05         9.1769e-07        7.74982e-05           0.044402         0.00103181           0.099554        1.19032e-06        5.94094e-19        4.15909e-20        1.40568e-17        3.07614e-17        0.000535078           0.121621        5.02642e-12        5.47571e-14        5.66236e-20            0.73276
152         0.00383034         2.5117e-05        4.25264e-06             101325           0.169313        4.25264e-06            2003.35                  0                  1        8.08189e-05            93.8841        1.67757e-05        9.17689e-07        7.74981e-05           0.044402         0.00103181           0.099554        1.19032e-06        5.62126e-19        3.93526e-20        1.33002e-17        2.91053e-17        0.000535077           0.121621        5.02641e-12        5.47563e-14        5.49394e-20            0.73276
