# Time 0.00029
# eta = 0.002
# length = 0.000772523
#--- 	  	 LEM Line data  --- 
#(1) wafer              (2) x             (3) dx              (4) m              (5) p            (6) rho              (7) m              (8) T              (9) Z             (10) C          (11) dCdt       (12) heatRel                  (13) Y_H2                  (14) Y_H                  (15) Y_O                  (16) Y_O2                  (17) Y_OH                  (18) Y_H2O                  (19) Y_HO2                  (20) Y_CH2                  (21) Y_CH2(S)                  (22) Y_CH3                  (23) Y_CH4                  (24) Y_CO                  (25) Y_CO2                  (26) Y_HCO                  (27) Y_CH2O                  (28) Y_CH2OH                  (29) Y_N2
0        1.25585e-05         2.5117e-05        2.84221e-05             101325            1.13159        2.84221e-05            300.017                  0                  0                  0                  0        4.06095e-10        1.48228e-18        3.06973e-12           0.222597        1.68493e-12        8.01049e-07         1.1216e-09        6.09759e-19         3.1507e-20        6.60565e-09          0.0446417          1.177e-08        9.58241e-07        3.93686e-19         1.9105e-09        6.81426e-23            0.73276
1        3.76756e-05         2.5117e-05        2.84207e-05             101325            1.13153        2.84207e-05            300.032                  0         8.2894e-06        1.30056e-07            0.11317         7.8372e-10        4.12572e-18        4.56173e-12           0.222595        2.65005e-12        1.49758e-06        2.03895e-09        1.80773e-18        9.34892e-20        1.24235e-08          0.0446414         2.2672e-08        1.79054e-06        1.17062e-18        3.68064e-09        2.02285e-22            0.73276
2        6.27926e-05         2.5117e-05        2.84173e-05             101325             1.1314        2.84173e-05            300.068                  0        1.51438e-05        1.99325e-07           0.189459        1.72759e-09        1.38115e-17        7.08766e-12           0.222593        4.48726e-12        3.17516e-06        4.17601e-09        6.58661e-18        3.40375e-19        2.65309e-08          0.0446406        4.98909e-08        3.79377e-06        4.28166e-18        8.09088e-09        7.37362e-22            0.73276
3        8.79097e-05         2.5117e-05        2.84099e-05             101325             1.1311        2.84099e-05            300.146                  0        3.21985e-05        3.39474e-07           0.390276          3.885e-09        4.59025e-17        1.08965e-11           0.222586        7.65479e-12        6.85744e-06        8.70505e-09        2.41602e-17        1.24868e-18        5.77161e-08          0.0446389        1.12087e-07        8.18749e-06        1.57699e-17        1.81256e-08        2.71079e-21            0.73276
4        0.000113027         2.5117e-05        2.83945e-05             101325            1.13049        2.83945e-05            300.309                  0        6.95339e-05        5.83168e-07           0.936089        8.59292e-09        1.41035e-16        1.58166e-11           0.222572        1.26252e-11        1.45229e-05        1.77642e-08          8.363e-17        4.32555e-18        1.23154e-07          0.0446355        2.47894e-07        1.73253e-05        5.48551e-17        3.98862e-08        9.42863e-21            0.73276
5        0.000138144         2.5117e-05        2.83637e-05             101325            1.12926        2.83637e-05            300.635                  0        0.000147141        9.74692e-07            2.57427        1.85451e-08        3.88318e-16         2.1071e-11           0.222545        1.98043e-11        2.98792e-05        3.51289e-08        2.67407e-16         1.3855e-17        2.55402e-07          0.0446285        5.35511e-07        3.56101e-05        1.76521e-16        8.55052e-08        3.04333e-20            0.73276
6        0.000163261         2.5117e-05        2.83047e-05             101325            1.12691        2.83047e-05            301.262                  0        0.000302409        1.56985e-06            7.82369          3.898e-08        9.38404e-16        2.51485e-11           0.222493        2.93694e-11        5.95432e-05        6.71023e-08        7.83883e-16         4.0748e-17        5.13339e-07          0.0446149        1.12813e-06        7.08807e-05        5.22073e-16         1.7817e-07        9.07837e-20            0.73276
7        0.000188378         2.5117e-05        2.81957e-05             101325            1.12257        2.81957e-05            302.426                  0        0.000601929         2.4472e-06            24.9037        7.97398e-08        1.95648e-15        2.61895e-11           0.222395        4.12367e-11        0.000114739        1.23615e-07        2.10754e-15        1.10194e-16        9.98408e-07          0.0445898        2.31674e-06        0.000136392        1.42212e-15        3.60466e-07        2.51884e-19            0.73276
8        0.000213495         2.5117e-05        2.80036e-05             101325            1.11492        2.80036e-05              304.5                  0         0.00115841        3.75061e-06            79.3388        1.58662e-07        3.48952e-15         2.3086e-11           0.222221        5.55801e-11        0.000213453        2.19378e-07        5.27182e-15         2.7798e-16        1.87624e-06          0.0445447        4.63693e-06        0.000253293        3.63012e-15        7.07333e-07        6.64842e-19            0.73276
9        0.000238612         2.5117e-05        2.76814e-05             101325             1.1021        2.76814e-05            308.042                  0         0.00215198          5.819e-06            245.554        3.06827e-07         5.4723e-15        1.66765e-11           0.221923         7.4461e-11        0.000382664        3.74802e-07        1.26537e-14        6.77821e-16        3.40112e-06          0.0444674        9.04182e-06        0.000453098        8.98862e-15        1.34447e-06         1.7519e-18            0.73276
10        0.000263729         2.5117e-05         2.7172e-05             101325            1.08182         2.7172e-05            313.815                  0         0.00385191        9.56126e-06            724.037        5.76042e-07        8.56057e-15        9.60573e-12           0.221434        1.05341e-10        0.000659741        6.16485e-07        3.08367e-14        1.69383e-15        5.93609e-06          0.0443406        1.71646e-05        0.000779046         2.2963e-14        2.47143e-06        4.97058e-18            0.73276
11        0.000288846         2.5117e-05        2.64186e-05             101325            1.05182        2.64186e-05            322.761                  0         0.00662954         1.7643e-05            2004.68        1.04837e-06        1.70273e-14        4.35898e-12           0.220673        1.67039e-10         0.00109166        9.77485e-07        8.01731e-14        4.56804e-15         9.9566e-06          0.0441427        3.16843e-05         0.00128464        6.38555e-14        4.38534e-06        1.62287e-17            0.73276
12        0.000313963         2.5117e-05        2.53846e-05             101325            1.01065        2.53846e-05            335.902                  0          0.0109482        3.81881e-05            5157.61        1.84639e-06        4.74281e-14        1.57947e-12           0.219548        3.00852e-10         0.00173081        1.49852e-06        2.23163e-13        1.33435e-14        1.60247e-05          0.0438492        5.67754e-05         0.00202794         1.9421e-13         7.4973e-06         6.1396e-17            0.73276
13         0.00033908         2.5117e-05        2.40744e-05             101325           0.958489        2.40744e-05             354.17                  0           0.017318        9.59455e-05            12269.7        3.14166e-06        1.58202e-13        4.91453e-13           0.217973        5.94221e-10         0.00262753        2.23178e-06        6.41121e-13        4.06134e-14        2.47304e-05          0.0434365        9.85705e-05         0.00306187        6.22061e-13        1.23315e-05        2.56621e-16            0.73276
14        0.000364197         2.5117e-05        2.25419e-05             101325           0.897475        2.25419e-05            378.227                  0          0.0262161        0.000264599            27043.7        5.15804e-06        5.49745e-13         2.1148e-13           0.215879        1.23045e-09         0.00382184        3.24829e-06         1.8277e-12        1.23349e-13        3.66159e-05          0.0428853         0.00016551         0.00442367        2.01151e-12         1.9502e-05        1.11643e-15            0.73276
15        0.000389314         2.5117e-05        2.08774e-05             101325           0.831206        2.08774e-05             408.35                  0          0.0379987        0.000756113            55708.9        8.16799e-06        1.87149e-12        3.95283e-13           0.213228        2.57814e-09         0.00533795        4.64738e-06        5.03452e-12        3.62141e-13         5.2112e-05           0.042183        0.000268453         0.00612805        6.36722e-12        2.96705e-05        4.80667e-15            0.73276
16        0.000414431         2.5117e-05        1.91806e-05             101325           0.763651        1.91806e-05            444.423                  0          0.0528423         0.00214822             108710        1.24824e-05        6.07488e-12        1.53526e-12            0.21001        5.31775e-09         0.00718367        6.56552e-06         1.3168e-11        1.00493e-12        7.15103e-05          0.0413247        0.000420493         0.00816674        1.93119e-11        4.34991e-05        1.97324e-14            0.73276
17        0.000439548         2.5117e-05        1.75356e-05             101325           0.698156        1.75356e-05            486.037                  0           0.070739         0.00589041             203995        1.84367e-05        1.86653e-11        6.47928e-12           0.206241        1.05705e-08         0.00935429        9.18275e-06        3.23474e-11        2.59707e-12        9.49759e-05          0.0403107         0.00063653          0.0105137        5.53831e-11        6.16086e-05        7.56103e-14            0.73276
18        0.000464665         2.5117e-05        1.59984e-05             101325           0.636955        1.59984e-05            532.623                  0          0.0915395          0.0152453             372835        2.63769e-05        5.48925e-11        2.74959e-11           0.201945         1.9985e-08          0.0118382        1.27266e-05        7.44098e-11        6.21618e-12        0.000122585          0.0391445        0.000932736          0.0131328        1.49595e-10        8.45495e-05        2.69545e-13            0.73276
19        0.000489782         2.5117e-05        1.45976e-05             101325           0.581182        1.45976e-05            583.573                  0           0.115018          0.0367302             669137        3.66478e-05        1.57882e-10         1.1547e-10           0.197155        3.58315e-08          0.0146223        1.74747e-05        1.61529e-10         1.3861e-11        0.000154372          0.0378306           0.001326          0.0159849        3.82922e-10        0.000112782        9.06438e-13            0.73276
20        0.000514899         2.5117e-05        1.33406e-05             101325           0.531138        1.33406e-05            638.328                  0           0.140929           0.082089        1.18468e+06        4.95836e-05        4.52425e-10        4.73809e-10           0.191896        6.14639e-08          0.0176952        2.37549e-05        3.37952e-10        2.93472e-11         0.00019037          0.0363724         0.00183343          0.0190328        9.42612e-10        0.000146663        2.94778e-12            0.73276
21        0.000540016         2.5117e-05        1.22223e-05             101325           0.486614        1.22223e-05            696.424                  0            0.16905           0.171679        2.07989e+06           6.55e-05        1.29764e-09        1.87414e-09           0.186188        1.03234e-07          0.0210494        3.19424e-05        7.06372e-10        6.10156e-11        0.000230649          0.0347718         0.00247192          0.0222441        2.27621e-09        0.000186429        9.49685e-12            0.73276
22        0.000565133         2.5117e-05        1.12307e-05             101325           0.447133        1.12307e-05            757.506                  0           0.199201            0.34408        3.66059e+06        8.46882e-05        3.69328e-09        7.05378e-09           0.180045        1.76766e-07          0.0246813         4.2446e-05        1.54268e-09        1.30273e-10        0.000275352          0.0330289         0.00325768          0.0255924        5.49905e-09        0.000232191        3.06476e-11            0.73276
23        0.000590251         2.5117e-05        1.03514e-05             101325           0.412125        1.03514e-05             821.32                  0            0.23125           0.689311        6.58287e+06        0.000107409        1.02969e-08        2.50056e-08           0.173472        3.25058e-07          0.0285913        5.56765e-05        3.64002e-09         2.9711e-10        0.000324726          0.0311425         0.00420582          0.0290569        1.34634e-08        0.000283925        9.85345e-11            0.73276
24        0.000615368         2.5117e-05        9.57001e-06             101325           0.381017        9.57001e-06            887.701                  0            0.26511            1.45844        1.23868e+07        0.000133885        2.78538e-08        8.30161e-08           0.166469         6.6661e-07          0.0327818        7.19778e-05        9.27077e-09        7.30916e-10        0.000379181            0.02911         0.00532978          0.0326223        3.34498e-08        0.000341468        3.10975e-10            0.73276
25        0.000640485         2.5117e-05        8.87337e-06             101325           0.353281        8.87337e-06            956.547                  0           0.300729            3.39239        2.48224e+07        0.000164295        7.28324e-08        2.57854e-07           0.159036        1.51499e-06          0.0372558        9.14946e-05        2.46811e-08        1.89232e-09        0.000439324          0.0269288         0.00664062          0.0362771        8.35167e-08        0.000404498        9.48878e-10            0.73276
26        0.000665602         2.5117e-05        8.24991e-06             101325           0.328459        8.24991e-06            1027.79                  0           0.338075            8.61733        5.29752e+07        0.000198751        1.84165e-07        7.51299e-07           0.151176         3.6571e-06          0.0420135         0.00011393        6.60543e-08        4.96368e-09        0.000505896          0.0245976         0.00814576          0.0400116        2.06299e-07        0.000472477        2.76751e-09           0.732759
27        0.000690719         2.5117e-05        7.68994e-06             101325           0.306164        7.68994e-06            1101.38                  0           0.377107             22.856        1.18186e+08        0.000237287        4.51046e-07        2.06307e-06           0.142894         8.9611e-06          0.0470513        0.000138162        1.72597e-07        1.27858e-08        0.000579443          0.0221169         0.00984842          0.0438189        4.96352e-07        0.000544545        7.65969e-09           0.732759
28        0.000715836         2.5117e-05        7.18554e-06             101325           0.286082        7.18554e-06            1177.18                  0           0.417781            60.3505        2.68239e+08        0.000279841        1.06978e-06        5.36548e-06           0.134196        2.16132e-05          0.0523617        0.000161744        4.32464e-07        3.17007e-08        0.000659259          0.0194896          0.0117473          0.0476964        1.14841e-06        0.000619256        2.00242e-08           0.732759
29        0.000740953         2.5117e-05         6.7306e-06             101325            0.26797         6.7306e-06            1254.95                  0           0.460053            153.456        6.03207e+08         0.00032612        2.44741e-06        1.32564e-05           0.125101        5.03834e-05          0.0579251        0.000180525        1.02617e-06         7.4616e-08        0.000740939          0.0167266          0.0138329          0.0516447        2.52602e-06        0.000693871        4.91933e-08           0.732759
30         0.00076607         2.5117e-05        6.32107e-06             101325           0.251665        6.32107e-06            1334.16                  0           0.503832            367.419        1.31219e+09        0.000375262        5.35598e-06        3.11188e-05           0.115651        0.000112113          0.0636925        0.000189201        2.27453e-06        1.64367e-07        0.000812209           0.013858           0.016079           0.055665        5.20986e-06        0.000762884        1.12511e-07           0.732758
31        0.000791187         2.5117e-05        5.95548e-06             101325           0.237109        5.95548e-06            1413.64                  0           0.548863            811.982        2.69429e+09        0.000425114        1.10669e-05        6.91853e-05           0.105954        0.000235345          0.0695555        0.000183525        4.60686e-06        3.31488e-07        0.000848836          0.0109518          0.0184217          0.0597564        9.86801e-06         0.00081537        2.34978e-07           0.732757
32        0.000816304         2.5117e-05        5.63574e-06             101325           0.224379        5.63574e-06            1491.15                  0           0.594567            1617.21        5.06933e+09         0.00047098        2.11884e-05        0.000144641          0.0962369        0.000459444          0.0753042        0.000163106        8.19989e-06        5.89126e-07        0.000817812         0.00813643          0.0207211          0.0639106        1.66096e-05        0.000831684        4.31558e-07           0.732757
33        0.000841421         2.5117e-05        5.36725e-06             101325            0.21369        5.36725e-06            1563.02                  0           0.639789            2814.41        8.40468e+09        0.000504576        3.66911e-05        0.000280864          0.0869171        0.000819779           0.080602        0.000132155        1.20718e-05        8.70018e-07        0.000699325         0.00560613           0.022719          0.0681046        2.37218e-05        0.000785367        6.56129e-07           0.732756
34        0.000866538         2.5117e-05        5.15592e-06             101325           0.205276        5.15592e-06            1624.74                  0           0.682659            4136.62        1.16994e+10         0.00051628        5.62071e-05        0.000496998          0.0785657         0.00131495          0.0850536        9.79781e-05        1.38475e-05        1.00762e-06        0.000518779         0.00356453          0.0240645          0.0722894         2.7478e-05        0.000662971         7.7814e-07           0.732756
35        0.000891655         2.5117e-05        5.00161e-06             101325           0.199132        5.00161e-06            1673.33                  0           0.720998            5030.71        1.31484e+10        0.000503217        7.58305e-05        0.000783719          0.0716721         0.00188215          0.0883976        6.77892e-05        1.23485e-05         9.1204e-07        0.000338081         0.00211179          0.0244995          0.0763806        2.55405e-05        0.000492317        7.17875e-07           0.732757
36        0.000916772         2.5117e-05        4.89471e-06             101325           0.194876        4.89471e-06            1709.32                  0           0.753371            5121.17        1.19862e+10        0.000474071        9.18981e-05         0.00109153          0.0663844         0.00242512           0.090655        4.54071e-05        9.10094e-06        6.83457e-07        0.000201341         0.00118975          0.0240551          0.0802716        1.97891e-05        0.000327357        5.46205e-07           0.732757
37        0.000941889         2.5117e-05        4.82096e-06             101325            0.19194        4.82096e-06            1735.71                  0           0.779773            4555.75        9.32164e+09        0.000441318         0.00010305         0.00136287          0.0625091         0.00287508          0.0920625        3.07467e-05          5.969e-06        4.55222e-07        0.000114049        0.000650677          0.0229975          0.0838725        1.35516e-05        0.000201942        3.68136e-07           0.732758
38        0.000967006         2.5117e-05        4.76794e-06             101325           0.189829        4.76794e-06             1755.8                  0            0.80118            3738.41        6.58597e+09         0.00041261        0.000109655         0.00156664          0.0597052         0.00321337           0.092903        2.18128e-05        3.67765e-06        2.84147e-07        6.30717e-05        0.000350537          0.0216262          0.0871367        8.62207e-06        0.000119283        2.31886e-07           0.732759
39        0.000992123         2.5117e-05        4.72727e-06             101325            0.18821        4.72727e-06            1771.99                  0            0.81876            2958.23        4.46856e+09        0.000389961        0.000112644         0.00169989          0.0576496         0.00345276          0.0934038        1.65331e-05        2.19509e-06        1.71413e-07        3.45397e-05        0.000187671          0.0201576          0.0900588        5.26291e-06        6.88555e-05        1.40879e-07           0.732759
40         0.00101724         2.5117e-05          4.694e-06             101325           0.186885          4.694e-06            1785.79                  0           0.833494            2322.18         3.0408e+09        0.000372497        0.000112928         0.00177375          0.0560982         0.00361519          0.0937161        1.34137e-05        1.29021e-06         1.0162e-07        1.88744e-05        0.000100374          0.0187163          0.0926586        3.13994e-06        3.93046e-05         8.3989e-08           0.732759
41         0.00104236         2.5117e-05        4.66536e-06             101325           0.185745        4.66536e-06            1798.06                  0             0.8461            1835.41        2.13945e+09        0.000358588        0.000111247         0.00180247          0.0548849         0.00372083          0.0939314        1.15255e-05        7.53474e-07        5.97522e-08        1.03372e-05        5.37997e-05          0.0173623          0.0949675        1.85111e-06        2.23395e-05        4.96093e-08            0.73276
42         0.00106747         2.5117e-05         4.6398e-06             101325           0.184727         4.6398e-06            1809.29                  0            0.85708            1469.21        1.58195e+09        0.000346771        0.000108168         0.00179867          0.0539018         0.00378518          0.0941016        1.03281e-05         4.3942e-07        3.50319e-08        5.68974e-06         2.8958e-05          0.0161186          0.0970199        1.08572e-06        1.26944e-05        2.91919e-08            0.73276
43         0.00109259         2.5117e-05        4.61648e-06             101325           0.183799        4.61648e-06            1819.74                  0           0.866789            1191.97        1.23248e+09        0.000335996        0.000104117         0.00177215          0.0530798         0.00381928          0.0942545        9.51758e-06        2.56677e-07        2.05431e-08        3.15283e-06        1.56747e-05           0.014988          0.0988495        6.36562e-07        7.23045e-06        1.71688e-08            0.73276
44         0.00111771         2.5117e-05        4.59489e-06             101325           0.182939        4.59489e-06            1829.57                  0           0.875479            978.474         1.0044e+09        0.000325599        9.94133e-05         0.00173003          0.0523743         0.00383083          0.0944043        8.92518e-06        1.50438e-07        1.20721e-08        1.76091e-06        8.54104e-06          0.0139641           0.100487        3.74505e-07        4.13455e-06        1.01124e-08            0.73276
45         0.00114283         2.5117e-05        4.57473e-06             101325           0.182136        4.57473e-06            1838.88                  0           0.883336            810.703        8.46536e+08        0.000315204        9.42975e-05         0.00167741          0.0517563         0.00382518          0.0945574         8.4577e-06        8.85606e-08        7.11721e-09        9.92077e-07        4.68849e-06          0.0130365           0.101961        2.21883e-07        2.37598e-06        5.97218e-09            0.73276
46         0.00116794         2.5117e-05        4.55579e-06             101325           0.181383        4.55579e-06            1847.73                  0           0.890502            676.321        7.29838e+08        0.000304629        8.89501e-05         0.00161786           0.051206         0.00380606          0.0947162        8.06352e-06        5.23953e-08        4.21255e-09        5.64084e-07        2.59426e-06          0.0121939           0.103293        1.32893e-07        1.37305e-06        3.53907e-09            0.73276
47         0.00119306         2.5117e-05        4.53795e-06             101325           0.180672        4.53795e-06            1856.17                  0           0.897087            566.935        6.38135e+08        0.000293816        8.35075e-05         0.00155392          0.0507099         0.00377617           0.094881        7.71386e-06        3.11631e-08        2.50416e-09        3.23787e-07        1.44758e-06          0.0114255           0.104505        8.08113e-08        7.98224e-07        2.10528e-09            0.73276
48         0.00121818         2.5117e-05        4.52108e-06             101325               0.18        4.52108e-06            1864.22                  0           0.903178            476.762        5.62474e+08        0.000282772        7.80724e-05         0.00148739          0.0502582         0.00373749          0.0950509        7.39249e-06        1.86352e-08        1.49539e-09         1.8765e-07        8.14816e-07          0.0107213           0.105614         5.0139e-08        4.66925e-07        1.25749e-09            0.73276
49         0.00124329         2.5117e-05        4.50511e-06             101325           0.179365        4.50511e-06            1871.92                  0           0.908844            401.719        4.97851e+08        0.000271545        7.27218e-05          0.0014196          0.0498437          0.0036915          0.0952246         7.0901e-06        1.12041e-08        8.97155e-10        1.09801e-07        4.62767e-07          0.0100728           0.106635        3.19096e-08        2.74848e-07        7.54278e-10           0.732761
50         0.00126841         2.5117e-05        4.48998e-06             101325           0.178762        4.48998e-06            1879.28                  0           0.914143             338.84        4.41404e+08        0.000260199        6.75125e-05         0.00135149          0.0494611         0.00363938           0.095401        6.80133e-06        6.77248e-09        5.40786e-10        6.48626e-08        2.65227e-07         0.00947264           0.107579         2.0938e-08        1.62806e-07        4.54384e-10           0.732761
51         0.00129353         2.5117e-05        4.47562e-06             101325            0.17819        4.47562e-06            1886.32                  0           0.919119            285.899        3.91431e+08        0.000248804        6.24862e-05         0.00128379          0.0491061         0.00358207          0.0955786        6.52298e-06        4.11538e-09        3.27518e-10        3.86759e-08        1.53413e-07         0.00891454           0.108456        1.42227e-08        9.70443e-08        2.74916e-10           0.732761
52         0.00131864         2.5117e-05        4.46198e-06             101325           0.177647        4.46198e-06            1893.06                  0            0.92381            241.178        3.46853e+08        0.000237427        5.76721e-05         0.00121702          0.0487754         0.00352034          0.0957563        6.25316e-06         2.5138e-09        1.99299e-10        2.32732e-08        8.95584e-08         0.00839333           0.109275        1.00222e-08        5.82066e-08        1.67063e-10           0.732761
53         0.00134376         2.5117e-05        4.44903e-06             101325           0.177132        4.44903e-06            1899.51                  0           0.928247            203.321        3.06939e+08        0.000226133        5.30901e-05         0.00115159          0.0484665         0.00345485          0.0959331        5.99075e-06        1.54342e-09        1.21855e-10        1.41301e-08        5.27654e-08         0.00790474           0.110043        7.32279e-09        3.51283e-08        1.01972e-10           0.732761
54         0.00136888         2.5117e-05        4.43672e-06             101325           0.176642        4.43672e-06            1905.69                  0           0.932454            171.233        2.71149e+08        0.000214978        4.87528e-05         0.00108781          0.0481772         0.00338616          0.0961081         5.7351e-06        9.52467e-10        7.48627e-11        8.65393e-09        3.13744e-08          0.0074452           0.110765        5.53145e-09        2.13312e-08        6.25224e-11           0.732761
55           0.001394         2.5117e-05        4.42503e-06             101325           0.176176        4.42503e-06            1911.59                  0           0.936452            144.018        2.39056e+08        0.000204011        4.46667e-05         0.00102591          0.0479057         0.00331478          0.0962806        5.48586e-06        5.90782e-10        4.62171e-11        5.34534e-09        1.88262e-08         0.00701181           0.111446         4.2994e-09         1.3033e-08        3.85105e-11           0.732761
56         0.00141911         2.5117e-05        4.41392e-06             101325           0.175734        4.41392e-06            1917.24                  0           0.940256            120.935        2.10304e+08        0.000193277        4.08337e-05        0.000966072          0.0476507         0.00324116          0.0964499        5.24287e-06        3.68322e-10        2.86742e-11        3.32931e-09        1.13996e-08         0.00660219            0.11209        3.41974e-09         8.0123e-09        2.38322e-11           0.732761
57         0.00144423         2.5117e-05        4.40337e-06             101325           0.175314        4.40337e-06            1922.63                  0           0.943881            101.365        1.84581e+08        0.000182811        3.72523e-05        0.000908423           0.047411         0.00316569          0.0966155        5.00611e-06        2.30822e-10        1.78807e-11        2.09071e-09        6.96521e-09         0.00621437           0.112699        2.76851e-09        4.95665e-09        1.48201e-11           0.732761
58         0.00146935         2.5117e-05        4.39336e-06             101325           0.174915        4.39336e-06            1927.78                  0           0.947337            84.7876        1.61612e+08        0.000172644         3.3918e-05        0.000853057          0.0471856         0.00308875           0.096777        4.77567e-06        1.45417e-10        1.12084e-11        1.32359e-09        4.29419e-09         0.00584676           0.113277        2.27037e-09        3.08595e-09        9.26223e-12           0.732761
59         0.00149446         2.5117e-05        4.38386e-06             101325           0.174537        4.38386e-06             1932.7                  0           0.950634            70.7618        1.41144e+08        0.000162803        3.08244e-05        0.000800038          0.0469737          0.0030107           0.096934         4.5517e-06        9.21084e-11        7.06382e-12        8.44708e-10        2.67131e-09         0.00549805           0.113825        1.87871e-09        1.93388e-09        5.81889e-12           0.732761
60         0.00151958         2.5117e-05        4.37486e-06             101325           0.174179        4.37486e-06            1937.38                  0           0.953778            58.9145        1.22948e+08        0.000153307        2.79633e-05        0.000749402          0.0467746         0.00293185          0.0970862         4.3344e-06        5.86672e-11        4.47672e-12        5.43436e-10        1.67673e-09         0.00516715           0.114345        1.56399e-09        1.22012e-09        3.67553e-12           0.732761
61          0.0015447         2.5117e-05        4.36633e-06             101325           0.173839        4.36633e-06            1941.83                  0           0.956775            48.9277        1.06813e+08        0.000144173        2.53252e-05         0.00070117          0.0465875         0.00285251          0.0972335        4.12399e-06        3.75821e-11        2.85361e-12        3.52442e-10        1.06197e-09         0.00485317           0.114838        1.30693e-09        7.75223e-10        2.33485e-12           0.732761
62         0.00156982         2.5117e-05        4.35826e-06             101325           0.173518        4.35826e-06            1946.07                  0           0.959632            40.5294        9.25431e+07        0.000135414           2.29e-05         0.00065534          0.0464121         0.00277298          0.0973756        3.92074e-06        2.42184e-11        1.82997e-12        2.30434e-10        6.78723e-10         0.00455533           0.115306        1.09454e-09        4.96175e-10        1.49199e-12           0.732761
63         0.00159493         2.5117e-05        4.35064e-06             101325           0.173215        4.35064e-06            1950.09                  0           0.962351             33.487        7.99601e+07        0.000127038        2.06769e-05        0.000611899          0.0462478         0.00269352          0.0975124        3.72488e-06        1.57029e-11         1.1809e-12        1.51901e-10        4.37755e-10         0.00427299           0.115749        9.17682e-10        3.20027e-10        9.59306e-13           0.732761
64         0.00162005         2.5117e-05        4.34344e-06             101325           0.172928        4.34344e-06             1953.9                  0           0.964938            27.6005        6.88983e+07        0.000119051        1.86446e-05         0.00057082           0.046094         0.00261441          0.0976439        3.53668e-06        1.02469e-11        7.67026e-13        1.00966e-10        2.84948e-10         0.00400557           0.116169        7.69681e-10        2.08093e-10        6.20802e-13           0.732761
65         0.00164517         2.5117e-05        4.33665e-06             101325           0.172658        4.33665e-06            1957.51                  0           0.967395            22.6982        5.92055e+07        0.000111455        1.67918e-05        0.000532067          0.0459505         0.00253589          0.0977699        3.35639e-06        6.73101e-12        5.01591e-13        6.76761e-11        1.87215e-10         0.00375256           0.116567        6.45487e-10        1.36473e-10        4.04462e-13           0.732761
66         0.00167028         2.5117e-05        4.33026e-06             101325           0.172403        4.33026e-06            1960.92                  0           0.969727            18.6321        5.07412e+07        0.000104253        1.51071e-05        0.000495592          0.0458166         0.00245821          0.0978905         3.1842e-06        4.45204e-12        3.30329e-13        4.57509e-11        1.24166e-10         0.00351349           0.116943         5.4114e-10        9.03176e-11        2.65372e-13           0.732761
67          0.0016954         2.5117e-05        4.32424e-06             101325           0.172164        4.32424e-06            1964.14                  0           0.971936            15.2747        4.33762e+07          9.744e-05        1.35792e-05        0.000461342          0.0456921         0.00238159          0.0980056        3.02033e-06        2.96577e-12        2.19137e-13        3.11979e-11        8.31388e-11          0.0032879           0.117297        4.53451e-10        6.03479e-11        1.75392e-13           0.732761
68         0.00172052         2.5117e-05         4.3186e-06             101325           0.171939         4.3186e-06            1967.18                  0           0.974025            12.5163        3.69919e+07        9.10135e-05        1.21969e-05        0.000429254          0.0455765         0.00230626          0.0981153         2.8649e-06        1.99035e-12        1.46479e-13        2.14619e-11        5.62077e-11         0.00307537           0.117631          3.798e-10        4.07345e-11        1.16807e-13            0.73276
69         0.00174563         2.5117e-05        4.31331e-06             101325           0.171728        4.31331e-06            1970.03                  0           0.975998            10.2622        3.14794e+07         8.4967e-05        1.09495e-05        0.000399263          0.0454694         0.00223243          0.0982196        2.71805e-06          1.346e-12        9.86817e-14        1.48966e-11        3.83735e-11         0.00287547           0.117945        3.17999e-10        2.77924e-11        7.84074e-14            0.73276
70         0.00177075         2.5117e-05        4.30835e-06             101325           0.171531        4.30835e-06            1972.71                  0           0.977857            8.43096        2.67392e+07        7.92926e-05        9.82654e-06        0.000371296          0.0453703         0.00216027          0.0983185        2.57981e-06        9.17481e-13         6.7022e-14        1.04337e-11        2.64585e-11         0.00268777            0.11824        2.66209e-10        1.91783e-11        5.30632e-14            0.73276
71         0.00179587         2.5117e-05        4.30372e-06             101325           0.171347        4.30372e-06            1975.21                  0           0.979607            6.95255        2.26799e+07        7.39811e-05        8.81787e-06        0.000345277           0.045279         0.00208999          0.0984122         2.4502e-06        6.30518e-13        4.59017e-14        7.37511e-12        1.84266e-11         0.00251184           0.118516        2.22867e-10        1.33927e-11        3.62159e-14            0.73276
72         0.00182099         2.5117e-05         4.2994e-06             101325           0.171175         4.2994e-06            1977.56                  0            0.98125             5.7669        1.92188e+07        6.90218e-05        7.91393e-06        0.000321127          0.0451949         0.00202174          0.0985007        2.32917e-06        4.36976e-13         3.1709e-14        5.26179e-12        1.29635e-11         0.00234727           0.118775        1.86649e-10        9.46992e-12        2.49341e-14            0.73276
73          0.0018461         2.5117e-05        4.29538e-06             101325           0.171015        4.29538e-06            1979.75                  0           0.982791            4.82257        1.62803e+07        6.44029e-05        7.10558e-06        0.000298763          0.0451177         0.00195567          0.0985842        2.21663e-06        3.05484e-13        2.20999e-14        3.78947e-12        9.21392e-12          0.0021936           0.119016        1.56424e-10        6.78371e-12        1.73217e-14            0.73276
74         0.00187122         2.5117e-05        4.29164e-06             101325           0.170866        4.29164e-06            1981.79                  0           0.984232             4.0757         1.3796e+07        6.01117e-05         6.3842e-06        0.000278102           0.045047         0.00189193          0.0986628         2.1124e-06        2.15478e-13        1.55439e-14        2.75518e-12        6.61695e-12          0.0020504           0.119241        1.31235e-10         4.9253e-12        1.21454e-14            0.73276
75         0.00189634         2.5117e-05        4.28817e-06             101325           0.170727        4.28817e-06            1983.69                  0           0.985578              3.489        1.17044e+07        5.61346e-05         5.7417e-06        0.000259056          0.0449823         0.00183062          0.0987365        2.01629e-06        1.53396e-13         1.1036e-14        2.02253e-12        4.80185e-12          0.0019172            0.11945        1.10264e-10        3.62583e-12        8.59737e-15            0.73276
76         0.00192145         2.5117e-05        4.28495e-06             101325           0.170599        4.28495e-06            1985.46                  0           0.986832            3.03094        9.95021e+06        5.24575e-05        5.17049e-06         0.00024154          0.0449233         0.00177186          0.0988056        1.92804e-06         1.1024e-13        7.91137e-15         1.4992e-12        3.52165e-12         0.00179357           0.119644        9.28223e-11        2.70718e-12        6.14578e-15            0.73276
77         0.00194657         2.5117e-05        4.28197e-06             101325           0.170481        4.28197e-06            1987.09                  0           0.987998            2.67499        8.48397e+06        4.90658e-05        4.66353e-06        0.000225467          0.0448696         0.00171571          0.0988701        1.84735e-06        8.00016e-14        5.72805e-15        1.12228e-12        2.61048e-12         0.00167904           0.119824        7.83254e-11        2.05044e-12        4.43779e-15            0.73276
78         0.00197169         2.5117e-05        4.27922e-06             101325           0.170371        4.27922e-06             1988.6                  0            0.98908            2.39899        7.26191e+06        4.59445e-05        4.21431e-06         0.00021075          0.0448208         0.00166225          0.0989303        1.77387e-06        5.86444e-14        4.18989e-15        8.48547e-13        1.95608e-12         0.00157315           0.119991        6.62815e-11        1.57555e-12        3.23789e-15            0.73276
79          0.0019968         2.5117e-05        4.27669e-06             101325           0.170271        4.27669e-06            1989.99                  0           0.990082            2.18458         6.2454e+06        4.30787e-05        3.81684e-06        0.000197305          0.0447766         0.00161151          0.0989864        1.70725e-06        4.34368e-14        3.09723e-15        6.48115e-13        1.48187e-12         0.00147545           0.120144        5.62771e-11         1.2282e-12        2.38782e-15            0.73276
80         0.00202192         2.5117e-05        4.27437e-06             101325           0.170178        4.27437e-06            1991.28                  0           0.991008            2.01669         5.4007e+06        4.04534e-05         3.4656e-06        0.000185047          0.0447365         0.00156353          0.0990383        1.64708e-06        3.25191e-14        2.31452e-15        5.00157e-13        1.13516e-12         0.00138549           0.120285        4.79658e-11        9.71188e-13        1.78043e-15            0.73276
81         0.00204704         2.5117e-05        4.27223e-06             101325           0.170093        4.27223e-06            1992.46                  0           0.991862            1.88311        4.69853e+06        3.80536e-05        3.15558e-06        0.000173894          0.0447004         0.00151829          0.0990865        1.59295e-06        2.46162e-14         1.7491e-15        3.90055e-13        8.79444e-13         0.00130281           0.120415        4.10583e-11        7.78846e-13         1.3427e-15            0.73276
82         0.00207216         2.5117e-05        4.27027e-06             101325           0.170015        4.27027e-06            1993.54                  0           0.992649            1.77406        4.11375e+06        3.58648e-05        2.88223e-06        0.000163768          0.0446678         0.00147579           0.099131        1.54444e-06        1.88478e-14        1.33717e-15        3.07468e-13        6.89192e-13         0.00122698           0.120534        3.53135e-11        6.33275e-13        1.02452e-15            0.73276
83         0.00209727         2.5117e-05        4.26848e-06             101325           0.169944        4.26848e-06            1994.53                  0           0.993371             1.6819        3.62497e+06        3.38725e-05        2.64143e-06        0.000154591          0.0446384         0.00143601           0.099172        1.50113e-06         1.4602e-14        1.03449e-15        2.45031e-13        5.46427e-13         0.00115757           0.120643        3.05309e-11        5.21884e-13        7.91206e-16            0.73276
84         0.00212239         2.5117e-05        4.26685e-06             101325           0.169879        4.26685e-06            1995.43                  0           0.994033            1.60072        3.21418e+06        3.20628e-05        2.42946e-06        0.000146289           0.044612         0.00139887          0.0992097        1.46258e-06        1.14501e-14        8.10161e-16        1.97457e-13        4.38379e-13         0.00109417           0.120743        2.65444e-11        4.35733e-13        6.18621e-16            0.73276
85         0.00214751         2.5117e-05        4.26537e-06             101325            0.16982        4.26537e-06            1996.26                  0           0.994638            1.52616        2.86641e+06        3.04224e-05        2.24299e-06        0.000138794          0.0445884         0.00136434          0.0992443         1.4284e-06        9.09008e-15        6.42433e-16        1.60921e-13        3.55907e-13         0.00103637           0.120834        2.32165e-11         3.6841e-13        4.89815e-16            0.73276
86         0.00217262         2.5117e-05        4.26402e-06             101325           0.169766        4.26402e-06            1997.01                  0            0.99519            1.45507        2.56933e+06        2.89383e-05        2.07904e-06        0.000132038          0.0445672         0.00133232           0.099276        1.39817e-06        7.30738e-15        5.15902e-16        1.32639e-13        2.92415e-13        0.000983769           0.120916        2.04336e-11        3.15273e-13        3.92807e-16            0.73276
87         0.00219774         2.5117e-05        4.26279e-06             101325           0.169717        4.26279e-06            1997.69                  0           0.995694            1.38533        2.31294e+06        2.75983e-05        1.93496e-06        0.000125959          0.0445482         0.00130274          0.0993049        1.37152e-06         5.9485e-15        4.19569e-16        1.10567e-13        2.43107e-13        0.000936005           0.120991         1.8102e-11        2.72928e-13        3.19063e-16            0.73276
88         0.00222286         2.5117e-05        4.26168e-06             101325           0.169673        4.26168e-06             1998.3                  0           0.996151            1.31562        2.08922e+06        2.63906e-05        1.80838e-06        0.000120498          0.0445312         0.00127549          0.0993312        1.34808e-06        4.90287e-15        3.45524e-16        9.31944e-14        2.04466e-13        0.000892714           0.121059        1.61443e-11        2.38868e-13        2.62461e-16            0.73276
89         0.00224798         2.5117e-05        4.26068e-06             101325           0.169633        4.26068e-06            1998.86                  0           0.996566            1.24526        1.89181e+06        2.53043e-05        1.69722e-06          0.0001156          0.0445161         0.00125047          0.0993552        1.32751e-06        4.09032e-15        2.88042e-16        7.93977e-14        1.73896e-13        0.000853555           0.121121        1.44971e-11        2.11227e-13        2.18577e-16            0.73276
90         0.00227309         2.5117e-05        4.25978e-06             101325           0.169597        4.25978e-06            1999.36                  0           0.996942            1.17405        1.71577e+06        2.43289e-05        1.59961e-06        0.000111213          0.0445026         0.00122757          0.0993769         1.3095e-06        3.45231e-15        2.42949e-16         6.8336e-14         1.4947e-13          0.0008182           0.121176        1.31079e-11        1.88601e-13        1.84191e-16            0.73276
91         0.00229821         2.5117e-05        4.25896e-06             101325           0.169565        4.25896e-06            1999.82                  0           0.997281            1.10215        1.55727e+06        2.34546e-05        1.51394e-06        0.000107291          0.0444906         0.00120667          0.0993965        1.29377e-06        2.94583e-15        2.07181e-16         5.9376e-14        1.29742e-13        0.000786343           0.121226        1.19336e-11        1.69924e-13        1.56946e-16            0.73276
92         0.00232333         2.5117e-05        4.25823e-06             101325           0.169536        4.25823e-06            2000.22                  0           0.997587            1.02992        1.41341e+06        2.26725e-05        1.43875e-06        0.000103789          0.0444799         0.00118765          0.0994142        1.28003e-06        2.53907e-15        1.78479e-16        5.20386e-14        1.13628e-13        0.000757693           0.121271        1.09386e-11        1.54381e-13        1.35106e-16            0.73276
93         0.00234844         2.5117e-05        4.25758e-06             101325            0.16951        4.25758e-06            2000.59                  0           0.997862           0.957892        1.28199e+06        2.19739e-05        1.37279e-06        0.000100666          0.0444705         0.00117039          0.0994302        1.26806e-06        2.20842e-15        1.55163e-16        4.59596e-14        1.00306e-13        0.000731976           0.121312        1.00936e-11        1.41346e-13         1.1738e-16            0.73276
94         0.00237356         2.5117e-05        4.25699e-06             101325           0.169486        4.25699e-06            2000.91                  0           0.998109           0.886655        1.16139e+06        2.13511e-05        1.31492e-06        9.78862e-05          0.0444621         0.00115478          0.0994445        1.25765e-06        1.93622e-15        1.35981e-16        4.08614e-14        8.91529e-14        0.000708935           0.121348        9.37436e-12        1.30331e-13        1.02811e-16            0.73276
95         0.00239868         2.5117e-05        4.25647e-06             101325           0.169465        4.25647e-06            2001.21                  0           0.998331           0.816807         1.0504e+06        2.07968e-05        1.26418e-06        9.54149e-05          0.0444547          0.0011407          0.0994574         1.2486e-06        1.70925e-15        1.19997e-16        3.65321e-14        7.96956e-14        0.000688332            0.12138        8.76087e-12        1.20956e-13        9.06805e-17            0.73276
96         0.00242379         2.5117e-05          4.256e-06             101325           0.169447          4.256e-06            2001.47                  0           0.998529            0.74892             948087        2.03043e-05         1.2197e-06        9.32211e-05          0.0444481         0.00112802          0.0994689        1.24073e-06        1.51754e-15        1.06503e-16        3.28094e-14        7.15724e-14        0.000669944           0.121409        8.23655e-12        1.12921e-13        8.04481e-17            0.73276
97         0.00244891         2.5117e-05        4.25559e-06             101325            0.16943        4.25559e-06             2001.7                  0           0.998705           0.683505             853773        1.98674e-05        1.18072e-06        9.12764e-05          0.0444423         0.00111665          0.0994792         1.2339e-06        1.35356e-15        9.49676e-17        2.95692e-14        6.45078e-14        0.000653563           0.121435         7.7876e-12         1.0599e-13        7.17074e-17            0.73276
98         0.00247403         2.5117e-05        4.25522e-06             101325           0.169416        4.25522e-06             2001.9                  0           0.998863           0.620994             766908        1.94805e-05        1.14658e-06        8.95551e-05          0.0444372         0.00110647          0.0994883        1.22798e-06        1.21163e-15        8.49881e-17        2.67167e-14        5.82919e-14        0.000638997           0.121458        7.40254e-12        9.99766e-14         6.4151e-17            0.73276
99         0.00249915         2.5117e-05         4.2549e-06             101325           0.169403         4.2549e-06            2002.09                  0           0.999003           0.561734             687045        1.91384e-05        1.11669e-06        8.80336e-05          0.0444327         0.00109738          0.0994964        1.22284e-06        1.08743e-15        7.62591e-17        2.41795e-14        5.27646e-14         0.00062607           0.121478         7.0718e-12        9.47298e-14        5.75457e-17            0.73276
100         0.00252426         2.5117e-05        4.25461e-06             101325           0.169391        4.25461e-06            2002.25                  0           0.999127           0.505981             613794        1.88365e-05        1.09054e-06        8.66908e-05          0.0444287         0.00108928          0.0995036        1.21839e-06        9.77674e-16        6.85486e-17        2.19023e-14        4.78044e-14        0.000614619           0.121496        6.78734e-12        9.01296e-14        5.17148e-17            0.73276
101         0.00254938         2.5117e-05        4.25436e-06             101325           0.169381        4.25436e-06            2002.39                  0           0.999237           0.453901             546802        1.85704e-05        1.06767e-06        8.55074e-05          0.0444252         0.00108209            0.09951        1.21453e-06         8.7986e-16        6.16798e-17        1.98432e-14         4.3319e-14        0.000604493           0.121512        6.54243e-12        8.60791e-14        4.65233e-17            0.73276
102          0.0025745         2.5117e-05        4.25413e-06             101325           0.169372        4.25413e-06            2002.51                  0           0.999335            0.40558             485727        1.83363e-05        1.04769e-06        8.44661e-05          0.0444222         0.00107571          0.0995157        1.21119e-06        7.92079e-16        5.55178e-17        1.79701e-14        3.92381e-14        0.000595556           0.121526        6.33137e-12        8.24996e-14        4.18685e-17            0.73276
103         0.00259961         2.5117e-05        4.25394e-06             101325           0.169365        4.25394e-06            2002.62                  0           0.999421           0.361035             430239        1.81307e-05        1.03025e-06        8.35512e-05          0.0444195         0.00107007          0.0995206         1.2083e-06        7.12864e-16        4.99588e-17        1.62586e-14        3.55085e-14        0.000587683           0.121538        6.14937e-12        7.93266e-14        3.76712e-17            0.73276
104         0.00262473         2.5117e-05        4.25376e-06             101325           0.169358        4.25376e-06            2002.72                  0           0.999496           0.320215             380005        1.79504e-05        1.01504e-06        8.27486e-05          0.0444171         0.00106509           0.099525         1.2058e-06        6.41081e-16        4.49229e-17        1.46901e-14        3.20894e-14         0.00058076           0.121549        5.99235e-12        7.65072e-14        3.38704e-17            0.73276
105         0.00264985         2.5117e-05        4.25361e-06             101325           0.169352        4.25361e-06            2002.81                  0           0.999563           0.283021             334693        1.77926e-05        1.00178e-06        8.20455e-05          0.0444151         0.00106071          0.0995289        1.20364e-06        5.75845e-16        4.03474e-17        1.32501e-14        2.89494e-14        0.000574682           0.121559        5.85684e-12        7.39976e-14        3.04186e-17            0.73276
106         0.00267497         2.5117e-05        4.25348e-06             101325           0.169346        4.25348e-06            2002.88                  0           0.999621           0.249311             293968        1.76546e-05        9.90242e-07        8.14307e-05          0.0444133         0.00105686          0.0995322        1.20176e-06        5.16456e-16         3.6183e-17        1.19271e-14        2.60636e-14        0.000569358           0.121567        5.73988e-12         7.1761e-14        2.72778e-17            0.73276
107         0.00270008         2.5117e-05        4.25336e-06             101325           0.169342        4.25336e-06            2002.94                  0           0.999672           0.218912             257498        1.75342e-05        9.80206e-07        8.08938e-05          0.0444117         0.00105348          0.0995352        1.20015e-06         4.6235e-16        3.23898e-17         1.0712e-14        2.34124e-14          0.0005647           0.121574        5.63894e-12        6.97664e-14        2.44179e-17            0.73276
108          0.0027252         2.5117e-05        4.25326e-06             101325           0.169338        4.25326e-06               2003                  0           0.999717           0.191629             224954        1.74293e-05        9.71489e-07        8.04257e-05          0.0444104         0.00105053          0.0995378        1.19875e-06        4.13063e-16         2.8935e-17        9.59727e-15        2.09792e-14        0.000560634           0.121581        5.55185e-12        6.79871e-14        2.18138e-17            0.73276
109         0.00275032         2.5117e-05        4.25318e-06             101325           0.169334        4.25318e-06            2003.05                  0           0.999756            0.16725             196014        1.73381e-05        9.63926e-07        8.00183e-05          0.0444092         0.00104795            0.09954        1.19755e-06        3.68202e-16         2.5791e-17        8.57625e-15          1.875e-14         0.00055709           0.121586        5.47672e-12        6.64005e-14        1.94445e-17            0.73276
110         0.00277543         2.5117e-05         4.2531e-06             101325           0.169331         4.2531e-06            2003.09                  0            0.99979           0.145559             170365        1.72588e-05        9.57372e-07        7.96643e-05          0.0444082          0.0010457           0.099542        1.19651e-06        3.27428e-16        2.29337e-17        7.64314e-15        1.67121e-14        0.000554007           0.121591        5.41196e-12        6.49864e-14        1.72918e-17            0.73276
111         0.00280055         2.5117e-05        4.25304e-06             101325           0.169329        4.25304e-06            2003.13                  0           0.999819           0.126336             147708        1.71901e-05        9.51701e-07        7.93571e-05          0.0444073         0.00104374          0.0995437        1.19561e-06        2.90437e-16        2.03419e-17        6.79259e-15        1.48541e-14         0.00055133           0.121595        5.35616e-12        6.37274e-14        1.53394e-17            0.73276
112         0.00282567         2.5117e-05        4.25298e-06             101325           0.169326        4.25298e-06            2003.16                  0           0.999845           0.109364             127758        1.71306e-05          9.468e-07         7.9091e-05          0.0444065         0.00104205          0.0995451        1.19484e-06        2.56956e-16        1.79961e-17        6.01951e-15        1.31649e-14        0.000549008           0.121599        5.30812e-12         6.2608e-14        1.35726e-17            0.73276
113         0.00285078         2.5117e-05        4.25293e-06             101325           0.169324        4.25293e-06            2003.19                  0           0.999867          0.0944328             110245        1.70792e-05        9.42569e-07        7.88609e-05          0.0444059         0.00104058          0.0995464        1.19418e-06        2.26727e-16        1.58785e-17        5.31905e-15         1.1634e-14           0.000547           0.121602         5.2668e-12        6.16141e-14        1.19778e-17            0.73276
114          0.0028759         2.5117e-05        4.25289e-06             101325           0.169323        4.25289e-06            2003.21                  0           0.999886          0.0813419            94917.4        1.70349e-05        9.38923e-07        7.86622e-05          0.0444053          0.0010393          0.0995475        1.19361e-06        1.99511e-16        1.39721e-17        4.68644e-15        1.02512e-14        0.000545264           0.121605        5.23129e-12        6.07333e-14        1.05423e-17            0.73276
115         0.00290102         2.5117e-05        4.25285e-06             101325           0.169321        4.25285e-06            2003.23                  0           0.999903          0.0699011            81540.2        1.69966e-05        9.35785e-07         7.8491e-05          0.0444048          0.0010382          0.0995485        1.19312e-06         1.7508e-16        1.22608e-17        4.11705e-15        9.00639e-15        0.000543767           0.121607         5.2008e-12        5.99542e-14         9.2538e-18            0.73276
116         0.00292614         2.5117e-05        4.25282e-06             101325            0.16932        4.25282e-06            2003.25                  0           0.999917          0.0599331            69897.9        1.69638e-05        9.33088e-07        7.83436e-05          0.0444044         0.00103726          0.0995493         1.1927e-06        1.53217e-16        1.07295e-17        3.60632e-15        7.88964e-15        0.000542478           0.121609        5.17466e-12        5.92664e-14        8.10091e-18            0.73276
117         0.00295125         2.5117e-05        4.25279e-06             101325           0.169319        4.25279e-06            2003.27                  0           0.999929          0.0512736            59792.6        1.69355e-05        9.30773e-07        7.82169e-05           0.044404         0.00103644            0.09955        1.19234e-06        1.33712e-16        9.36345e-18         3.1498e-15         6.8913e-15        0.000541371           0.121611        5.15227e-12        5.86607e-14        7.07254e-18            0.73276
118         0.00297637         2.5117e-05        4.25277e-06             101325           0.169318        4.25277e-06            2003.28                  0            0.99994           0.043772            51043.9        1.69113e-05         9.2879e-07        7.81083e-05          0.0444037         0.00103575          0.0995506        1.19203e-06        1.16368e-16        8.14877e-18        2.74317e-15        6.00194e-15         0.00054042           0.121613        5.13311e-12        5.81285e-14        6.15818e-18            0.73276
119         0.00300149         2.5117e-05        4.25275e-06             101325           0.169317        4.25275e-06            2003.29                  0           0.999949          0.0372907            43488.7        1.68906e-05        9.27093e-07        7.80153e-05          0.0444035         0.00103515          0.0995511        1.19177e-06        1.00996e-16        7.07217e-18        2.38222e-15        5.21243e-15        0.000539606           0.121614        5.11674e-12        5.76619e-14         5.3478e-18            0.73276
120          0.0030266         2.5117e-05        4.25273e-06             101325           0.169317        4.25273e-06             2003.3                  0           0.999957          0.0317052            36979.7        1.68729e-05        9.25644e-07        7.79358e-05          0.0444032         0.00103463          0.0995516        1.19155e-06         8.7414e-17        6.12106e-18        2.06294e-15          4.514e-15         0.00053891           0.121615        5.10277e-12        5.72539e-14         4.6319e-18            0.73276
121         0.00305172         2.5117e-05        4.25272e-06             101325           0.169316        4.25272e-06            2003.31                  0           0.999963          0.0269038            31385.3        1.68578e-05        9.24407e-07        7.78679e-05           0.044403          0.0010342          0.0995519        1.19136e-06         7.5454e-17        5.28352e-18        1.78149e-15        3.89827e-15        0.000538315           0.121616        5.09087e-12        5.68981e-14        4.00152e-18            0.73276
122         0.00307684         2.5117e-05        4.25271e-06             101325           0.169316        4.25271e-06            2003.31                  0           0.999969           0.022786            26587.9         1.6845e-05        9.23354e-07          7.781e-05          0.0444029         0.00103382          0.0995522        1.19119e-06        6.49561e-17        4.54838e-18        1.53422e-15        3.35728e-15        0.000537808           0.121617        5.08074e-12        5.65884e-14        3.44823e-18            0.73276
123         0.00310195         2.5117e-05         4.2527e-06             101325           0.169315         4.2527e-06            2003.32                  0           0.999974          0.0192625            22482.8         1.6834e-05        9.22458e-07        7.77607e-05          0.0444027          0.0010335          0.0995525        1.19106e-06         5.5771e-17        3.90518e-18         1.3177e-15        2.88356e-15        0.000537377           0.121617        5.07213e-12        5.63197e-14        2.96415e-18            0.73276
124         0.00312707         2.5117e-05        4.25269e-06             101325           0.169315        4.25269e-06            2003.33                  0           0.999978          0.0162543            18977.7        1.68247e-05        9.21698e-07        7.77189e-05          0.0444026         0.00103323          0.0995528        1.19094e-06        4.77599e-17        3.34421e-18        1.12874e-15         2.4701e-15        0.000537011           0.121618        5.06483e-12         5.6087e-14        2.54197e-18            0.73276
125         0.00315219         2.5117e-05        4.25268e-06             101325           0.169315        4.25268e-06            2003.33                  0           0.999982          0.0136915              15991        1.68168e-05        9.21053e-07        7.76834e-05          0.0444025         0.00103301           0.099553        1.19084e-06        4.07946e-17        2.85648e-18        9.64352e-16         2.1104e-15          0.0005367           0.121618        5.05864e-12        5.58861e-14        2.17491e-18            0.73276
126         0.00317731         2.5117e-05        4.25267e-06             101325           0.169314        4.25267e-06            2003.33                  0           0.999985          0.0115127            13451.3        1.68102e-05        9.20507e-07        7.76534e-05          0.0444024         0.00103281          0.0995531        1.19075e-06        3.47573e-17        2.43372e-18          8.218e-16        1.79847e-15        0.000536437           0.121619        5.05341e-12        5.57131e-14        1.85676e-18            0.73276
127         0.00320242         2.5117e-05        4.25267e-06             101325           0.169314        4.25267e-06            2003.34                  0           0.999987         0.00966402            11295.9        1.68045e-05        9.20046e-07         7.7628e-05          0.0444023         0.00103265          0.0995533        1.19068e-06        2.95402e-17        2.06841e-18        6.98567e-16         1.5288e-15        0.000536215           0.121619        5.04898e-12        5.55645e-14        1.58184e-18            0.73276
128         0.00322754         2.5117e-05        4.25266e-06             101325           0.169314        4.25266e-06            2003.34                  0           0.999989         0.00809859            9470.08        1.67998e-05        9.19657e-07        7.76066e-05          0.0444023         0.00103251          0.0995534        1.19062e-06        2.50453e-17        1.75367e-18        5.92358e-16        1.29638e-15        0.000536027           0.121619        5.04525e-12        5.54371e-14        1.34499e-18            0.73276
129         0.00325266         2.5117e-05        4.25266e-06             101325           0.169314        4.25266e-06            2003.34                  0           0.999991         0.00677555            7926.46        1.67957e-05        9.19329e-07        7.75885e-05          0.0444022         0.00103239          0.0995535        1.19057e-06         2.1184e-17         1.4833e-18        5.01095e-16        1.09666e-15        0.000535868            0.12162        5.04211e-12        5.53283e-14        1.14152e-18            0.73276
130         0.00327777         2.5117e-05        4.25266e-06             101325           0.169314        4.25266e-06            2003.34                  0           0.999992         0.00565945            6623.79        1.67924e-05        9.19053e-07        7.75733e-05          0.0444022         0.00103229          0.0995536        1.19053e-06         1.7877e-17        1.25174e-18        4.22913e-16        9.25562e-16        0.000535735            0.12162        5.03946e-12        5.52355e-14        9.67269e-19            0.73276
131         0.00330289         2.5117e-05        4.25266e-06             101325           0.169314        4.25266e-06            2003.34                  0           0.999994         0.00471962            5526.41        1.67895e-05        9.18821e-07        7.75605e-05          0.0444022         0.00103221          0.0995536         1.1905e-06        1.50533e-17        1.05402e-18        3.56144e-16         7.7944e-16        0.000535623            0.12162        5.03724e-12        5.51565e-14        8.18482e-19            0.73276
132         0.00332801         2.5117e-05        4.25265e-06             101325           0.169313        4.25265e-06            2003.34                  0           0.999995         0.00392961             4603.6        1.67872e-05        9.18627e-07        7.75498e-05          0.0444021         0.00103214          0.0995537        1.19047e-06        1.26493e-17        8.85692e-19         2.9929e-16        6.55015e-16         0.00053553            0.12162        5.03538e-12        5.50896e-14        6.91812e-19            0.73276
133         0.00335313         2.5117e-05        4.25265e-06             101325           0.169313        4.25265e-06            2003.35                  0           0.999996         0.00326674            3828.95        1.67852e-05        9.18464e-07        7.75408e-05          0.0444021         0.00103208          0.0995537        1.19044e-06        1.06083e-17         7.4278e-19        2.51013e-16        5.49361e-16        0.000535451            0.12162        5.03382e-12        5.50329e-14        5.84269e-19            0.73276
134         0.00337824         2.5117e-05        4.25265e-06             101325           0.169313        4.25265e-06            2003.35                  0           0.999996         0.00271152             3179.8        1.67835e-05        9.18328e-07        7.75333e-05          0.0444021         0.00103203          0.0995538        1.19042e-06        8.88026e-18        6.21783e-19        2.10135e-16        4.59897e-16        0.000535385            0.12162        5.03252e-12        5.49851e-14        4.93218e-19            0.73276
135         0.00340336         2.5117e-05        4.25265e-06             101325           0.169313        4.25265e-06            2003.35                  0           0.999997         0.00224728            2636.75        1.67821e-05        9.18214e-07        7.75271e-05          0.0444021         0.00103199          0.0995538         1.1904e-06        7.42117e-18        5.19618e-19        1.75615e-16        3.84348e-16        0.000535331           0.121621        5.03143e-12        5.49448e-14        4.16338e-19            0.73276
136         0.00342848         2.5117e-05        4.25265e-06             101325           0.169313        4.25265e-06            2003.35                  0           0.999998         0.00185974            2183.21         1.6781e-05        9.18119e-07        7.75218e-05           0.044402         0.00103196          0.0995539        1.19039e-06        6.19237e-18        4.33578e-19        1.46541e-16        3.20718e-16        0.000535285           0.121621        5.03053e-12         5.4911e-14        3.51593e-19            0.73276
137         0.00345359         2.5117e-05        4.25265e-06             101325           0.169313        4.25265e-06            2003.35                  0           0.999998          0.0015368            1805.07          1.678e-05        9.18041e-07        7.75175e-05           0.044402         0.00103193          0.0995539        1.19038e-06        5.16097e-18         3.6136e-19        1.22136e-16        2.67306e-16        0.000535247           0.121621        5.02977e-12        5.48827e-14        2.97249e-19            0.73276
138         0.00347871         2.5117e-05        4.25265e-06             101325           0.169313        4.25265e-06            2003.35                  0           0.999998         0.00126814            1490.33        1.67792e-05        9.17975e-07        7.75139e-05           0.044402         0.00103191          0.0995539        1.19037e-06        4.29795e-18        3.00932e-19        1.01714e-16        2.22611e-16        0.000535215           0.121621        5.02915e-12         5.4859e-14        2.51777e-19            0.73276
139         0.00350383         2.5117e-05        4.25265e-06             101325           0.169313        4.25265e-06            2003.35                  0           0.999999         0.00104503            1228.81        1.67785e-05        9.17921e-07        7.75109e-05           0.044402         0.00103189          0.0995539        1.19036e-06        3.57715e-18        2.50462e-19        8.46571e-17        1.85279e-16        0.000535189           0.121621        5.02863e-12        5.48393e-14        2.13798e-19            0.73276
140         0.00352894         2.5117e-05        4.25264e-06             101325           0.169313        4.25264e-06            2003.35                  0           0.999999        0.000860082             1011.9         1.6778e-05        9.17876e-07        7.75084e-05           0.044402         0.00103187          0.0995539        1.19035e-06        2.97721e-18        2.08455e-19        7.04593e-17        1.54206e-16        0.000535167           0.121621         5.0282e-12        5.48229e-14        1.82188e-19            0.73276
141         0.00355406         2.5117e-05        4.25264e-06             101325           0.169313        4.25264e-06            2003.35                  0           0.999999        0.000707056            832.327        1.67775e-05        9.17839e-07        7.75064e-05           0.044402         0.00103186          0.0995539        1.19035e-06        2.47979e-18        1.73626e-19        5.86873e-17        1.28441e-16        0.000535149           0.121621        5.02784e-12        5.48093e-14        1.55979e-19            0.73276
142         0.00357918         2.5117e-05        4.25264e-06             101325           0.169313        4.25264e-06            2003.35                  0           0.999999        0.000580707            683.977        1.67772e-05        9.17808e-07        7.75047e-05           0.044402         0.00103185          0.0995539        1.19034e-06        2.06943e-18        1.44892e-19        4.89752e-17        1.07185e-16        0.000535135           0.121621        5.02755e-12        5.47981e-14        1.34358e-19            0.73276
143          0.0036043         2.5117e-05        4.25264e-06             101325           0.169313        4.25264e-06            2003.35                  0           0.999999        0.000476627            561.705        1.67768e-05        9.17783e-07        7.75033e-05           0.044402         0.00103184           0.099554        1.19034e-06        1.72892e-18        1.21051e-19        4.09164e-17        8.95473e-17        0.000535122           0.121621        5.02731e-12        5.47888e-14        1.16417e-19            0.73276
144         0.00362941         2.5117e-05        4.25264e-06             101325           0.169313        4.25264e-06            2003.35                  0           0.999999         0.00039115            461.233        1.67766e-05        9.17762e-07        7.75021e-05           0.044402         0.00103183           0.099554        1.19033e-06        1.44599e-18         1.0124e-19          3.422e-17        7.48913e-17        0.000535112           0.121621        5.02711e-12        5.47811e-14         1.0151e-19            0.73276
145         0.00365453         2.5117e-05        4.25264e-06             101325           0.169313        4.25264e-06            2003.35                  0                  1        0.000321206            378.978        1.67764e-05        9.17745e-07        7.75012e-05           0.044402         0.00103183           0.099554        1.19033e-06        1.21158e-18        8.48267e-20        2.86719e-17        6.27486e-17        0.000535104           0.121621        5.02695e-12        5.47747e-14        8.91588e-20            0.73276
146         0.00367965         2.5117e-05        4.25264e-06             101325           0.169313        4.25264e-06            2003.35                  0                  1        0.000264259            311.975        1.67762e-05        9.17732e-07        7.75005e-05           0.044402         0.00103182           0.099554        1.19033e-06        1.01881e-18        7.13294e-20        2.41095e-17        5.27629e-17        0.000535098           0.121621        5.02682e-12        5.47695e-14        7.90022e-20            0.73276
147         0.00370476         2.5117e-05        4.25264e-06             101325           0.169313        4.25264e-06            2003.35                  0                  1        0.000218226            257.788        1.67761e-05        9.17721e-07        7.74998e-05           0.044402         0.00103182           0.099554        1.19033e-06        8.61554e-19        6.03182e-20        2.03873e-17        4.46165e-17        0.000535092           0.121621        5.02671e-12        5.47653e-14        7.07164e-20            0.73276
148         0.00372988         2.5117e-05        4.25264e-06             101325           0.169313        4.25264e-06            2003.35                  0                  1        0.000181417            214.442         1.6776e-05        9.17712e-07        7.74994e-05           0.044402         0.00103181           0.099554        1.19033e-06        7.34635e-19        5.14314e-20        1.73833e-17        3.80417e-17        0.000535088           0.121621        5.02663e-12        5.47619e-14        6.40293e-20            0.73276
149           0.003755         2.5117e-05        4.25264e-06             101325           0.169313        4.25264e-06            2003.35                  0                  1        0.000152489            180.365        1.67759e-05        9.17705e-07         7.7499e-05           0.044402         0.00103181           0.099554        1.19032e-06        6.36234e-19        4.45415e-20        1.50542e-17        3.29442e-17        0.000535085           0.121621        5.02657e-12        5.47593e-14        5.88447e-20            0.73276
150         0.00378012         2.5117e-05        4.25264e-06             101325           0.169313        4.25264e-06            2003.35                  0                  1        0.000130404            154.338        1.67758e-05          9.177e-07        7.74987e-05           0.044402         0.00103181           0.099554        1.19032e-06          5.641e-19        3.94908e-20        1.33468e-17        2.92074e-17        0.000535083           0.121621        5.02652e-12        5.47573e-14        5.50441e-20            0.73276
151         0.00380523         2.5117e-05        4.25264e-06             101325           0.169313        4.25264e-06            2003.35                  0                  1        0.000114396            135.466        1.67758e-05        9.17697e-07        7.74985e-05           0.044402         0.00103181           0.099554        1.19032e-06        5.15504e-19        3.60881e-20        1.21966e-17        2.66899e-17        0.000535081           0.121621        5.02649e-12         5.4756e-14        5.24836e-20            0.73276
152         0.00383035         2.5117e-05        4.25264e-06             101325           0.169313        4.25264e-06            2003.35                  0                  1         0.00010395            123.147        1.67758e-05        9.17695e-07        7.74984e-05           0.044402         0.00103181           0.099554        1.19032e-06        4.88718e-19        3.42126e-20        1.15626e-17        2.53023e-17         0.00053508           0.121621        5.02647e-12        5.47553e-14        5.10723e-20            0.73276
