# Time 0.000315
# eta = 0.002
# length = 0.000743197
#--- 	  	 LEM Line data  --- 
#(1) wafer              (2) x             (3) dx              (4) m              (5) p            (6) rho              (7) m              (8) T              (9) Z             (10) C          (11) dCdt       (12) heatRel                  (13) Y_H2                  (14) Y_H                  (15) Y_O                  (16) Y_O2                  (17) Y_OH                  (18) Y_H2O                  (19) Y_HO2                  (20) Y_CH2                  (21) Y_CH2(S)                  (22) Y_CH3                  (23) Y_CH4                  (24) Y_CO                  (25) Y_CO2                  (26) Y_HCO                  (27) Y_CH2O                  (28) Y_CH2OH                  (29) Y_N2
0        1.25586e-05        2.51172e-05        2.84212e-05             101325            1.13154        2.84212e-05            300.029                  0                  0                  0                  0        7.27636e-10        2.91833e-18        3.62808e-12           0.222596        1.50264e-12        1.35345e-06          1.805e-09        9.17246e-19        4.73878e-20        1.12791e-08          0.0446414        2.10405e-08        1.61745e-06         5.9624e-19        3.40716e-09        1.02519e-22            0.73276
1        3.76758e-05        2.51172e-05         2.8419e-05             101325            1.13146         2.8419e-05            300.052                  0         1.4015e-05        1.16246e-07           0.121465        1.35031e-09        7.38837e-18         5.1592e-12           0.222594        2.27692e-12        2.42835e-06        3.14814e-09        2.49272e-18        1.28876e-19        2.03573e-08           0.044641         3.9017e-08        2.90028e-06        1.62549e-18        6.30199e-09        2.78992e-22            0.73276
2        6.27931e-05        2.51172e-05        2.84141e-05             101325            1.13126        2.84141e-05            300.104                  0        2.45296e-05        1.71437e-07           0.211102         2.8425e-09        2.20002e-17        7.49878e-12           0.222589        3.66269e-12        4.89854e-06        6.12679e-09        8.21831e-18         4.2475e-19        4.13695e-08          0.0446398        8.21092e-08        5.84587e-06        5.38133e-18        1.32026e-08        9.20946e-22            0.73276
3        8.79103e-05        2.51172e-05        2.84036e-05             101325            1.13084        2.84036e-05            300.215                  0        4.96228e-05        2.77755e-07           0.469976        6.13087e-09        6.52589e-17          1.074e-11            0.22258         5.9575e-12        1.01047e-05        1.21833e-08        2.75664e-17        1.42524e-18        8.59769e-08          0.0446375        1.77205e-07        1.20481e-05        1.81333e-17        2.83058e-08        3.09904e-21            0.73276
4        0.000113028        2.51172e-05        2.83828e-05             101325            1.13001        2.83828e-05            300.435                  0        0.000102356        4.56279e-07            1.24575        1.30502e-08         1.7952e-16        1.45131e-11           0.222562        9.44244e-12        2.05038e-05        2.38026e-08        8.82334e-17        4.56698e-18        1.75812e-07          0.0446327        3.77839e-07        2.44225e-05        5.83649e-17        5.98002e-08        9.98367e-21            0.73276
5        0.000138145        2.51172e-05        2.83429e-05             101325            1.12842        2.83429e-05            300.858                  0        0.000207513        7.36581e-07            3.70245        2.71723e-08        4.43114e-16        1.79665e-11           0.222527        1.43877e-11        4.05015e-05        4.51806e-08        2.64271e-16        1.37087e-17        3.50145e-07          0.0446236         7.8909e-07         4.8184e-05        1.76109e-16        1.23343e-07        3.02635e-20            0.73276
6        0.000163262        2.51172e-05        2.82693e-05             101325             1.1255        2.82693e-05             301.64                  0        0.000409429        1.16184e-06            11.6161        5.52248e-08        9.61018e-16        1.98587e-11           0.222461        2.10532e-11        7.76248e-05        8.30302e-08        7.38832e-16        3.84637e-17        6.77036e-07          0.0446067        1.61116e-06        9.22148e-05         4.9755e-16         2.4775e-07        8.64247e-20            0.73276
7        0.000188379        2.51172e-05        2.81389e-05             101325             1.1203        2.81389e-05            303.038                  0        0.000783666        1.80867e-06            36.7068        1.09483e-07        1.80608e-15         1.9075e-11           0.222344        2.98806e-11        0.000144105         1.4752e-07        1.94455e-15        1.01895e-16        1.26899e-06          0.0445763        3.21518e-06        0.000170887         1.3299e-15        4.84081e-07        2.36136e-19            0.73276
8        0.000213496        2.51172e-05        2.79176e-05             101325            1.11149        2.79176e-05            305.439                  0         0.00145267        2.84567e-06            113.396        2.11619e-07        2.95897e-15        1.54603e-11           0.222141        4.21534e-11         0.00025874        2.53214e-07        4.93071e-15        2.61182e-16         2.3025e-06          0.0445239        6.26993e-06        0.000306154        3.45168e-15        9.19201e-07        6.38046e-19            0.73276
9        0.000238614        2.51172e-05        2.75602e-05             101325            1.09726        2.75602e-05              309.4                  0         0.00260396        4.69762e-06            336.216        3.98518e-07        4.51418e-15        1.02681e-11           0.221807        6.14855e-11        0.000448598        4.19843e-07        1.24795e-14         6.7281e-16        4.03836e-06          0.0444371        1.19443e-05        0.000529351        9.04635e-15         1.6943e-06        1.79246e-18            0.73276
10        0.000263731        2.51172e-05        2.70142e-05             101325            1.07552        2.70142e-05             315.65                  0         0.00450632        8.51288e-06             944.49        7.30421e-07        7.70816e-15        5.46549e-12           0.221276        9.67371e-11        0.000749763        6.72916e-07        3.26665e-14        1.80865e-15        6.83592e-06           0.044299        2.22104e-05        0.000881693        2.49038e-14        3.02715e-06        5.51203e-18            0.73276
11        0.000288848        2.51172e-05        2.62317e-05             101325            1.04437        2.62317e-05             325.06                  0         0.00751569        1.75535e-05            2489.27        1.30106e-06         1.7914e-14        2.31824e-12           0.220473        1.67461e-10         0.00120605         1.0446e-06        8.94986e-14        5.14233e-15        1.11512e-05          0.0440896        4.02578e-05         0.00141214        7.30888e-14        5.23396e-06        1.90034e-17            0.73276
12        0.000313965        2.51172e-05        2.51863e-05             101325            1.00275        2.51863e-05            338.544                  0          0.0120597        4.12877e-05            6116.14        2.24829e-06        5.38995e-14        7.99678e-13           0.219316        3.15104e-10         0.00186496        1.57594e-06        2.52477e-13        1.52131e-14        1.75097e-05          0.0437864        7.09914e-05         0.00217183        2.25249e-13        8.74307e-06        7.24582e-17            0.73276
13        0.000339083        2.51172e-05         2.3889e-05             101325           0.951099         2.3889e-05            356.915                  0          0.0185933        0.000107209            13986.4        3.76233e-06         1.7917e-13        2.50241e-13           0.217727        6.27146e-10         0.00277143         2.3216e-06        7.14371e-13        4.55312e-14        2.64538e-05          0.0433681        0.000121517         0.00320577        7.09641e-13        1.40919e-05        2.95142e-16            0.73276
14          0.0003642        2.51172e-05        2.23924e-05             101325           0.891517        2.23924e-05            380.746                  0          0.0275316        0.000294128            29880.2        6.08802e-06        6.04333e-13        1.46185e-13           0.215646        1.28538e-09          0.0039613        3.35724e-06        1.98283e-12        1.34353e-13        3.84789e-05          0.0428174        0.000201466          0.0045445        2.22944e-12        2.19022e-05         1.2339e-15            0.73276
15        0.000389317        2.51172e-05        2.07786e-05             101325           0.827265        2.07786e-05             410.28                  0          0.0391799        0.000821632            60151.7          9.519e-06         1.9898e-12        3.74407e-13           0.213037        2.64884e-09         0.00545734        4.78827e-06        5.30928e-12        3.82551e-13        5.39802e-05          0.0421222        0.000323014         0.00619915        6.84252e-12        3.28375e-05        5.09628e-15            0.73276
16        0.000414434        2.51172e-05        1.91359e-05             101325           0.761863        1.91359e-05            445.442                  0          0.0536919         0.00227044             115459        1.43845e-05         6.2731e-12        1.51744e-12            0.20989        5.36874e-09         0.00726907        6.75763e-06        1.35312e-11        1.03232e-12        7.32308e-05          0.0412767        0.000500548          0.0081617        2.01736e-11        4.75546e-05        2.01622e-14            0.73276
17        0.000439552        2.51172e-05        1.75391e-05             101325           0.698289        1.75391e-05            485.908                  0            0.07107         0.00605907             213970        2.10322e-05        1.88636e-11        6.45759e-12           0.206212        1.05076e-08         0.00939586        9.45179e-06        3.25227e-11        2.60661e-12        9.63909e-05          0.0402794        0.000750068          0.0104095        5.64997e-11        6.66601e-05        7.50501e-14            0.73276
18        0.000464669        2.51172e-05        1.60391e-05             101325           0.638569        1.60391e-05            531.223                  0          0.0912018          0.0153184             386887        2.98121e-05         5.4779e-11        2.75831e-11           0.202019        1.96308e-08          0.0118314        1.31048e-05         7.3564e-11        6.13006e-12        0.000123542          0.0391316         0.00108849          0.0129119        1.49882e-10        9.06796e-05        2.62478e-13            0.73276
19        0.000489786        2.51172e-05        1.46631e-05             101325           0.583787        1.46631e-05            580.891                  0           0.113913          0.0362459             687376        4.10626e-05        1.56888e-10        1.16644e-10           0.197334        3.49315e-08          0.0145681        1.80011e-05        1.57867e-10        1.35093e-11        0.000154728           0.037835         0.00153296           0.015636        3.79046e-10        0.000120039        8.75239e-13            0.73276
20        0.000514903        2.51172e-05        1.34199e-05             101325           0.534289        1.34199e-05            634.455                  0           0.139016          0.0800497        1.20576e+06         5.5101e-05        4.50834e-10        4.82408e-10           0.192173         5.9746e-08          0.0175996        2.44762e-05        3.28401e-10         2.8439e-11        0.000189996          0.0363911         0.00210036          0.0185508        9.27437e-10        0.000155049        2.85146e-12            0.73276
21         0.00054002        2.51172e-05        1.23063e-05             101325           0.489953        1.23063e-05            691.532                  0            0.16634           0.166508        2.10147e+06         7.2217e-05        1.30358e-09         1.9255e-09            0.18655         1.0058e-07          0.0209224        3.29133e-05        6.87007e-10        5.91757e-11        0.000229434          0.0348001         0.00280678          0.0216301        2.23981e-09        0.000195902        9.27727e-12            0.73276
22        0.000565138        2.51172e-05        1.13127e-05             101325           0.450397        1.13127e-05            751.823                  0           0.195753           0.334209        3.68432e+06        9.26681e-05        3.75386e-09        7.32167e-09           0.180471        1.73726e-07          0.0245364        4.37291e-05        1.51279e-09         1.2736e-10        0.000273205          0.0330607         0.00366718          0.0248528        5.44496e-09        0.000242659        3.03633e-11            0.73276
23        0.000590255        2.51172e-05         1.0427e-05             101325           0.415135         1.0427e-05            815.116                  0           0.227164           0.675858        6.63406e+06        0.000116676         1.0611e-08        2.62461e-08           0.173936        3.24543e-07          0.0284439        5.73392e-05        3.62074e-09        2.94622e-10        0.000321588          0.0311708         0.00469501          0.0282034        1.34854e-08        0.000295252        9.90614e-11            0.73276
24        0.000615372        2.51172e-05        9.63655e-06             101325           0.383663        9.63655e-06            881.265                  0           0.260518             1.4554        1.25784e+07        0.000144422        2.91199e-08         8.8137e-08           0.166944        6.79258e-07          0.0326488        7.40842e-05        9.37365e-09        7.37058e-10        0.000375034          0.0291274         0.00590174          0.0316707        3.40039e-08        0.000353474        3.16747e-10            0.73276
25        0.000640489        2.51172e-05        8.92933e-06             101325           0.355506        8.92933e-06            950.175                  0            0.29579            3.46277        2.55413e+07        0.000176042        7.71917e-08        2.76781e-07           0.159491        1.57458e-06          0.0371548        9.40876e-05        2.53243e-08        1.93778e-09        0.000434204          0.0269277         0.00729624          0.0352469        8.62309e-08        0.000416972        9.76952e-10            0.73276
26        0.000665607        2.51172e-05        8.29483e-06             101325           0.330245        8.29483e-06            1021.77                  0           0.332966             8.9887        5.53732e+07        0.000211609        1.97531e-07         8.1438e-07            0.15158        3.86067e-06          0.0419617        0.000116996        6.85586e-08        5.14467e-09         0.00049992          0.0245705         0.00888365          0.0389254         2.1605e-07        0.000485173        2.87379e-09            0.73276
27        0.000690724        2.51172e-05        7.72406e-06             101325            0.30752        7.72406e-06            1095.97                  0           0.372017            24.2473        1.25362e+08        0.000251118        4.88432e-07        2.25443e-06           0.143218        9.56299e-06          0.0470646        0.000141573        1.80617e-07        1.33663e-08        0.000572786          0.0220572          0.0106646           0.042701        5.25847e-07        0.000557174        8.00538e-09           0.732759
28        0.000715841        2.51172e-05        7.20962e-06             101325           0.287039        7.20962e-06            1172.62                  0           0.412899            64.7757          2.878e+08        0.000294465        1.16659e-06        5.89927e-06           0.134414        2.32244e-05          0.0524528         0.00016518        4.54936e-07        3.33208e-08         0.00065206           0.019392          0.0126351          0.0465717        1.22673e-06        0.000631457        2.10215e-08           0.732759
29        0.000740958        2.51172e-05        6.74579e-06             101325           0.268572        6.74579e-06            1251.42                  0           0.455555            165.901         6.5209e+08        0.000341309        2.68087e-06        1.46368e-05           0.125191        5.43454e-05          0.0581026         0.00018343         1.0821e-06         7.8628e-08        0.000732996          0.0165881          0.0147829          0.0505381        2.71098e-06        0.000705131        5.17653e-08           0.732759
30        0.000766076        2.51172e-05        6.32884e-06             101325           0.251972        6.32884e-06            1331.72                  0           0.499867            398.549        1.42359e+09        0.000390699        5.87819e-06        3.44404e-05           0.115602        0.000121068          0.0639574         0.00019088        2.39651e-06        1.73079e-07        0.000802427          0.0136792          0.0170773          0.0546004        5.59524e-06        0.000772348        1.18355e-07           0.732758
31        0.000791193        2.51172e-05         5.9577e-06             101325           0.237196         5.9577e-06            1412.22                  0           0.545541            880.252        2.92102e+09        0.000440293        1.21351e-05        7.66055e-05           0.105765        0.000253766          0.0698964        0.000183476        4.82755e-06        3.47219e-07        0.000834743          0.0107402          0.0194474          0.0587554        1.05532e-05        0.000821433        2.46075e-07           0.732757
32         0.00081631        2.51172e-05        5.63476e-06             101325           0.224338        5.63476e-06            1490.45                  0           0.591915            1744.08        5.46392e+09        0.000485038        2.31359e-05        0.000159886          0.0959346        0.000493246          0.0756906        0.000161315        8.48368e-06        6.09501e-07        0.000796437         0.00790968          0.0217406          0.0629909        1.75721e-05        0.000831522        4.46772e-07           0.732757
33        0.000841427        2.51172e-05        5.36582e-06             101325           0.213631        5.36582e-06            1562.44                  0            0.63771            3002.87        8.94624e+09        0.000516224        3.97533e-05        0.000309108          0.0865607         0.00087353          0.0809818        0.000129135        1.22064e-05        8.80424e-07        0.000670695         0.00539147          0.0236817          0.0672769        2.46258e-05        0.000775675        6.64802e-07           0.732756
34        0.000866544        2.51172e-05        5.15654e-06             101325           0.205299        5.15654e-06            1623.57                  0           0.680914            4343.19        1.22045e+10        0.000524409        6.02817e-05        0.000542647           0.078236           0.001387           0.085368        9.46083e-05         1.3577e-05        9.89892e-07        0.000488629         0.00338876          0.0249138          0.0715541        2.77989e-05          0.0006437        7.65623e-07           0.732756
35        0.000891662        2.51172e-05        5.00553e-06             101325           0.199287        5.00553e-06            1671.12                  0           0.719281            5183.66         1.3377e+10        0.000508138         8.0557e-05        0.000846057          0.0714348         0.00196295          0.0886092        6.48807e-05        1.17553e-05          8.708e-07        0.000313311         0.00198669          0.0252038           0.075726        2.51567e-05         0.00046923        6.86508e-07           0.732756
36        0.000916779        2.51172e-05        4.90177e-06             101325           0.195156        4.90177e-06            1706.03                  0           0.751468            5188.55        1.19197e+10        0.000477489            9.7e-05         0.00116442          0.0662632         0.00250348          0.0907607        4.33289e-05        8.46942e-06        6.38293e-07        0.000184349         0.00110979          0.0246251          0.0796782        1.90616e-05        0.000307023        5.10844e-07           0.732757
37        0.000941896        2.51172e-05        4.83036e-06             101325           0.192312        4.83036e-06            1731.57                  0            0.77762            4564.25        9.12567e+09        0.000444951        0.000108434         0.00143989           0.062493         0.00294499          0.0920806        2.94547e-05        5.46793e-06        4.18598e-07        0.000103532        0.000602881          0.0234679          0.0833199        1.28399e-05        0.000187055        3.38912e-07           0.732758
38        0.000967013        2.51172e-05        4.77889e-06             101325           0.190263        4.77889e-06            1751.03                  0           0.798797            3727.94        6.40125e+09        0.000417419        0.000115316         0.00164434          0.0597699         0.00327441          0.0928563        2.11002e-05        3.33114e-06        2.58389e-07        5.68792e-05        0.000322969          0.0220323          0.0866087        8.07203e-06        0.000109428        2.11054e-07           0.732759
39        0.000992131        2.51172e-05        4.73925e-06             101325           0.188685        4.73925e-06            1766.76                  0           0.816189            2951.72        4.34844e+09         0.00039626        0.000118586          0.0017774          0.0577719         0.00350727          0.0933107        1.61997e-05        1.97064e-06        1.54509e-07        3.09715e-05        0.000172036          0.0205262          0.0895433        4.88241e-06          6.266e-05        1.27072e-07           0.732759
40         0.00101725        2.51172e-05         4.7067e-06             101325           0.187389         4.7067e-06            1780.21                  0           0.830766            2326.63        2.98557e+09        0.000380269        0.000119144         0.00185144          0.0562604         0.00366609          0.0935896        1.33157e-05        1.14931e-06         9.0901e-08        1.68329e-05        9.15594e-05          0.0190653          0.0921467        2.89145e-06        3.55093e-05        7.51682e-08           0.732759
41         0.00104237        2.51172e-05         4.6786e-06             101325           0.186271         4.6786e-06            1792.18                  0           0.843233            1850.25         2.1325e+09        0.000367698         0.00011772         0.00188103          0.0550752         0.00377067            0.09378         1.1571e-05        6.66288e-07        5.30674e-08        9.16833e-06         4.8829e-05          0.0177034          0.0944524        1.69398e-06        2.00423e-05        4.40771e-08            0.73276
42         0.00106748        2.51172e-05         4.6535e-06             101325           0.185271         4.6535e-06            1803.15                  0           0.854082             1491.7        1.60649e+09        0.000357064        0.000114869         0.00187874          0.0541126         0.00383596          0.0939307        1.04617e-05        3.85756e-07         3.0893e-08        5.01687e-06        2.61433e-05          0.0164592          0.0964965        9.88292e-07        1.13099e-05         2.5752e-08            0.73276
43          0.0010926        2.51172e-05        4.63056e-06             101325           0.184358        4.63056e-06            1813.35                  0            0.86366            1219.37        1.27609e+09        0.000347333        0.000111014         0.00185419          0.0533065          0.0038725          0.0940676        9.70673e-06        2.23658e-07        1.79857e-08        2.76234e-06        1.40704e-05          0.0153333          0.0983137        5.76952e-07         6.3958e-06        1.50367e-08            0.73276
44         0.00111772        2.51172e-05        4.60932e-06             101325           0.183512        4.60932e-06            1822.95                  0           0.872217            1008.67        1.05897e+09        0.000337863        0.000106471         0.00181432          0.0526141          0.0038876          0.0942037          9.151e-06        1.30074e-07        1.04904e-08        1.53209e-06        7.61919e-06          0.0143174           0.099936        3.38432e-07        3.62999e-06          8.791e-09            0.73276
45         0.00114283        2.51172e-05        4.58949e-06             101325           0.182723        4.58949e-06            1832.04                  0           0.879938            842.211        9.07007e+08        0.000328301        0.000101479         0.00176406          0.0520072         0.00388631          0.0943448        8.70933e-06        7.59529e-08        6.13652e-09        8.56561e-07        4.15399e-06          0.0134002           0.101391        2.00307e-07        2.06967e-06         5.1518e-09            0.73276
46         0.00116795        2.51172e-05        4.57086e-06             101325           0.181981        4.57086e-06            1840.68                  0           0.886965            708.163         7.9313e+08        0.000318483        9.62199e-05         0.00170687           0.051467         0.00387218          0.0944928        8.33471e-06        4.45541e-08        3.60239e-09        4.82944e-07        2.28137e-06          0.0125696           0.102704        1.20184e-07        1.18615e-06        3.02839e-09            0.73276
47         0.00119307        2.51172e-05        4.55329e-06             101325           0.181281        4.55329e-06            1848.92                  0           0.893409            598.471        7.02366e+08        0.000308357        9.08295e-05         0.00164519            0.05098         0.00384775          0.0946477        8.00098e-06        2.62628e-08        2.12307e-09        2.74671e-07        1.26261e-06          0.0118141           0.103895        7.35001e-08        6.83561e-07        1.78639e-09            0.73276
48         0.00121819        2.51172e-05        4.53667e-06             101325            0.18062        4.53667e-06            1856.78                  0           0.899359            507.577        6.26467e+08        0.000297941         8.5412e-05         0.00158077          0.0505367         0.00381489          0.0948085        7.69338e-06         1.5558e-08        1.25641e-09        1.57601e-07        7.04388e-07          0.0111235           0.104983        4.60993e-08        3.96187e-07        1.05768e-09            0.73276
49          0.0012433        2.51172e-05        4.52093e-06             101325           0.179993        4.52093e-06             1864.3                  0           0.904885            431.546         5.6085e+08        0.000287284        8.00456e-05         0.00151486          0.0501299           0.003775          0.0949739        7.40345e-06        9.26254e-09        7.46695e-10         9.1229e-08        3.96197e-07          0.0104887           0.105982        2.98411e-08        2.30967e-07        6.28638e-10            0.73276
50         0.00126842        2.51172e-05        4.50599e-06             101325           0.179399        4.50599e-06             1871.5                  0           0.910047            367.504        5.02904e+08        0.000276453         7.4789e-05          0.0014484          0.0497543         0.00372919          0.0951427        7.12621e-06        5.54182e-09        4.45673e-10        5.32725e-08        2.24714e-07          0.0099021           0.106904        2.00471e-08        1.35436e-07        3.75102e-10            0.73276
51         0.00129354        2.51172e-05         4.4918e-06             101325           0.178833         4.4918e-06            1878.41                  0           0.914893            313.283        4.51077e+08        0.000265517        6.96854e-05         0.00138207          0.0494054         0.00367834          0.0953134        6.85871e-06        3.33189e-09        2.67154e-10        3.13767e-08        1.28529e-07         0.00935714           0.107761        1.40254e-08        7.98821e-08        2.24707e-10            0.73276
52         0.00131865        2.51172e-05        4.47829e-06             101325           0.178295        4.47829e-06            1885.02                  0            0.91946            267.206        4.04393e+08        0.000254543         6.4766e-05         0.00131638          0.0490801         0.00362316           0.095485        6.59911e-06        2.01285e-09        1.60837e-10        1.86367e-08        7.41377e-08         0.00884841            0.10856        1.02235e-08        4.73888e-08         1.3515e-10            0.73276
53         0.00134377        2.51172e-05        4.46543e-06             101325           0.177783        4.46543e-06            1891.37                  0           0.923782            227.943        3.62184e+08        0.000243593        6.00528e-05         0.00125174          0.0487755         0.00356426          0.0956564         6.3463e-06        1.22177e-09        9.72505e-11        1.11609e-08        4.31265e-08         0.00837138            0.10931        7.74303e-09        2.82747e-08        8.16143e-11           0.732761
54         0.00136889        2.51172e-05        4.45317e-06             101325           0.177295        4.45317e-06            1897.46                  0           0.927885            194.417        3.23961e+08        0.000232723        5.55604e-05         0.00118844          0.0484896         0.00350215          0.0958268        6.09956e-06         7.4508e-10        5.90603e-11         6.7378e-09         2.5299e-08         0.00792231           0.110016        6.06161e-09         1.6967e-08        4.94864e-11           0.732761
55         0.00139401        2.51172e-05        4.44149e-06             101325            0.17683        4.44149e-06            1903.31                  0           0.931789            165.748        2.89334e+08        0.000221982        5.12976e-05         0.00112671          0.0482205         0.00343729          0.0959954        5.85848e-06        4.56505e-10        3.60262e-11        4.09959e-09        1.49657e-08          0.0074981           0.110682        4.87362e-09        1.02398e-08        3.01306e-11           0.732761
56         0.00141912        2.51172e-05        4.43035e-06             101325           0.176387        4.43035e-06            1908.92                  0           0.935514            141.208         2.5798e+08        0.000211411        4.72687e-05         0.00106673          0.0479667         0.00337008          0.0961616        5.62279e-06        2.81009e-10        2.20745e-11         2.5136e-09        8.92691e-09         0.00709623           0.111314         3.9987e-09        6.21554e-09        1.84234e-11           0.732761
57         0.00144424        2.51172e-05        4.41973e-06             101325           0.175964        4.41973e-06             1914.3                  0           0.939074            120.187        2.29613e+08        0.000201046        4.34744e-05         0.00100864          0.0477272         0.00330087           0.096325        5.39239e-06        1.73798e-10        1.35879e-11        1.55284e-09        5.36904e-09         0.00671463           0.111913        3.32917e-09        3.79483e-09        1.13141e-11           0.732761
58         0.00146936        2.51172e-05        4.40961e-06             101325           0.175561        4.40961e-06            1919.46                  0           0.942479            102.177        2.03982e+08        0.000190919        3.99128e-05        0.000952523          0.0475007         0.00322998          0.0964849        5.16725e-06        1.08007e-10        8.40335e-12        9.66465e-10        3.25585e-09          0.0063516           0.112484        2.79979e-09        2.33071e-09        6.97943e-12           0.732761
59         0.00149448        2.51172e-05        4.39996e-06             101325           0.175177        4.39996e-06            1924.41                  0            0.94574            86.7459        1.80855e+08        0.000181054        3.65797e-05        0.000898465          0.0472867         0.00315772          0.0966412        4.94743e-06        6.74495e-11        5.22221e-12        6.05966e-10        1.99064e-09         0.00600578           0.113027        2.37016e-09        1.44027e-09        4.32552e-12           0.732761
60         0.00151959        2.51172e-05        4.39077e-06             101325           0.174811        4.39077e-06            1929.15                  0           0.948864            73.5299        1.60024e+08        0.000171474        3.34695e-05        0.000846512          0.0470842         0.00308437          0.0967936        4.73304e-06        4.23332e-11        3.26155e-12        3.82735e-10        1.22709e-09         0.00567603           0.113545         2.0146e-09        8.95719e-10        2.69372e-12           0.732761
61         0.00154471        2.51172e-05        4.38201e-06             101325           0.174462        4.38201e-06            1933.68                  0           0.951858            62.2192        1.41294e+08        0.000162197         3.0575e-05        0.000796695          0.0468928         0.00301018          0.0969417        4.52422e-06        2.67066e-11        2.04758e-12        2.43521e-10        7.62637e-10         0.00536145           0.114039        1.71622e-09        5.60802e-10        1.68596e-12           0.732761
62         0.00156983        2.51172e-05        4.37368e-06             101325           0.174131        4.37368e-06            1938.02                  0           0.954726            52.5493        1.24486e+08        0.000153235        2.78883e-05         0.00074903          0.0467119         0.00293541          0.0970855        4.32115e-06        1.69381e-11        1.29236e-12         1.5609e-10        4.77892e-10         0.00506127           0.114511        1.46349e-09        3.53621e-10        1.06075e-12           0.732761
63         0.00159494        2.51172e-05        4.36576e-06             101325           0.173815        4.36576e-06            1942.16                  0           0.957473            44.2942        1.09436e+08        0.000144601        2.54008e-05        0.000703519          0.0465411         0.00286029          0.0972247        4.12404e-06        1.08018e-11        8.20241e-13        1.00795e-10        3.01948e-10          0.0047749           0.114961        1.24816e-09        2.24687e-10        6.71045e-13           0.732761
64         0.00162006        2.51172e-05        4.35823e-06             101325           0.173516        4.35823e-06            1946.11                  0           0.960103            37.2593        9.59888e+07        0.000136304        2.31033e-05        0.000660156            0.04638         0.00278504          0.0973593        3.93309e-06        6.92776e-12         5.2361e-13         6.5579e-11        1.92376e-10         0.00450179            0.11539        1.06406e-09        1.43947e-10        4.26932e-13           0.732761
65         0.00164518        2.51172e-05        4.35108e-06             101325           0.173231        4.35108e-06            1949.88                  0           0.962618            31.2772        8.40037e+07         0.00012835        2.09865e-05        0.000618921          0.0462282         0.00270988          0.0974891        3.74854e-06        4.46937e-12        3.36262e-13        4.29922e-11          1.236e-10         0.00424152           0.115799        9.06419e-10        9.30536e-11        2.73238e-13           0.732761
66          0.0016703        2.51172e-05        4.34431e-06             101325           0.172961        4.34431e-06            1953.47                  0           0.965022            26.2033        7.33486e+07        0.000120742        1.90406e-05         0.00057979          0.0460854         0.00263503          0.0976142        3.57061e-06        2.90099e-12        2.17294e-13        2.84028e-11        8.00894e-11          0.0039937           0.116188        7.71379e-10        6.07502e-11        1.75956e-13           0.732761
67         0.00169541        2.51172e-05        4.33789e-06             101325           0.172706        4.33789e-06            1956.88                  0           0.967316            21.9122        6.39012e+07        0.000113484        1.72562e-05        0.000542729          0.0459512         0.00256067          0.0977344         3.3995e-06         1.8949e-12        1.41325e-13        1.89116e-11        5.23435e-11         0.00375798           0.116558        6.55758e-10        4.00942e-11         1.1404e-13           0.732761
68         0.00172053        2.51172e-05        4.33181e-06             101325           0.172464        4.33181e-06            1960.12                  0           0.969503             18.295        5.55482e+07        0.000106574        1.56234e-05        0.000507698          0.0458254         0.00248701          0.0978498        3.23542e-06        1.24583e-12        9.25304e-14        1.26925e-11        3.45086e-11         0.00353406            0.11691        5.56869e-10        2.67805e-11        7.44055e-14            0.73276
69         0.00174565        2.51172e-05        4.32607e-06             101325           0.172235        4.32607e-06            1963.19                  0           0.971585            15.2571        4.81847e+07        0.000100011        1.41328e-05        0.000474652          0.0457076         0.00241423          0.0979603        3.07854e-06        8.24633e-13        6.10023e-14        8.58751e-12        2.29518e-11         0.00332162           0.117244        4.72412e-10        1.81251e-11        4.88826e-14            0.73276
70         0.00177076        2.51172e-05        4.32066e-06             101325            0.17202        4.32066e-06             1966.1                  0           0.973564             12.716        4.17134e+07        9.37928e-05        1.27751e-05        0.000443543          0.0455976         0.00234251           0.098066        2.92901e-06        5.49645e-13        4.05042e-14        5.85788e-12        1.54019e-11         0.00312037            0.11756        4.00401e-10        1.24455e-11        3.23451e-14            0.73276
71         0.00179588        2.51172e-05        4.31555e-06             101325           0.171816        4.31555e-06            1968.84                  0           0.975443            10.5998        3.60447e+07        8.79143e-05         1.1541e-05        0.000414315           0.045495         0.00227203          0.0981669        2.78696e-06        3.68992e-13        2.70919e-14        4.02917e-12        1.04292e-11         0.00293004           0.117859        3.39114e-10        8.68051e-12        2.15611e-14            0.73276
72           0.001821        2.51172e-05        4.31075e-06             101325           0.171625        4.31075e-06            1971.44                  0           0.977222            8.84575        3.10952e+07        8.23697e-05        1.04218e-05         0.00038691          0.0453996         0.00220294           0.098263        2.65246e-06        2.49548e-13        1.82581e-14        2.79473e-12        7.12671e-12         0.00275031           0.118141        2.87048e-10         6.1569e-12        1.44823e-14            0.73276
73         0.00184612        2.51172e-05        4.30623e-06             101325           0.171445        4.30623e-06            1973.88                  0           0.978906            7.39932        2.67886e+07        7.71519e-05        9.40884e-06        0.000361269           0.045311         0.00213541          0.0983545        2.52555e-06        1.70053e-13        1.24005e-14        1.95504e-12        4.91508e-12         0.00258089           0.118408        2.42899e-10        4.44488e-12        9.80413e-15            0.73276
74         0.00187123        2.51172e-05          4.302e-06             101325           0.171277          4.302e-06            1976.18                  0           0.980496            6.21292        2.30543e+07        7.22527e-05        8.49399e-06        0.000337327          0.0452289         0.00206959          0.0984413        2.40625e-06        1.16787e-13        8.48942e-15        1.37943e-12        3.42149e-12         0.00242147           0.118658        2.05528e-10        3.26821e-12        6.69074e-15            0.73276
75         0.00189635        2.51172e-05        4.29803e-06             101325           0.171119        4.29803e-06            1978.34                  0           0.981995            5.24521        1.98274e+07        6.76632e-05        7.66937e-06        0.000315017           0.045153         0.00200559          0.0985236         2.2945e-06        8.08469e-14         5.8594e-15        9.81768e-13        2.40423e-12         0.00227174           0.118893        1.73948e-10        2.44809e-12        4.60386e-15            0.73276
76         0.00192147        2.51172e-05        4.29432e-06             101325           0.170971        4.29432e-06            1980.36                  0           0.983405            4.46036        1.70488e+07        6.33732e-05        6.92752e-06        0.000294272           0.045083         0.00194356          0.0986014        2.19023e-06        5.64259e-14          4.078e-15        7.04873e-13        1.70549e-12         0.00213135           0.119114        1.47303e-10        1.86793e-12        3.19477e-15            0.73276
77         0.00194659        2.51172e-05        4.29085e-06             101325           0.170833        4.29085e-06            1982.25                  0           0.984729            3.82735        1.46641e+07        5.93723e-05        6.26136e-06        0.000275022          0.0450185          0.0018836          0.0986748         2.0933e-06        3.97117e-14        2.86247e-15        5.10544e-13         1.2214e-12         0.00199998            0.11932        1.24853e-10         1.4511e-12         2.2362e-15            0.73276
78          0.0019717        2.51172e-05        4.28762e-06             101325           0.170704        4.28762e-06            1984.02                  0           0.985971            3.31946        1.26241e+07        5.56491e-05        5.66423e-06        0.000257197          0.0449593         0.00182581           0.098744        2.00353e-06         2.8188e-14         2.0268e-15        3.73079e-13        8.83144e-13         0.00187728           0.119513         1.0596e-10         1.1468e-12        1.57912e-15            0.73276
79         0.00199682        2.51172e-05        4.28461e-06             101325           0.170584        4.28461e-06            1985.67                  0           0.987133            2.91378        1.08842e+07        5.21919e-05        5.12988e-06        0.000240724           0.044905         0.00177028          0.0988091        1.92073e-06        2.01835e-14         1.4479e-15        2.75066e-13        6.44752e-13         0.00176288           0.119693        9.00766e-11        9.21045e-13        1.12522e-15            0.73276
80         0.00202194        2.51172e-05        4.28181e-06             101325           0.170473        4.28181e-06             1987.2                  0           0.988217            2.59073        9.40407e+06        4.89887e-05        4.65245e-06        0.000225532          0.0448554         0.00171707          0.0988702        1.84465e-06        1.45813e-14        1.04376e-15        2.04628e-13        4.75296e-13         0.00165643            0.11986        7.67333e-11        7.50864e-13        8.09197e-16            0.73276
81         0.00204705        2.51172e-05        4.27922e-06             101325            0.17037        4.27922e-06            1988.63                  0           0.989229            2.33372        8.14755e+06         4.6027e-05        4.22652e-06         0.00021155          0.0448101         0.00166625          0.0989273          1.775e-06        1.06303e-14        7.59415e-16        1.53607e-13        3.53811e-13         0.00155757           0.120015          6.553e-11        6.20583e-13        5.87423e-16            0.73276
82         0.00207217        2.51172e-05        4.27682e-06             101325           0.170274        4.27682e-06            1989.95                  0           0.990169            2.12875        7.08246e+06        4.32945e-05        3.84704e-06        0.000198708          0.0447688         0.00161786          0.0989808        1.71149e-06        7.82236e-15        5.57779e-16        1.16361e-13        2.65974e-13         0.00146593           0.120159        5.61263e-11        5.19372e-13         4.3054e-16            0.73276
83         0.00209729        2.51172e-05         4.2746e-06             101325           0.170186         4.2746e-06            1991.17                  0           0.991043            1.96416        6.18028e+06        4.07785e-05        3.50938e-06        0.000186934          0.0447312         0.00157191          0.0990306        1.65379e-06        5.81118e-15        4.13657e-16        8.89595e-14        2.01931e-13         0.00138114           0.120292        4.82332e-11        4.39662e-13        3.18665e-16            0.73276
84         0.00212241        2.51172e-05        4.27256e-06             101325           0.170105        4.27256e-06             1992.3                  0           0.991852            1.83031        5.41593e+06        3.84666e-05        3.20925e-06        0.000176161          0.0446971         0.00152842          0.0990769        1.60155e-06         4.3594e-15        3.09822e-16        6.86449e-14        1.54845e-13         0.00130284           0.120415        4.16067e-11        3.76092e-13        2.38237e-16            0.73276
85         0.00214752        2.51172e-05        4.27067e-06             101325            0.17003        4.27067e-06            1993.34                  0             0.9926            1.71932        4.76753e+06        3.63466e-05        2.94276e-06        0.000166323          0.0446662         0.00148739            0.09912        1.55443e-06        3.30319e-15        2.34414e-16        5.34703e-14        1.19942e-13         0.00123067           0.120528        3.60407e-11        3.24816e-13        1.79947e-16            0.73276
86         0.00217264        2.51172e-05        4.26894e-06             101325           0.169961        4.26894e-06             1994.3                  0           0.993291            1.62487        4.21613e+06        3.44062e-05        2.70636e-06        0.000157353          0.0446383         0.00144878          0.0991599        1.51208e-06         2.5287e-15        1.79211e-16        4.20502e-14        9.38584e-14         0.00116428           0.120633        3.13621e-11        2.83034e-13        1.37356e-16            0.73276
87         0.00219776        2.51172e-05        4.26735e-06             101325           0.169897        4.26735e-06            1995.18                  0           0.993928            1.54198        3.74551e+06        3.26338e-05         2.4968e-06        0.000149191           0.044613         0.00141258          0.0991967        1.47412e-06        1.95631e-15        1.38474e-16        3.33922e-14        7.42101e-14         0.00110331           0.120729        2.74256e-11        2.48681e-13        1.05982e-16            0.73276
88         0.00222288        2.51172e-05        4.26589e-06             101325           0.169839        4.26589e-06            1995.99                  0           0.994513            1.46679        3.34186e+06        3.10177e-05        2.31116e-06        0.000141776          0.0445902         0.00137874          0.0992307        1.44021e-06        1.52992e-15        1.08171e-16        2.67803e-14        5.92923e-14         0.00104743           0.120816        2.41095e-11        2.20212e-13        8.26818e-17            0.73276
89         0.00224799        2.51172e-05        4.26456e-06             101325           0.169786        4.26456e-06            1996.72                  0            0.99505            1.39643        2.99356e+06         2.9547e-05        2.14682e-06         0.00013505          0.0445697         0.00134719          0.0992621        1.41001e-06        1.20975e-15        8.54464e-17        2.16944e-14        4.78775e-14        0.000996306           0.120897        2.13121e-11        1.96454e-13        6.52352e-17            0.73276
90         0.00227311        2.51172e-05        4.26335e-06             101325           0.169738        4.26335e-06             1997.4                  0           0.995542            1.32882        2.69094e+06        2.82109e-05         2.0014e-06         0.00012896          0.0445512         0.00131788          0.0992908        1.38318e-06        9.67418e-16        6.82661e-17        1.77541e-14         3.9075e-14        0.000949622            0.12097        1.89485e-11        1.76505e-13        5.20634e-17            0.73276
91         0.00229823        2.51172e-05        4.26224e-06             101325           0.169694        4.26224e-06            1998.01                  0           0.995992            1.26258        2.42599e+06        2.69995e-05        1.87278e-06        0.000123454          0.0445346         0.00129071          0.0993172        1.35941e-06        7.82489e-16        5.51698e-17         1.4679e-14        3.22341e-14         0.00090707           0.121037        1.69479e-11        1.59666e-13        4.20355e-17            0.73276
92         0.00232334        2.51172e-05        4.26124e-06             101325           0.169654        4.26124e-06            1998.57                  0           0.996402            1.19682         2.1922e+06        2.59028e-05        1.75906e-06        0.000118483          0.0445198         0.00126561          0.0993412        1.33839e-06        6.40188e-16        4.51023e-17        1.22614e-14        2.68755e-14        0.000868355           0.121098        1.52515e-11        1.45383e-13        3.43356e-17            0.73276
93         0.00234846        2.51172e-05        4.26032e-06             101325           0.169618        4.26032e-06            1999.08                  0           0.996776            1.13112        1.98428e+06        2.49119e-05        1.65854e-06        0.000114002          0.0445065         0.00124249          0.0993632        1.31985e-06        5.29745e-16        3.72957e-17         1.0346e-14        2.26438e-14        0.000833196           0.121153        1.38101e-11        1.33217e-13        2.83713e-17            0.73276
94         0.00237358        2.51172e-05         4.2595e-06             101325           0.169585         4.2595e-06            1999.54                  0           0.997115            1.06534        1.79801e+06         2.4018e-05        1.56972e-06         0.00010997          0.0444945         0.00122126          0.0993832        1.30352e-06         4.4326e-16        3.11876e-17         8.8163e-15        1.92739e-14        0.000801323           0.121203        1.25829e-11        1.22815e-13        2.37092e-17            0.73276
95          0.0023987        2.51172e-05        4.25875e-06             101325           0.169555        4.25875e-06            1999.95                  0           0.997423           0.999595        1.63001e+06        2.32129e-05        1.49126e-06        0.000106345          0.0444839          0.0012018          0.0994014        1.28917e-06        3.74901e-16        2.63632e-17        7.58431e-15        1.65663e-14        0.000772482           0.121248         1.1536e-11        1.13892e-13        2.00302e-17            0.73276
96         0.00242381        2.51172e-05        4.25808e-06             101325           0.169528        4.25808e-06            2000.33                  0           0.997702           0.934162        1.47763e+06        2.24891e-05        1.42197e-06        0.000103091          0.0444744         0.00118403          0.0994179        1.27658e-06        3.20338e-16        2.25152e-17         6.5831e-15        1.43706e-14        0.000746431           0.121289         1.0641e-11        1.06214e-13        1.70981e-17            0.73276
97         0.00244893        2.51172e-05        4.25747e-06             101325           0.169504        4.25747e-06            2000.67                  0           0.997954           0.869406        1.33879e+06        2.18394e-05        1.36078e-06        0.000100175          0.0444659         0.00116784          0.0994328        1.26553e-06        2.76335e-16        1.94138e-17         5.7616e-15        1.25721e-14        0.000722942           0.121326        9.87434e-12        9.95887e-14        1.47368e-17            0.73276
98         0.00247405        2.51172e-05        4.25692e-06             101325           0.169482        4.25692e-06            2000.97                  0           0.998182           0.805743        1.21185e+06        2.12571e-05        1.30678e-06        9.75651e-05          0.0444583         0.00115312          0.0994463        1.25586e-06        2.40464e-16         1.6887e-17        5.08064e-15        1.10835e-14        0.000701801           0.121359        9.21639e-12        9.38578e-14        1.28144e-17            0.73276
99         0.00249916        2.51172e-05        4.25643e-06             101325           0.169463        4.25643e-06            2001.25                  0           0.998386           0.743599        1.09552e+06        2.07362e-05        1.25913e-06         9.5232e-05          0.0444516         0.00113978          0.0994584         1.2474e-06         2.1089e-16         1.4805e-17        4.51011e-15        9.83777e-15        0.000682807           0.121389        8.65065e-12        8.88895e-14        1.12314e-17            0.73276
100         0.00252428        2.51172e-05          4.256e-06             101325           0.169445          4.256e-06            2001.49                  0            0.99857           0.683378             988784        2.02708e-05         1.2171e-06        9.31494e-05          0.0444457         0.00112773          0.0994694        1.24001e-06        1.86226e-16        1.30694e-17        4.02677e-15        8.78339e-15        0.000665772           0.121416        8.16338e-12        8.45735e-14        9.91268e-18            0.73276
101          0.0025494        2.51172e-05         4.2556e-06             101325            0.16943         4.2556e-06            2001.71                  0           0.998735           0.625446             890809        1.98557e-05        1.18005e-06        9.12929e-05          0.0444404         0.00111685          0.0994792        1.23355e-06        1.65414e-16        1.16056e-17        3.61266e-15        7.88065e-15         0.00065052            0.12144          7.743e-12        8.08172e-14        8.80118e-18            0.73276
102         0.00257452        2.51172e-05        4.25525e-06             101325           0.169416        4.25525e-06            2001.91                  0           0.998883           0.570113             800921        1.94861e-05        1.14739e-06        8.96402e-05          0.0444357         0.00110706          0.0994879        1.22791e-06        1.47648e-16        1.03566e-17        3.25389e-15        7.09892e-15         0.00063689           0.121461        7.37982e-12        7.75427e-14        7.85337e-18            0.73276
103         0.00259963        2.51172e-05        4.25494e-06             101325           0.169403        4.25494e-06            2002.08                  0           0.999015           0.517628             718542        1.91574e-05        1.11862e-06        8.81711e-05          0.0444315         0.00109828          0.0994958        1.22299e-06        1.32311e-16        9.27879e-18        2.93971e-15        6.41454e-15        0.000624729            0.12148        7.06564e-12        7.46842e-14          7.036e-18            0.73276
104         0.00262475        2.51172e-05        4.25466e-06             101325           0.169392        4.25466e-06            2002.23                  0           0.999133           0.468174             643171        1.88656e-05         1.0933e-06        8.68669e-05          0.0444278         0.00109041          0.0995028        1.21869e-06        1.18931e-16        8.33886e-18        2.66181e-15        5.80926e-15        0.000613899           0.121497        6.79356e-12        7.21857e-14        6.32359e-18            0.73276
105         0.00264987        2.51172e-05        4.25442e-06             101325           0.169382        4.25442e-06            2002.37                  0           0.999238           0.421874             574354         1.8607e-05        1.07102e-06        8.57107e-05          0.0444246         0.00108339           0.099509        1.21495e-06        1.07144e-16        7.51113e-18        2.41377e-15        5.26899e-15         0.00060427           0.121512         6.5577e-12        6.99995e-14        5.69659e-18            0.73276
106         0.00267499        2.51172e-05         4.2542e-06             101325           0.169374         4.2542e-06            2002.49                  0           0.999331           0.378788             511670         1.8378e-05        1.05143e-06        8.46873e-05          0.0444217         0.00107712          0.0995145        1.21169e-06        9.66697e-17        6.77586e-18        2.19061e-15        4.78286e-15        0.000595723           0.121526         6.3531e-12        6.80849e-14        5.13992e-18            0.73276
107          0.0027001        2.51172e-05        4.25401e-06             101325           0.169366        4.25401e-06             2002.6                  0           0.999414           0.338923             454723        1.81758e-05        1.03423e-06        8.37826e-05          0.0444192         0.00107154          0.0995194        1.20885e-06         8.7293e-17        6.11781e-18         1.9885e-15         4.3425e-15         0.00058815           0.121538        6.17549e-12         6.6407e-14        4.64199e-18            0.73276
108         0.00272522        2.51172e-05        4.25384e-06             101325           0.169359        4.25384e-06             2002.7                  0           0.999487           0.302241             403133        1.79973e-05        1.01912e-06         8.2984e-05           0.044417         0.00106659          0.0995238        1.20637e-06        7.88463e-17        5.52519e-18        1.80447e-15        3.94143e-15        0.000581452           0.121548        6.02127e-12        6.49357e-14        4.19379e-18            0.73276
109         0.00275034        2.51172e-05        4.25369e-06             101325           0.169353        4.25369e-06            2002.78                  0           0.999552            0.26866             356529          1.784e-05        1.00588e-06        8.22801e-05           0.044415         0.00106221          0.0995276        1.20422e-06        7.11995e-17        4.98883e-18        1.63623e-15        3.57464e-15        0.000575537           0.121557         5.8873e-12        6.36452e-14        3.78832e-18            0.73276
110         0.00277545        2.51172e-05        4.25355e-06             101325           0.169348        4.25355e-06            2002.86                  0           0.999609           0.238071             314556        1.77017e-05        9.94278e-07        8.16607e-05          0.0444133         0.00105833           0.099531        1.20234e-06        6.42508e-17        4.50154e-18        1.48198e-15        3.23824e-15        0.000570323           0.121566        5.77093e-12        6.25131e-14         3.4201e-18            0.73276
111         0.00280057        2.51172e-05        4.25344e-06             101325           0.169343        4.25344e-06            2002.92                  0            0.99966           0.210335             276864        1.75802e-05        9.84123e-07        8.11163e-05          0.0444118         0.00105491           0.099534        1.20071e-06        5.79195e-17        4.05764e-18         1.3403e-15        2.92917e-15        0.000565733           0.121573        5.66984e-12        6.15199e-14         3.0848e-18            0.73276
112         0.00282569        2.51172e-05        4.25334e-06             101325           0.169339        4.25334e-06            2002.98                  0           0.999704           0.185297             243119        1.74736e-05        9.75245e-07        8.06386e-05          0.0444105         0.00105189          0.0995366         1.1993e-06        5.21414e-17        3.65259e-18        1.21007e-15        2.64496e-15        0.000561701           0.121579        5.58205e-12        6.06486e-14        2.77896e-18            0.73276
113         0.00285081        2.51172e-05        4.25325e-06             101325           0.169336        4.25325e-06            2003.03                  0           0.999743           0.162788             212996        1.73803e-05        9.67492e-07          8.022e-05          0.0444094         0.00104924          0.0995389        1.19806e-06        4.68639e-17        3.28269e-18        1.09035e-15        2.38364e-15        0.000558165           0.121585        5.50584e-12        5.98847e-14        2.49975e-18            0.73276
114         0.00287592        2.51172e-05        4.25317e-06             101325           0.169333        4.25317e-06            2003.07                  0           0.999777           0.142634             186184        1.72987e-05        9.60729e-07        7.98538e-05          0.0444084         0.00104692          0.0995409          1.197e-06        4.20435e-17        2.94488e-18        9.80388e-16        2.14353e-15        0.000555067            0.12159        5.43969e-12         5.9215e-14        2.24483e-18            0.73276
115         0.00290104        2.51172e-05         4.2531e-06             101325            0.16933         4.2531e-06            2003.11                  0           0.999807           0.124654             162388        1.72275e-05        9.54836e-07         7.9534e-05          0.0444075         0.00104488          0.0995427        1.19607e-06        3.76434e-17        2.63655e-18         8.7951e-16         1.9232e-15         0.00055236           0.121594        5.38233e-12        5.86284e-14        2.01223e-18            0.73276
116         0.00292616        2.51172e-05        4.25304e-06             101325           0.169328        4.25304e-06            2003.14                  0           0.999833           0.108672             141327        1.71654e-05        9.49708e-07         7.9255e-05          0.0444067          0.0010431          0.0995442        1.19527e-06        3.36315e-17        2.35546e-18        7.87131e-16        1.72138e-15        0.000549996           0.121598        5.33261e-12        5.81148e-14        1.80022e-18            0.73276
117         0.00295127        2.51172e-05        4.25299e-06             101325           0.169326        4.25299e-06            2003.17                  0           0.999856          0.0945131             122737        1.71114e-05        9.45252e-07         7.9012e-05          0.0444061         0.00104155          0.0995456        1.19457e-06        2.99794e-17         2.0996e-18        7.02715e-16        1.53692e-15        0.000547936           0.121601        5.28956e-12        5.76656e-14        1.60728e-18            0.73276
118         0.00297639        2.51172e-05        4.25295e-06             101325           0.169324        4.25295e-06             2003.2                  0           0.999876          0.0820098             106372        1.70644e-05        9.41384e-07        7.88008e-05          0.0444055          0.0010402          0.0995468        1.19397e-06        2.66612e-17        1.86716e-18        6.25763e-16        1.36874e-15        0.000546145           0.121604         5.2523e-12        5.72731e-14        1.43203e-18            0.73276
119         0.00300151        2.51172e-05        4.25291e-06             101325           0.169322        4.25291e-06            2003.22                  0           0.999893          0.0710023            92002.1        1.70237e-05        9.38031e-07        7.86174e-05           0.044405         0.00103902          0.0995478        1.19345e-06        2.36532e-17        1.65645e-18        5.55802e-16         1.2158e-15        0.000544588           0.121606        5.22009e-12        5.69304e-14        1.27319e-18            0.73276
120         0.00302663        2.51172e-05        4.25287e-06             101325           0.169321        4.25287e-06            2003.24                  0           0.999908          0.0613401            79416.8        1.69884e-05        9.35129e-07        7.84584e-05          0.0444046           0.001038          0.0995487          1.193e-06         2.0933e-17        1.46591e-18        4.92376e-16        1.07713e-15        0.000543238           0.121608        5.19227e-12        5.66315e-14        1.12958e-18            0.73276
121         0.00305174        2.51172e-05        4.25285e-06             101325            0.16932        4.25285e-06            2003.25                  0           0.999921          0.0528824            68420.6        1.69579e-05         9.3262e-07        7.83207e-05          0.0444042         0.00103712          0.0995494        1.19261e-06        1.84794e-17        1.29407e-18        4.35044e-16        9.51769e-16        0.000542069            0.12161        5.16828e-12        5.63712e-14        1.00007e-18            0.73276
122         0.00307686        2.51172e-05        4.25282e-06             101325           0.169319        4.25282e-06            2003.27                  0           0.999933          0.0454986            58835.6        1.69315e-05        9.30454e-07        7.82018e-05          0.0444039         0.00103635          0.0995501        1.19228e-06        1.62724e-17         1.1395e-18        3.83378e-16        8.38781e-16        0.000541059           0.121612         5.1476e-12        5.61448e-14        8.83599e-19            0.73276
123         0.00310198        2.51172e-05         4.2528e-06             101325           0.169318         4.2528e-06            2003.28                  0           0.999942          0.0390688            50499.7        1.69087e-05        9.28587e-07        7.80992e-05          0.0444036         0.00103569          0.0995506        1.19199e-06        1.42929e-17        1.00086e-18        3.36961e-16        7.37262e-16        0.000540187           0.121613         5.1298e-12        5.59481e-14        7.79142e-19            0.73276
124          0.0031271        2.51172e-05        4.25278e-06             101325           0.169317        4.25278e-06            2003.29                  0           0.999951          0.0334836            43266.5        1.68891e-05         9.2698e-07        7.80108e-05          0.0444034         0.00103512          0.0995511        1.19174e-06        1.25225e-17        8.76875e-19        2.95391e-16        6.46333e-16        0.000539436           0.121614        5.11449e-12        5.57775e-14        6.85733e-19            0.73276
125         0.00315221        2.51172e-05        4.25276e-06             101325           0.169317        4.25276e-06             2003.3                  0           0.999958          0.0286436            37003.6        1.68723e-05        9.25598e-07        7.79347e-05          0.0444032         0.00103463          0.0995516        1.19153e-06        1.09438e-17        7.66317e-19        2.58277e-16        5.65146e-16        0.000538789           0.121615        5.10136e-12        5.56297e-14        6.02446e-19            0.73276
126         0.00317733        2.51172e-05        4.25275e-06             101325           0.169316        4.25275e-06            2003.31                  0           0.999964          0.0244587            31592.3        1.68578e-05        9.24412e-07        7.78694e-05           0.044403         0.00103421          0.0995519        1.19135e-06        9.54016e-18        6.68024e-19        2.25247e-16        4.92886e-16        0.000538234           0.121616        5.09009e-12        5.55018e-14        5.28403e-19            0.73276
127         0.00320245        2.51172e-05        4.25274e-06             101325           0.169316        4.25274e-06            2003.31                  0            0.99997          0.0208484            26926.4        1.68454e-05        9.23396e-07        7.78133e-05          0.0444028         0.00103385          0.0995522        1.19119e-06        8.29594e-18        5.80895e-19        1.95941e-16        4.28771e-16        0.000537757           0.121617        5.08044e-12        5.53914e-14        4.62775e-19            0.73276
128         0.00322756        2.51172e-05        4.25273e-06             101325           0.169315        4.25273e-06            2003.32                  0           0.999974          0.0177402            22911.2        1.68348e-05        9.22526e-07        7.77653e-05          0.0444027         0.00103354          0.0995525        1.19106e-06        7.19628e-18         5.0389e-19        1.70021e-16        3.72059e-16        0.000537349           0.121617        5.07218e-12        5.52962e-14        4.04775e-19            0.73276
129         0.00325268        2.51172e-05        4.25272e-06             101325           0.169315        4.25272e-06            2003.32                  0           0.999978          0.0150698            19462.7        1.68257e-05        9.21782e-07        7.77243e-05          0.0444026         0.00103327          0.0995527        1.19095e-06        6.22726e-18        4.36035e-19        1.47166e-16        3.22051e-16           0.000537           0.121618        5.06514e-12        5.52142e-14        3.53669e-19            0.73276
130          0.0032778        2.51172e-05        4.25271e-06             101325           0.169315        4.25271e-06            2003.33                  0           0.999981          0.0127802            16506.6        1.68179e-05        9.21148e-07        7.76893e-05          0.0444025         0.00103304          0.0995529        1.19085e-06        5.37584e-18        3.76415e-19        1.27074e-16        2.78087e-16        0.000536702           0.121618        5.05912e-12        5.51437e-14        3.08769e-19            0.73276
131         0.00330292        2.51172e-05        4.25271e-06             101325           0.169314        4.25271e-06            2003.33                  0           0.999984          0.0108208            13977.2        1.68113e-05        9.20607e-07        7.76594e-05          0.0444024         0.00103285          0.0995531        1.19077e-06        4.62993e-18        3.24185e-19        1.09463e-16        2.39551e-16        0.000536449           0.121619          5.054e-12        5.50833e-14        2.69434e-19            0.73276
132         0.00332803        2.51172e-05         4.2527e-06             101325           0.169314         4.2527e-06            2003.34                  0           0.999987         0.00914724              11817        1.68057e-05        9.20147e-07         7.7634e-05          0.0444023         0.00103269          0.0995532         1.1907e-06        3.97835e-18        2.78559e-19        9.40734e-17        2.05874e-16        0.000536232           0.121619        5.04965e-12        5.50315e-14        2.35075e-19            0.73276
133         0.00335315        2.51172e-05         4.2527e-06             101325           0.169314         4.2527e-06            2003.34                  0           0.999989         0.00772042            9975.26        1.68009e-05        9.19756e-07        7.76124e-05          0.0444023         0.00103255          0.0995533        1.19064e-06        3.41079e-18        2.38817e-19        8.06636e-17        1.76529e-16        0.000536049           0.121619        5.04595e-12        5.49872e-14        2.05147e-19            0.73276
134         0.00337827        2.51172e-05        4.25269e-06             101325           0.169314        4.25269e-06            2003.34                  0           0.999991         0.00650621            8407.92        1.67969e-05        9.19424e-07        7.75941e-05          0.0444022         0.00103243          0.0995535        1.19059e-06         2.9178e-18        2.04297e-19        6.90124e-17        1.51031e-16        0.000535893            0.12162        5.04281e-12        5.49494e-14        1.79153e-19            0.73276
135         0.00340338        2.51172e-05        4.25269e-06             101325           0.169314        4.25269e-06            2003.34                  0           0.999992         0.00547474            7076.38        1.67935e-05        9.19143e-07        7.75785e-05          0.0444022         0.00103233          0.0995535        1.19054e-06        2.49085e-18        1.74402e-19        5.89194e-17        1.28944e-16        0.000535761            0.12162        5.04015e-12        5.49171e-14        1.56641e-19            0.73276
136          0.0034285        2.51172e-05        4.25269e-06             101325           0.169314        4.25269e-06            2003.34                  0           0.999993         0.00460003             5947.1        1.67906e-05        9.18906e-07        7.75654e-05          0.0444022         0.00103224          0.0995536        1.19051e-06         2.1222e-18        1.48589e-19        5.02031e-17        1.09868e-16        0.000535649            0.12162         5.0379e-12        5.48897e-14        1.37204e-19            0.73276
137         0.00345362        2.51172e-05        4.25269e-06             101325           0.169313        4.25269e-06            2003.34                  0           0.999994         0.00385955            4990.98        1.67881e-05        9.18705e-07        7.75543e-05          0.0444021         0.00103217          0.0995537        1.19048e-06        1.80484e-18        1.26367e-19        4.26981e-17        9.34439e-17        0.000535555            0.12162          5.036e-12        5.48664e-14        1.20472e-19            0.73276
138         0.00347874        2.51172e-05        4.25268e-06             101325           0.169313        4.25268e-06            2003.35                  0           0.999995         0.00323382            4182.91         1.6786e-05        9.18536e-07        7.75449e-05          0.0444021         0.00103211          0.0995537        1.19045e-06        1.53242e-18        1.07292e-19        3.62547e-17        7.93425e-17        0.000535475            0.12162         5.0344e-12        5.48467e-14        1.06109e-19            0.73276
139         0.00350385        2.51172e-05        4.25268e-06             101325           0.169313        4.25268e-06            2003.35                  0           0.999996         0.00270604            3501.18        1.67843e-05        9.18393e-07        7.75371e-05          0.0444021         0.00103206          0.0995538        1.19043e-06        1.29927e-18        9.09668e-20        3.07396e-17        6.72725e-17        0.000535408            0.12162        5.03306e-12          5.483e-14         9.3817e-20            0.73276
140         0.00352897        2.51172e-05        4.25268e-06             101325           0.169313        4.25268e-06            2003.35                  0           0.999997         0.00226171            2927.13        1.67828e-05        9.18273e-07        7.75304e-05          0.0444021         0.00103202          0.0995538        1.19041e-06        1.10041e-18        7.70427e-20        2.60351e-17        5.69765e-17        0.000535352           0.121621        5.03193e-12        5.48159e-14        8.33329e-20            0.73276
141         0.00355409        2.51172e-05        4.25268e-06             101325           0.169313        4.25268e-06            2003.35                  0           0.999997         0.00188836            2444.68        1.67816e-05        9.18173e-07        7.75249e-05          0.0444021         0.00103198          0.0995538         1.1904e-06         9.3137e-19        6.52069e-20        2.20359e-17        4.82239e-17        0.000535305           0.121621        5.03098e-12        5.48041e-14        7.44214e-20            0.73276
142         0.00357921        2.51172e-05        4.25268e-06             101325           0.169313        4.25268e-06            2003.35                  0           0.999998         0.00157537            2040.12        1.67806e-05        9.18089e-07        7.75202e-05           0.044402         0.00103195          0.0995539        1.19038e-06        7.88285e-19        5.51881e-20        1.86503e-17        4.08143e-17        0.000535265           0.121621        5.03019e-12        5.47941e-14         6.6878e-20            0.73276
143         0.00360432        2.51172e-05        4.25268e-06             101325           0.169313        4.25268e-06            2003.35                  0           0.999998         0.00131366            1701.76        1.67797e-05        9.18019e-07        7.75164e-05           0.044402         0.00103192          0.0995539        1.19037e-06        6.67844e-19         4.6755e-20        1.58004e-17        3.45771e-17        0.000535232           0.121621        5.02952e-12        5.47858e-14        6.05285e-20            0.73276
144         0.00362944        2.51172e-05        4.25268e-06             101325           0.169313        4.25268e-06            2003.35                  0           0.999998         0.00109551            1419.65         1.6779e-05        9.17961e-07        7.75131e-05           0.044402          0.0010319          0.0995539        1.19036e-06        5.67048e-19        3.96973e-20        1.34152e-17        2.93568e-17        0.000535205           0.121621        5.02897e-12        5.47789e-14        5.52147e-20            0.73276
145         0.00365456        2.51172e-05        4.25268e-06             101325           0.169313        4.25268e-06            2003.35                  0           0.999999        0.000914419            1185.39        1.67784e-05        9.17913e-07        7.75105e-05           0.044402         0.00103189          0.0995539        1.19036e-06        4.83571e-19        3.38522e-20        1.14398e-17        2.50333e-17        0.000535182           0.121621        5.02852e-12        5.47731e-14        5.08139e-20            0.73276
146         0.00367967        2.51172e-05        4.25268e-06             101325           0.169313        4.25268e-06            2003.35                  0           0.999999        0.000764921            991.945        1.67779e-05        9.17873e-07        7.75083e-05           0.044402         0.00103187          0.0995539        1.19035e-06        4.13912e-19        2.89748e-20        9.79126e-18        2.14254e-17        0.000535163           0.121621        5.02815e-12        5.47684e-14        4.71416e-20            0.73276
147         0.00370479        2.51172e-05        4.25268e-06             101325           0.169313        4.25268e-06            2003.35                  0           0.999999        0.000642492            833.488        1.67776e-05        9.17841e-07        7.75065e-05           0.044402         0.00103186          0.0995539        1.19035e-06         3.5723e-19         2.5006e-20        8.44982e-18        1.84895e-17        0.000535148           0.121621        5.02784e-12        5.47646e-14        4.41535e-20            0.73276
148         0.00372991        2.51172e-05        4.25268e-06             101325           0.169313        4.25268e-06            2003.35                  0           0.999999        0.000543384            705.181        1.67772e-05        9.17815e-07        7.75051e-05           0.044402         0.00103185          0.0995539        1.19034e-06        3.11422e-19        2.17985e-20        7.36571e-18        1.61167e-17        0.000535136           0.121621         5.0276e-12        5.47615e-14        4.17386e-20            0.73276
149         0.00375503        2.51172e-05        4.25268e-06             101325           0.169313        4.25268e-06            2003.35                  0           0.999999        0.000464632            603.205         1.6777e-05        9.17795e-07         7.7504e-05           0.044402         0.00103184           0.099554        1.19034e-06        2.75307e-19        1.92698e-20        6.51097e-18         1.4246e-17        0.000535127           0.121621        5.02741e-12        5.47591e-14        3.98348e-20            0.73276
150         0.00378014        2.51172e-05        4.25268e-06             101325           0.169313        4.25268e-06            2003.35                  0           0.999999        0.000403919            524.573        1.67768e-05        9.17781e-07        7.75032e-05           0.044402         0.00103184           0.099554        1.19034e-06        2.48326e-19        1.73806e-20         5.8724e-18        1.28484e-17         0.00053512           0.121621        5.02727e-12        5.47573e-14        3.84124e-20            0.73276
151         0.00380526        2.51172e-05        4.25268e-06             101325           0.169313        4.25268e-06            2003.35                  0           0.999999        0.000359554            467.104        1.67767e-05         9.1777e-07        7.75026e-05           0.044402         0.00103184           0.099554        1.19033e-06        2.29844e-19        1.60865e-20        5.43497e-18        1.18911e-17        0.000535115           0.121621        5.02717e-12         5.4756e-14        3.74381e-20            0.73276
152         0.00383038        2.51172e-05        4.25268e-06             101325           0.169313        4.25268e-06            2003.35                  0                  1        0.000330425            429.366        1.67766e-05        9.17765e-07        7.75023e-05           0.044402         0.00103183           0.099554        1.19033e-06         2.1952e-19        1.53636e-20        5.19062e-18        1.13563e-17        0.000535113           0.121621        5.02712e-12        5.47554e-14        3.68939e-20            0.73276
