# Time 0.00034
# eta = 0.002
# length = 0.000713138
#--- 	  	 LEM Line data  --- 
#(1) wafer              (2) x             (3) dx              (4) m              (5) p            (6) rho              (7) m              (8) T              (9) Z             (10) C          (11) dCdt       (12) heatRel                  (13) Y_H2                  (14) Y_H                  (15) Y_O                  (16) Y_O2                  (17) Y_OH                  (18) Y_H2O                  (19) Y_HO2                  (20) Y_CH2                  (21) Y_CH2(S)                  (22) Y_CH3                  (23) Y_CH4                  (24) Y_CO                  (25) Y_CO2                  (26) Y_HCO                  (27) Y_CH2O                  (28) Y_CH2OH                  (29) Y_N2
0        1.25587e-05        2.51174e-05        2.84198e-05             101325            1.13148        2.84198e-05            300.045                  0                  0                  0        5.02838e-12        1.21554e-09        5.07938e-18        4.04094e-12           0.222594        1.28948e-12        2.12998e-06         2.7112e-09        1.24149e-18        6.41366e-20        1.79283e-08          0.0446411        3.51451e-08        2.54267e-06        8.12983e-19        5.65049e-09        1.38808e-22            0.73276
1        3.76761e-05        2.51174e-05        2.84167e-05             101325            1.13136        2.84167e-05            300.079                  0        2.20649e-05        1.00004e-07           0.141874        2.18212e-09        1.18799e-17        5.54008e-12           0.222592        1.90347e-12         3.6893e-06        4.56579e-09        3.15341e-18        1.63023e-19        3.12365e-08          0.0446404         6.3125e-08        4.40103e-06        2.07188e-18        1.00939e-08        3.53142e-22            0.73276
2        6.27935e-05        2.51174e-05        2.84098e-05             101325            1.13108        2.84098e-05            300.151                  0        3.72238e-05        1.43583e-07           0.262346        4.41273e-09        3.19016e-17        7.59537e-12           0.222586        2.95285e-12        7.12129e-06         8.4969e-09        9.60311e-18        4.96418e-19        6.07514e-08          0.0446388        1.27823e-07        8.48696e-06        6.33766e-18        2.02692e-08        1.07755e-21            0.73276
3        8.79109e-05        2.51174e-05        2.83958e-05             101325            1.13052        2.83958e-05            300.299                  0        7.20524e-05        2.24715e-07           0.633864        9.17676e-09        8.53643e-17        1.01981e-11           0.222573        4.65531e-12        1.41001e-05        1.62068e-08        3.00748e-17        1.55568e-18         1.2122e-07          0.0446356         2.6646e-07        1.67859e-05        1.99488e-17        4.17994e-08        3.38943e-21            0.73276
4        0.000113028        2.51174e-05         2.8369e-05             101325            1.12946         2.8369e-05            300.583                  0        0.000142655         3.5903e-07            1.79477         1.8896e-08        2.12437e-16        1.28978e-11           0.222549        7.23002e-12        2.75461e-05        3.04767e-08        9.11764e-17        4.72317e-18        2.38715e-07          0.0446295        5.50699e-07        3.27522e-05        6.08595e-17        8.52007e-08        1.03608e-20            0.73276
5        0.000138146        2.51174e-05        2.83194e-05             101325            1.12748        2.83194e-05            301.109                  0        0.000278428        5.71166e-07            5.48432        3.81531e-08        4.75443e-16        1.49179e-11           0.222505        1.09587e-11        5.24965e-05        5.58294e-08        2.63161e-16        1.36679e-17        4.58809e-07          0.0446181        1.11778e-06        6.23255e-05        1.77155e-16        1.69918e-07        3.03481e-20            0.73276
6        0.000163263        2.51174e-05        2.82312e-05             101325            1.12397        2.82312e-05             302.05                  0        0.000529936        9.03991e-07            17.0901        7.53559e-08        9.38109e-16        1.53656e-11           0.222426        1.62778e-11        9.72377e-05        9.92516e-08        7.24424e-16        3.77959e-17        8.57644e-07          0.0445977        2.22351e-06        0.000115236        4.93588e-16         3.3061e-07        8.57149e-20            0.73276
7         0.00018838        2.51174e-05        2.80802e-05             101325            1.11796        2.80802e-05            303.674                  0        0.000980113        1.44563e-06            52.5046        1.45484e-07        1.62144e-15        1.37165e-11            0.22229        2.40637e-11        0.000174747        1.71007e-07        1.92836e-15        1.01364e-16        1.55668e-06          0.0445623        4.33294e-06        0.000206636        1.33736e-15         6.2685e-07         2.3828e-19            0.73276
8        0.000213498        2.51174e-05        2.78322e-05             101325            1.10809        2.78322e-05            306.378                  0         0.00175838        2.40266e-06            155.966        2.74412e-07         2.5224e-15        1.03119e-11           0.222061        3.62671e-11        0.000304265        2.85445e-07        5.06971e-15        2.69765e-16         2.7401e-06           0.044503        8.26987e-06        0.000358809         3.6088e-15        1.15714e-06        6.72753e-19            0.73276
9        0.000238615        2.51174e-05        2.74442e-05             101325            1.09264        2.74442e-05            310.708                  0         0.00305574        4.29411e-06            442.417        5.05323e-07        3.95165e-15        6.36225e-12           0.221694        5.73372e-11        0.000512577        4.61747e-07        1.34808e-14        7.30946e-16        4.67143e-06          0.0444075        1.54517e-05        0.000602407        9.96479e-15        2.07737e-06        2.00102e-18            0.73276
10        0.000263733        2.51174e-05        2.68688e-05             101325            1.06973        2.68688e-05            317.358                  0         0.00513645        8.50681e-06            1187.52        9.07462e-07        7.63709e-15        3.16544e-12           0.221128         9.6808e-11        0.000834284        7.24743e-07        3.66842e-14        2.04471e-15        7.70327e-06          0.0442599        2.82342e-05        0.000976322        2.85766e-14        3.62225e-06         6.4308e-18            0.73276
11         0.00028885        2.51174e-05        2.60655e-05             101325            1.03775        2.60655e-05            327.133                  0         0.00833877        1.88444e-05             2995.8        1.58672e-06        1.98389e-14        1.26877e-12           0.220292        1.74668e-10          0.0013103        1.10633e-06        1.01791e-13        5.88871e-15        1.22717e-05          0.0440409        5.03695e-05         0.00152522        8.50285e-14        6.12516e-06        2.24671e-17            0.73276
12        0.000313967        2.51174e-05        2.50154e-05             101325            0.99594        2.50154e-05            340.855                  0          0.0130569        4.59358e-05            7077.12        2.69629e-06        6.12414e-14        4.21427e-13           0.219111        3.32772e-10         0.00198413        1.64839e-06        2.84012e-13        1.72197e-14        1.88692e-05          0.0437301        8.75334e-05         0.00229433        2.59182e-13        1.00293e-05        8.43594e-17            0.73276
13        0.000339085        2.51174e-05        2.37335e-05             101325           0.944904        2.37335e-05            359.249                  0          0.0196998         0.00011961              15660        4.44401e-06        1.99882e-13        1.37834e-13           0.217515        6.58834e-10         0.00289665        2.40791e-06        7.85079e-13        5.02841e-14        2.79973e-05           0.043308        0.000147803         0.00332239        7.96954e-13        1.58819e-05        3.32883e-16            0.73276
14        0.000364202        2.51174e-05        2.22704e-05             101325           0.886652        2.22704e-05            382.824                  0          0.0286344        0.000322894            32601.9        7.09289e-06        6.54306e-13        1.15786e-13           0.215449         1.3327e-09         0.00408092        3.46422e-06        2.12185e-12        1.44217e-13        4.01113e-05          0.0427582        0.000241917           0.004635        2.43368e-12        2.43077e-05        1.34047e-15            0.73276
15         0.00038932        2.51174e-05        2.07005e-05             101325           0.824151        2.07005e-05            411.813                  0          0.0401301        0.000880876            64370.7        1.09527e-05        2.09159e-12        3.62512e-13            0.21288        2.70358e-09         0.00555912        4.92704e-06        5.53768e-12        3.99462e-13        5.55762e-05          0.0420691        0.000383168         0.00624105        7.26466e-12        3.59649e-05        5.33685e-15            0.73276
16        0.000414437        2.51174e-05        1.91033e-05             101325           0.760562        1.91033e-05            446.178                  0           0.054328         0.00237357             121780        1.63638e-05        6.43202e-12        1.50264e-12           0.209794        5.39595e-09         0.00734257        6.94369e-06        1.37951e-11         1.0519e-12        7.46473e-05           0.041234        0.000586918         0.00813332        2.08924e-11        5.14962e-05        2.04494e-14            0.73276
17        0.000439554        2.51174e-05        1.75463e-05             101325           0.698572        1.75463e-05            485.673                  0          0.0712437         0.00618659             223092        2.36781e-05        1.89987e-11        6.43633e-12           0.206191        1.04218e-08         0.00943415        9.70487e-06         3.2536e-11        2.60319e-12        9.74803e-05          0.0402498        0.000869844          0.0102925        5.73231e-11        7.14852e-05        7.42585e-14            0.73276
18        0.000464672        2.51174e-05        1.60766e-05             101325           0.640057        1.60766e-05            529.933                  0          0.0907981           0.015331             399293        3.32406e-05        5.46043e-11        2.76488e-11           0.202083        1.92775e-08          0.0118319         1.3449e-05        7.25376e-11        6.03024e-12        0.000124161          0.0391158         0.00124913          0.0126927        1.49719e-10         9.6426e-05        2.55576e-13            0.73276
19        0.000489789        2.51174e-05        1.47204e-05             101325           0.586065        1.47204e-05            578.555                  0           0.112861          0.0357289             702706        4.53757e-05         1.5589e-10        1.17614e-10           0.197482        3.40922e-08          0.0145325        1.84651e-05        1.54158e-10        1.31579e-11        0.000154745          0.0378321         0.00174173          0.0153064        3.74732e-10        0.000126706        8.46537e-13            0.73276
20        0.000514906        2.51174e-05        1.34877e-05             101325           0.536986        1.34877e-05            631.163                  0            0.13729          0.0781377        1.22216e+06        6.03788e-05        4.49113e-10        4.89527e-10           0.192399        5.81883e-08          0.0175334        2.50943e-05        3.19204e-10        2.75715e-11        0.000189296          0.0363983         0.00236385          0.0181082        9.12214e-10        0.000162595        2.76381e-12            0.73276
21        0.000540024        2.51174e-05        1.23772e-05             101325           0.492773        1.23772e-05            687.434                  0           0.163961           0.161843        2.11583e+06        7.85107e-05        1.30735e-09        1.96772e-09            0.18684        9.81958e-08          0.0208341         3.3725e-05        6.68571e-10        5.74369e-11        0.000227923          0.0348135         0.00313049           0.021077        2.20357e-09        0.000204242        9.07104e-12            0.73276
22        0.000565141        2.51174e-05        1.13813e-05             101325           0.453126        1.13813e-05            747.115                  0           0.192777           0.325399        3.69607e+06        9.99957e-05        3.80058e-09        7.54098e-09           0.180809        1.70948e-07          0.0244367        4.47793e-05        1.48329e-09        1.24529e-10        0.000270815          0.0330756         0.00405517          0.0241963        5.38624e-09         0.00025167        3.00446e-11            0.73276
23        0.000590259        2.51174e-05        1.04898e-05             101325            0.41763        1.04898e-05            810.018                  0           0.223678           0.663595        6.66065e+06         0.00012502        1.08618e-08        2.72614e-08           0.174302        3.23723e-07           0.028345        5.86753e-05        3.59413e-09        2.91656e-10        0.000318281          0.0311818         0.00514967          0.0274547        1.34711e-08        0.000304779         9.9207e-11            0.73276
24        0.000615376        2.51174e-05        9.69128e-06             101325           0.385839        9.69128e-06            876.013                  0           0.256637            1.45061        1.27067e+07         0.00015373        3.01473e-08        9.23402e-08           0.167315        6.89026e-07          0.0325637        7.57493e-05        9.43189e-09        7.39939e-10        0.000370809           0.029129         0.00642362          0.0308442        3.43862e-08        0.000363337         3.2055e-10            0.73276
25        0.000640493        2.51174e-05        8.97504e-06             101325           0.357324        8.97504e-06            945.003                  0           0.291645            3.51576        2.60785e+07        0.000186228        8.07648e-08        2.92379e-07           0.159845        1.62243e-06          0.0370965        9.61052e-05        2.57841e-08        1.96965e-09        0.000429113          0.0269144         0.00788401          0.0343601        8.83006e-08        0.000426971        9.97102e-10            0.73276
26        0.000665611        2.51174e-05        8.33131e-06             101325           0.331695        8.33131e-06            1016.91                  0           0.328703            9.28298        5.72474e+07        0.000222558        2.08558e-07         8.6658e-07           0.151892        4.02567e-06           0.041943        0.000119343        7.04345e-08        5.27916e-09        0.000494075          0.0245371          0.0095341          0.0379978        2.23723e-07        0.000495095        2.95259e-09            0.73276
27        0.000690728        2.51174e-05        7.75166e-06             101325           0.308617        7.75166e-06            1091.61                  0           0.367789            25.3658        1.31087e+08        0.000262688        5.19393e-07        2.41329e-06           0.143465        1.00523e-05          0.0470967        0.000144134        1.86733e-07        1.38067e-08        0.000566354          0.0219989          0.0113726          0.0417531        5.49381e-07        0.000566785        8.26581e-09           0.732759
28        0.000715846        2.51174e-05        7.22909e-06             101325           0.287812        7.22909e-06            1168.94                  0           0.408855            68.3554        3.03554e+08        0.000306488        1.24688e-06        6.34313e-06           0.134579        2.45345e-05          0.0525447        0.000167691        4.72195e-07        3.45601e-08        0.000645172          0.0193054          0.0133935          0.0456244         1.2896e-06        0.000640478        2.17787e-08           0.732759
29        0.000740963        2.51174e-05        6.75816e-06             101325           0.269063        6.75816e-06            1248.54                  0           0.451832            175.986        6.91589e+08        0.000353582        2.87433e-06         1.5785e-05           0.125258        5.75603e-05          0.0582595        0.000185455        1.12505e-06        8.16982e-08        0.000725512          0.0164713          0.0155824          0.0496118        2.85946e-06        0.000713184        5.37214e-08           0.732758
30         0.00076608        2.51174e-05        6.33539e-06             101325           0.252231        6.33539e-06            1329.68                  0           0.496583            423.723        1.51346e+09        0.000402957         6.3096e-06        3.71997e-05           0.115562        0.000128302          0.0641788        0.000191909        2.48941e-06        1.79691e-07        0.000793491          0.0135335          0.0179057          0.0537144        5.90283e-06        0.000778798        1.22773e-07           0.732758
31        0.000791198        2.51174e-05        5.95997e-06             101325           0.237285        5.95997e-06            1410.96                  0           0.542774             935.09        3.10258e+09        0.000452131        1.30123e-05        8.27507e-05           0.105622        0.000268537          0.0701719        0.000183176        4.99168e-06        3.58885e-07        0.000822467           0.010572          0.0202868          0.0579268        1.10923e-05        0.000825059        2.54294e-07           0.732757
32        0.000816315        2.51174e-05        5.63468e-06             101325           0.224334        5.63468e-06             1489.7                  0            0.58968            1844.64        5.77494e+09        0.000495775        2.47198e-05        0.000172443          0.0957099        0.000520041          0.0759946        0.000159735        8.68101e-06        6.23654e-07        0.000778729         0.00773343          0.0225638           0.062233         1.8307e-05        0.000830163        4.57377e-07           0.732756
33        0.000841433        2.51174e-05        5.36555e-06             101325           0.213619        5.36555e-06            1561.73                  0           0.635921            3148.88        9.36021e+09        0.000524891        4.22117e-05        0.000332164          0.0863021         0.00091545          0.0812733        0.000126713         1.2264e-05        8.85163e-07        0.000648053         0.00522818          0.0244489          0.0665972        2.52714e-05        0.000766971        6.69023e-07           0.732756
34         0.00086655        2.51174e-05        5.15797e-06             101325           0.205355        5.15797e-06            1622.35                  0           0.679375            4497.69        1.25679e+10        0.000530281        6.35135e-05        0.000579389          0.0780055         0.00144203          0.0856028        9.20262e-05        1.33226e-05        9.72877e-07        0.000465764         0.00325786          0.0255834          0.0709515        2.79645e-05        0.000628136        7.53342e-07           0.732756
35        0.000891667        2.51174e-05        5.00951e-06             101325           0.199444        5.00951e-06            1669.09                  0           0.717761            5292.51        1.35158e+10        0.000511657        8.42873e-05        0.000895401          0.0712789         0.00202331           0.088762        6.27266e-05        1.12859e-05        8.37967e-07        0.000295132         0.00189525          0.0257564          0.0751899        2.48047e-05         0.00045157        6.61407e-07           0.732756
36        0.000916785        2.51174e-05        4.90808e-06             101325           0.195405        4.90808e-06             1703.2                  0           0.749812            5232.88        1.18447e+10        0.000480058        0.000101037         0.00122139          0.0661958         0.00256093          0.0908323        4.18326e-05         7.9988e-06        6.04478e-07        0.000172154         0.00105217          0.0250733          0.0791921        1.84903e-05        0.000292003        4.84284e-07           0.732757
37        0.000941902        2.51174e-05        4.83835e-06             101325            0.19263        4.83835e-06             1728.1                  0           0.775789            4568.01        8.97033e+09        0.000447849        0.000112719         0.00149977          0.0625033         0.00299562          0.0920864        2.85491e-05        5.10596e-06        3.92032e-07        9.60908e-05        0.000568785          0.0238402          0.0828679        1.23073e-05        0.000176303        3.17662e-07           0.732758
38        0.000967019        2.51174e-05        4.78801e-06             101325           0.190625        4.78801e-06             1747.1                  0           0.796809            3720.85        6.26551e+09        0.000421313        0.000119848         0.00170479          0.0598389          0.0033184          0.0928136        2.06174e-05        3.08534e-06        2.40047e-07        5.25386e-05        0.000303448           0.022356          0.0861779        7.67053e-06        0.000102413         1.9619e-07           0.732758
39        0.000992137        2.51174e-05        4.74912e-06             101325           0.189077        4.74912e-06             1762.5                  0           0.814073            2949.36        4.26557e+09        0.000401343        0.000123369         0.00183795           0.057882         0.00354661          0.0932333        1.59891e-05        1.81334e-06        1.42619e-07         2.8488e-05         0.00016103          0.0208214           0.089124        4.60883e-06         5.8296e-05        1.17344e-07           0.732759
40         0.00101725        2.51174e-05        4.71711e-06             101325           0.187802        4.71711e-06            1775.68                  0           0.828542            2333.12         2.9522e+09         0.00038651        0.000124173         0.00191246          0.0563991         0.00370301           0.093487        1.32723e-05        1.05147e-06        8.34297e-08        1.54205e-05        8.53857e-05          0.0193455          0.0917318        2.71468e-06        3.28576e-05        6.90108e-08           0.732759
41         0.00104237        2.51174e-05        4.68942e-06             101325             0.1867        4.68942e-06            1787.42                  0            0.84091            1864.64        2.13497e+09        0.000374991         0.00012298          0.0019431          0.0552341         0.00380711          0.0936582        1.16289e-05        6.06201e-07        4.84432e-08         8.3642e-06        4.53642e-05          0.0179774          0.0940362        1.58317e-06        1.84483e-05        4.02448e-08            0.73276
42         0.00106749        2.51174e-05        4.66467e-06             101325           0.185715        4.66467e-06            1798.17                  0           0.851662            1511.75        1.63206e+09        0.000365294        0.000120341         0.00194237          0.0542865         0.00387339          0.0937937        1.05818e-05        3.49027e-07        2.80495e-08        4.55657e-06        2.41908e-05           0.016733          0.0960745         9.2013e-07        1.03553e-05        2.33854e-08            0.73276
43         0.00109261        2.51174e-05        4.64206e-06             101325           0.184815        4.64206e-06            1808.18                  0           0.861141               1243        1.31562e+09        0.000356401        0.000116674         0.00191975          0.0534923         0.00391204          0.0939178        9.86626e-06        2.01208e-07        1.62401e-08        2.49678e-06        1.29631e-05          0.0156109          0.0978822        5.35589e-07        5.82388e-06        1.35792e-08            0.73276
44         0.00111772        2.51174e-05        4.62113e-06             101325           0.183981        4.62113e-06            1817.58                  0           0.869592            1034.32        1.10656e+09         0.00034769        0.000112294         0.00188204          0.0528101         0.00393008          0.0940427        9.33698e-06        1.16318e-07        9.41768e-09        1.37744e-06         6.9864e-06          0.0146017           0.099492        3.13637e-07        3.28639e-06        7.89334e-09            0.73276
45         0.00114284        2.51174e-05        4.60159e-06             101325           0.183203        4.60159e-06            1826.47                  0           0.877202            868.834        9.59042e+08        0.000338825        0.000107439         0.00183405          0.0522124         0.00393235          0.0941737        8.91442e-06        6.74924e-08         5.4756e-09        7.65581e-07        3.78922e-06          0.0136932           0.100932        1.85655e-07        1.86238e-06        4.59798e-09            0.73276
46         0.00116796        2.51174e-05        4.58325e-06             101325           0.182473        4.58325e-06            1834.92                  0           0.884112            735.059         8.4741e+08        0.000329652         0.00010229         0.00177915          0.0516806         0.00392226          0.0943123        8.55478e-06        3.93274e-08        3.19385e-09         4.2886e-07        2.06918e-06          0.0128729           0.102228        1.11703e-07        1.06048e-06        2.68583e-09            0.73276
47         0.00119308        2.51174e-05        4.56596e-06             101325           0.181785        4.56596e-06            1842.97                  0           0.890434            625.193        7.57547e+08        0.000320129        9.69832e-05         0.00171972          0.0512018         0.00390226          0.0944584        8.23373e-06        2.30188e-08        1.86961e-09        2.42184e-07        1.13803e-06          0.0121289           0.103401        6.87556e-08        6.06973e-07        1.57385e-09            0.73276
48         0.00121819        2.51174e-05        4.54961e-06             101325           0.181134        4.54961e-06            1850.66                  0           0.896259            533.844        6.81708e+08        0.000310278        9.16241e-05         0.00165746          0.0507662         0.00387414           0.094611        7.93752e-06        1.35352e-08        1.09856e-09        1.37888e-07        6.30552e-07          0.0114504            0.10447        4.36058e-08        3.49263e-07         9.2538e-10            0.73276
49         0.00124331        2.51174e-05        4.53412e-06             101325           0.180517        4.53412e-06            1858.01                  0           0.901659            457.174        6.15599e+08        0.000300152        8.62911e-05         0.00159358          0.0503669         0.00383926          0.0947687        7.65825e-06        7.99557e-09        6.48006e-10        7.91514e-08        3.52034e-07          0.0108283           0.105448        2.86955e-08        2.02064e-07        5.46013e-10            0.73276
50         0.00126843        2.51174e-05        4.51942e-06             101325           0.179932        4.51942e-06            1865.04                  0           0.906694            392.372        5.56781e+08        0.000289817        8.10433e-05         0.00152898          0.0499984         0.00379866          0.0949301        7.39124e-06        4.74478e-09        3.83741e-10        4.58044e-08        1.98061e-07          0.0102545            0.10635        1.97004e-08        1.17542e-07        3.23327e-10            0.73276
51         0.00129355        2.51174e-05        4.50543e-06             101325           0.179375        4.50543e-06            1871.79                  0           0.911414            337.309        5.03808e+08        0.000279341        7.59249e-05         0.00146433          0.0496562          0.0037532           0.095094        7.13364e-06        2.82838e-09        2.28144e-10        2.67188e-08        1.12303e-07         0.00972239           0.107187        1.41443e-08        6.87471e-08        1.92155e-10            0.73276
52         0.00131866        2.51174e-05        4.49211e-06             101325           0.178845        4.49211e-06            1878.27                  0           0.915859             290.33        4.55766e+08         0.00026879         7.0968e-05         0.00140013           0.049337         0.00370354          0.0952592        6.88367e-06        1.69349e-09        1.36174e-10        1.57078e-08        6.41763e-08         0.00922624           0.107967        1.06055e-08        4.04261e-08        1.14616e-10            0.73276
53         0.00134378        2.51174e-05        4.47942e-06             101325           0.178339        4.47942e-06            1884.49                  0           0.920063            250.118        4.12033e+08        0.000258226        6.61954e-05         0.00133675          0.0490381         0.00365027          0.0954248         6.6402e-06        1.01841e-09        8.16023e-11         9.3051e-09        3.69615e-08         0.00876134           0.108697        8.26524e-09           2.39e-08        6.86171e-11            0.73276
54          0.0013689        2.51174e-05         4.4673e-06             101325           0.177857         4.4673e-06            1890.46                  0           0.924054            215.608        3.72149e+08          0.0002477         6.1623e-05         0.00127449           0.048757         0.00359386          0.0955898        6.40246e-06        6.15093e-10        4.90952e-11        5.55336e-09        2.14536e-08         0.00832377           0.109385        6.64955e-09        1.42055e-08        4.12318e-11            0.73276
55         0.00139402        2.51174e-05        4.45572e-06             101325           0.177396        4.45572e-06            1896.21                  0           0.927855            185.927        3.35752e+08         0.00023726        5.72606e-05         0.00121357          0.0484921         0.00353472          0.0957536        6.16997e-06        3.73097e-10        2.96567e-11        3.33843e-09         1.2549e-08         0.00791029           0.110035        5.48231e-09        8.48864e-09        2.48696e-11            0.73276
56         0.00141913        2.51174e-05        4.44466e-06             101325           0.176956        4.44466e-06            1901.74                  0           0.931484            160.351        3.02535e+08        0.000226947         5.3114e-05         0.00115415          0.0482418         0.00347323          0.0959155        5.94238e-06        2.27283e-10        1.79878e-11        2.02121e-09        7.39692e-09         0.00751819           0.110651        4.60122e-09         5.0999e-09        1.50582e-11            0.73276
57         0.00144425        2.51174e-05        4.43409e-06             101325           0.176535        4.43409e-06            1907.05                  0           0.934957            138.279        2.72234e+08        0.000216794        4.91853e-05         0.00109638          0.0480048         0.00340969          0.0960752         5.7195e-06        1.39056e-10        1.09556e-11        1.23226e-09        4.39345e-09          0.0071453           0.111237        3.90968e-09        3.08083e-09        9.15353e-12            0.73276
58         0.00146937        2.51174e-05        4.42398e-06             101325           0.176132        4.42398e-06            1912.17                  0           0.938286            119.207        2.44612e+08         0.00020683         4.5474e-05         0.00104034            0.04778         0.00334441          0.0962321        5.50123e-06        8.54494e-11         6.7011e-12        7.56439e-10        2.62937e-09         0.00678981           0.111795        3.34928e-09        1.87165e-09        5.58679e-12           0.732761
59         0.00149448        2.51174e-05        4.41431e-06             101325           0.175747        4.41431e-06            1917.08                  0           0.941482             102.71        2.19457e+08        0.000197081        4.19775e-05        0.000986105          0.0475667         0.00327763          0.0963859        5.28751e-06        5.27426e-11        4.11673e-12         4.6751e-10        1.58553e-09         0.00645024           0.112329        2.88387e-09        1.14376e-09        3.42415e-12           0.732761
60          0.0015196        2.51174e-05        4.40506e-06             101325           0.175379        4.40506e-06            1921.81                  0           0.944554            88.4298        1.96572e+08        0.000187567        3.86917e-05        0.000933735           0.047364         0.00320961          0.0965364        5.07837e-06        3.27031e-11        2.54049e-12        2.90894e-10        9.63297e-10         0.00612541           0.112839        2.49044e-09        7.03311e-10        2.10779e-12           0.732761
61         0.00154472        2.51174e-05        4.39621e-06             101325           0.175027        4.39621e-06            1926.36                  0           0.947508            76.0639         1.7578e+08        0.000178306        3.56112e-05        0.000883263          0.0471715         0.00314057          0.0966834        4.87388e-06        2.03724e-11        1.57508e-12        1.82222e-10        5.89671e-10         0.00581433           0.113328        2.15377e-09         4.3537e-10        1.30334e-12           0.732761
62         0.00156984        2.51174e-05        4.38776e-06             101325            0.17469        4.38776e-06            1930.72                  0           0.950349            65.3543        1.56914e+08        0.000169311        3.27297e-05        0.000834713          0.0469885         0.00307071          0.0968266        4.67413e-06        1.27522e-11        9.81259e-13        1.14919e-10        3.63687e-10         0.00551622           0.113796        1.86338e-09        2.71478e-10        8.09698e-13           0.732761
63         0.00159495        2.51174e-05        4.37968e-06             101325           0.174369        4.37968e-06            1934.91                  0           0.953083            56.0811        1.39822e+08        0.000160596        3.00404e-05        0.000788095          0.0468147         0.00300024          0.0969659        4.47926e-06        8.02188e-12        6.14376e-13        7.29679e-11        2.26008e-10         0.00523046           0.114245        1.61169e-09        1.70656e-10        5.05485e-13           0.732761
64         0.00162007        2.51174e-05        4.37197e-06             101325           0.174061        4.37197e-06            1938.93                  0           0.955712             48.056        1.24363e+08         0.00015217        2.75357e-05         0.00074341          0.0466496         0.00292934          0.0971012        4.28942e-06        5.07216e-12        3.86666e-13        4.66489e-11        1.41521e-10          0.0049565           0.114675        1.39298e-09        1.08259e-10        3.17177e-13           0.732761
65         0.00164519        2.51174e-05        4.36461e-06             101325           0.173768        4.36461e-06            1942.78                  0            0.95824            41.1172        1.10405e+08         0.00014404        2.52078e-05        0.000700654           0.046493          0.0028582          0.0972324        4.10478e-06         3.2241e-12        2.44664e-13        3.00301e-11        8.92974e-11         0.00469394           0.115088         1.2027e-09        6.93916e-11        2.00075e-13           0.732761
66         0.00167031        2.51174e-05        4.35759e-06             101325           0.173489        4.35759e-06            1946.47                  0            0.96067            35.1251        9.78272e+07        0.000136212        2.30487e-05        0.000659812          0.0463446           0.002787          0.0973594        3.92553e-06        2.06063e-12        1.55677e-13        1.94678e-11        5.67824e-11         0.00444242           0.115483        1.03717e-09        4.50118e-11        1.26904e-13            0.73276
67         0.00169542        2.51174e-05         4.3509e-06             101325           0.173223         4.3509e-06               1950                  0           0.963002            29.9586        8.65153e+07        0.000128691        2.10502e-05        0.000620865          0.0462041          0.0027159          0.0974822        3.75186e-06         1.3245e-12        9.96286e-14        1.27107e-11        3.63897e-11         0.00420164           0.115861        8.93257e-10         2.9601e-11        8.09554e-14            0.73276
68         0.00172054        2.51174e-05        4.34453e-06             101325           0.172969        4.34453e-06            1953.37                  0            0.96524            25.5126         7.6364e+07        0.000121478        1.92042e-05        0.000583788          0.0460712         0.00264507          0.0976007        3.58396e-06        8.56331e-13        6.41409e-14        8.35905e-12        2.35058e-11         0.00397135           0.116223        7.68292e-10        1.97757e-11        5.19514e-14            0.73276
69         0.00174566        2.51174e-05        4.33848e-06             101325           0.172728        4.33848e-06            1956.59                  0           0.967384            21.6951        6.72747e+07        0.000114577        1.75024e-05        0.000548552          0.0459458         0.00257468          0.0977149        3.42201e-06        5.56998e-13        4.15494e-14        5.53773e-12        1.53053e-11         0.00375133           0.116569        6.59943e-10        1.34506e-11        3.35448e-14            0.73276
70         0.00177078        2.51174e-05        4.33272e-06             101325           0.172499        4.33272e-06            1959.65                  0           0.969436            18.4259        5.91559e+07        0.000107985        1.59366e-05        0.000515124          0.0458276         0.00250487          0.0978248        3.26618e-06         3.6456e-13        2.70868e-14        3.69609e-12        1.00467e-11         0.00354135           0.116899        5.66165e-10        9.33371e-12        2.17983e-14            0.73276
71         0.00179589        2.51174e-05        4.32727e-06             101325           0.172282        4.32727e-06            1962.57                  0           0.971398            15.6342        5.19219e+07        0.000101703         1.4499e-05        0.000483465          0.0457163         0.00243581          0.0979304        3.11665e-06        2.40142e-13        1.77745e-14        2.48563e-12        6.64914e-12         0.00334124           0.117213         4.8515e-10        6.62024e-12        1.42587e-14            0.73276
72         0.00182101        2.51174e-05        4.32209e-06             101325           0.172076        4.32209e-06            1965.35                  0            0.97327             13.258        4.54931e+07        9.57281e-05        1.31815e-05        0.000453536          0.0456119         0.00236764          0.0980317        2.97355e-06        1.59232e-13        1.17426e-14        1.68447e-12         4.4372e-12         0.00315078           0.117512        4.15296e-10        4.80601e-12        9.39054e-15            0.73276
73         0.00184613        2.51174e-05        4.31719e-06             101325           0.171881        4.31719e-06            1967.98                  0           0.975056            11.2425        3.97953e+07        9.00561e-05        1.19765e-05        0.000425291          0.0455139          0.0023005          0.0981287        2.83699e-06          1.063e-13        7.81161e-15        1.15043e-12        2.98603e-12         0.00296978           0.117797        3.55185e-10        3.57321e-12        6.22782e-15            0.73276
74         0.00187125        2.51174e-05        4.31256e-06             101325           0.171696        4.31256e-06            1970.48                  0           0.976755            9.53931        3.47595e+07        8.46831e-05        1.08766e-05        0.000398685          0.0454223         0.00223454          0.0982215        2.70708e-06        7.14583e-14        5.23358e-15        7.91909e-13        2.02658e-12         0.00279805           0.118066        3.03558e-10        2.72023e-12        4.16008e-15            0.73276
75         0.00189636        2.51174e-05        4.30819e-06             101325           0.171522        4.30819e-06            1972.84                  0           0.978369            8.10582        3.03215e+07        7.96036e-05        9.87449e-06        0.000373668          0.0453367         0.00216989          0.0983101        2.58387e-06        4.83793e-14        3.53194e-15        5.49464e-13        1.38724e-12         0.00263537           0.118322        2.59302e-10        2.11828e-12        2.79941e-15            0.73276
76         0.00192148        2.51174e-05        4.30406e-06             101325           0.171358        4.30406e-06            1975.08                  0           0.979901            6.90436        2.64217e+07        7.48113e-05         8.9632e-06        0.000350189          0.0452569         0.00210667          0.0983945         2.4674e-06        3.29932e-14        2.40135e-15        3.84314e-13        9.57837e-13         0.00248152           0.118564        2.21435e-10        1.68444e-12        1.89805e-15            0.73276
77          0.0019466        2.51174e-05        4.30018e-06             101325           0.171203        4.30018e-06            1977.18                  0           0.981352            5.90168        2.30048e+07        7.02993e-05        8.13603e-06        0.000328194          0.0451828         0.00204501          0.0984749        2.35765e-06         2.2668e-14        1.64508e-15        2.70983e-13        6.67134e-13         0.00233628           0.118792         1.8909e-10        1.36487e-12        1.29687e-15            0.73276
78         0.00197171        2.51174e-05        4.29653e-06             101325           0.171058        4.29653e-06            1979.17                  0           0.982724            5.06855        2.00198e+07        6.60598e-05        7.38656e-06        0.000307628          0.0451139         0.00198501          0.0985513        2.25459e-06        1.56924e-14        1.13574e-15        1.92633e-13         4.6875e-13         0.00219939           0.119007        1.61508e-10        1.12428e-12        8.93102e-16            0.73276
79         0.00199683        2.51174e-05        4.29311e-06             101325           0.170922        4.29311e-06            1981.04                  0           0.984019            4.37924        1.74196e+07        6.20844e-05        6.70869e-06        0.000288434          0.0450502         0.00192678          0.0986237        2.15815e-06        1.09476e-14        7.90284e-16         1.3806e-13        3.32274e-13          0.0020706           0.119209        1.38021e-10        9.39288e-13        6.19993e-16            0.73276
80         0.00202195        2.51174e-05         4.2899e-06             101325           0.170794         4.2899e-06            1982.79                  0            0.98524            3.81121        1.51608e+07        5.83642e-05        6.09661e-06        0.000270556          0.0449913         0.00187041          0.0986922        2.06821e-06        7.69756e-15        5.54323e-16        9.97634e-14        2.37626e-13         0.00194966           0.119399        1.18048e-10        7.94222e-13        4.33924e-16            0.73276
81         0.00204707        2.51174e-05        4.28689e-06             101325           0.170674        4.28689e-06            1984.44                  0           0.986388            3.34477        1.32038e+07        5.48899e-05        5.54482e-06        0.000253933          0.0449369         0.00181599           0.098757        1.98463e-06        5.45574e-15        3.91987e-16        7.26854e-14        1.71453e-13         0.00183628           0.119577        1.01083e-10        6.78419e-13        3.06225e-16            0.73276
82         0.00207218        2.51174e-05        4.28408e-06             101325           0.170562        4.28408e-06            1985.98                  0           0.987465            2.96277        1.15123e+07        5.16517e-05        5.04816e-06        0.000238508          0.0448869         0.00176358          0.0988182        1.90724e-06        3.89829e-15        2.79487e-16        5.33955e-14        1.24813e-13         0.00173019           0.119744        8.66873e-11        5.84516e-13        2.17933e-16            0.73276
83          0.0020973        2.51174e-05        4.28146e-06             101325           0.170458        4.28146e-06            1987.41                  0           0.988476            2.65038        1.00532e+07        4.86394e-05        4.60176e-06         0.00022422           0.044841         0.00171326          0.0988757        1.83583e-06        2.80846e-15        2.00949e-16        3.95502e-14        9.16735e-14         0.00163109             0.1199        7.44808e-11        5.07343e-13        1.56427e-16            0.73276
84         0.00212242        2.51174e-05        4.27902e-06             101325           0.170361        4.27902e-06            1988.76                  0           0.989421            2.39481        8.79672e+06        4.58429e-05         4.2011e-06         0.00021101          0.0447988         0.00166507          0.0989298        1.77016e-06        2.04028e-15        1.45712e-16        2.95381e-14        6.79357e-14         0.00153869           0.120045        6.41365e-11        4.43204e-13        1.13257e-16            0.73276
85         0.00214754        2.51174e-05        4.27675e-06             101325           0.170271        4.27675e-06               1990                  0           0.990304            2.18514        7.71601e+06        4.32517e-05        3.84195e-06         0.00019882          0.0447603         0.00161904          0.0989805           1.71e-06        1.49483e-15        1.06572e-16        2.22441e-14        5.07956e-14          0.0014527            0.12018        5.53732e-11        3.89398e-13        8.27244e-17            0.73276
86         0.00217265        2.51174e-05        4.27465e-06             101325           0.170187        4.27465e-06            1991.17                  0           0.991126            2.01209        6.78703e+06        4.08553e-05        3.52038e-06        0.000187591           0.044725         0.00157521           0.099028        1.65506e-06        1.10467e-15        7.86289e-17        1.68908e-14        3.83206e-14         0.00137281           0.120305        4.79501e-11        3.43916e-13        6.09636e-17            0.73276
87         0.00219777        2.51174e-05        4.27269e-06             101325           0.170109        4.27269e-06            1992.24                  0           0.991892            1.86784        5.98837e+06        3.86432e-05        3.23278e-06        0.000177265          0.0446929         0.00153359          0.0990724        1.60506e-06        8.23512e-16        5.85287e-17        1.29331e-14         2.9169e-14         0.00129872           0.120422        4.16616e-11        3.05234e-13        4.53352e-17            0.73276
88         0.00222289        2.51174e-05        4.27089e-06             101325           0.170037        4.27089e-06            1993.24                  0           0.992603            1.74591        5.30116e+06        3.66051e-05         2.9758e-06        0.000167787          0.0446636         0.00149417          0.0991138         1.5597e-06        6.19395e-16        4.39607e-17        9.98597e-15         2.2403e-14         0.00123014           0.120529        3.63324e-11        2.72171e-13        3.40242e-17            0.73276
89         0.00224801        2.51174e-05        4.26922e-06             101325           0.169971        4.26922e-06            1994.16                  0           0.993262            1.64094        4.70883e+06        3.47308e-05         2.7464e-06        0.000159101           0.044637         0.00145694          0.0991523        1.51869e-06        4.70105e-16        3.33224e-17         7.7757e-15        1.73621e-14         0.00116676           0.120629        3.18137e-11        2.43794e-13        2.57748e-17            0.73276
90         0.00227312        2.51174e-05        4.26768e-06             101325            0.16991        4.26768e-06            1995.01                  0           0.993872            1.54862        4.19696e+06        3.30101e-05        2.54178e-06        0.000151155          0.0446129         0.00142189           0.099188        1.48171e-06        3.60102e-16         2.5495e-17         6.1064e-15        1.35779e-14          0.0011083           0.120721        2.79791e-11        2.19359e-13         1.9712e-17            0.73276
91         0.00229824        2.51174e-05        4.26627e-06             101325           0.169853        4.26627e-06             1995.8                  0           0.994436            1.46551         3.7531e+06        3.14332e-05        2.35938e-06        0.000143897           0.044591         0.00138897          0.0992212        1.44848e-06        2.78445e-16        1.96924e-17        4.83693e-15        1.07159e-14         0.00105447           0.120805        2.47221e-11        1.98261e-13        1.52219e-17            0.73276
92         0.00232336        2.51174e-05        4.26497e-06             101325           0.169801        4.26497e-06            1996.52                  0           0.994955            1.38893        3.36657e+06        2.99907e-05        2.19689e-06        0.000137278          0.0445712         0.00135814          0.0992518        1.41869e-06         2.1738e-16        1.53584e-17        3.86493e-15        8.53544e-15         0.00100499           0.120883        2.19523e-11        1.80001e-13        1.18711e-17            0.73276
93         0.00234848        2.51174e-05        4.26377e-06             101325           0.169754        4.26377e-06            1997.18                  0           0.995433            1.31686         3.0283e+06        2.86734e-05        2.05222e-06        0.000131251          0.0445533         0.00132936          0.0992801        1.39205e-06        1.71376e-16        1.20971e-17        3.11571e-15        6.86222e-15        0.000959592           0.120954        1.95937e-11        1.64167e-13        9.35136e-18            0.73276
94         0.00237359        2.51174e-05        4.26268e-06             101325            0.16971        4.26268e-06            1997.79                  0           0.995873            1.24783        2.73065e+06        2.74724e-05        1.92347e-06        0.000125772          0.0445372         0.00130255          0.0993062        1.36829e-06         1.3646e-16        9.62449e-18        2.53435e-15        5.56906e-15        0.000918004            0.12102        1.75823e-11        1.50413e-13        7.44211e-18            0.73276
95         0.00239871        2.51174e-05        4.26168e-06             101325           0.169671        4.26168e-06            1998.34                  0           0.996275            1.18082        2.46722e+06        2.63792e-05        1.80894e-06        0.000120797          0.0445226         0.00127766          0.0993302        1.34715e-06        1.09763e-16        7.73569e-18        2.08025e-15        4.56254e-15        0.000879976           0.121079        1.58643e-11        1.38447e-13        5.98433e-18            0.73276
96         0.00242383        2.51174e-05        4.26077e-06             101325           0.169634        4.26077e-06            1998.85                  0           0.996644            1.11519        2.23271e+06        2.53859e-05         1.7071e-06        0.000116287          0.0445095         0.00125461          0.0993521        1.32837e-06        8.91963e-17        6.28189e-18         1.7232e-15        3.77359e-15        0.000845262           0.121134        1.43944e-11        1.28022e-13        4.86268e-18            0.73276
97         0.00244895        2.51174e-05        4.25994e-06             101325           0.169601        4.25994e-06            1999.31                  0           0.996981            1.05058        2.02276e+06        2.44847e-05        1.61656e-06        0.000112204          0.0444977         0.00123331          0.0993723        1.31173e-06        7.32308e-17        5.15426e-18        1.44056e-15        3.15075e-15        0.000813627           0.121184        1.31346e-11        1.18929e-13         3.9929e-18            0.73276
98         0.00247406        2.51174e-05        4.25919e-06             101325           0.169571        4.25919e-06            1999.73                  0           0.997288           0.986857        1.83378e+06        2.36684e-05         1.5361e-06        0.000108513          0.0444871         0.00121369          0.0993907          1.297e-06        6.07404e-17        4.27273e-18        1.21527e-15        2.65547e-15        0.000784848           0.121229        1.20528e-11        1.10989e-13        3.31304e-18            0.73276
99         0.00249918        2.51174e-05         4.2585e-06             101325           0.169544         4.2585e-06            2000.11                  0           0.997568           0.924058        1.66287e+06        2.29302e-05        1.46462e-06         0.00010518          0.0444777         0.00119565          0.0994074        1.28398e-06        5.08898e-17        3.57797e-18        1.03442e-15        2.25867e-15        0.000758711            0.12127        1.11223e-11        1.04049e-13        2.77729e-18            0.73276
100          0.0025243        2.51174e-05        4.25788e-06             101325           0.169519        4.25788e-06            2000.45                  0           0.997822           0.862331        1.50766e+06        2.22636e-05        1.40114e-06        0.000102174          0.0444692         0.00117913          0.0994227         1.2725e-06        4.30561e-17        3.02582e-18        8.88148e-16        1.93829e-15        0.000735013           0.121307        1.03204e-11        9.79755e-14        2.35151e-18            0.73276
101         0.00254941        2.51174e-05        4.25732e-06             101325           0.169497        4.25732e-06            2000.77                  0           0.998052           0.801897        1.36624e+06        2.16626e-05        1.34477e-06        9.94682e-05          0.0444615         0.00116401          0.0994366        1.26237e-06        3.67721e-17        2.58314e-18        7.68907e-16        1.67749e-15        0.000713563           0.121341        9.62814e-12        9.26571e-14        2.01016e-18            0.73276
102         0.00257453        2.51174e-05        4.25682e-06             101325           0.169477        4.25682e-06            2001.05                  0           0.998261           0.743016        1.23707e+06        2.11215e-05        1.29474e-06        9.70344e-05          0.0444547         0.00115023          0.0994492        1.25346e-06        3.16853e-17        2.22498e-18        6.70888e-16        1.46336e-15         0.00069418           0.121371        9.02954e-12        8.79959e-14        1.73399e-18            0.73276
103         0.00259965        2.51174e-05        4.25636e-06             101325           0.169459        4.25636e-06             2001.3                  0            0.99845           0.685957        1.11887e+06        2.06352e-05        1.25034e-06        9.48485e-05          0.0444487         0.00113768          0.0994605        1.24562e-06        2.75282e-17        1.93243e-18        5.89601e-16        1.28595e-15        0.000676693           0.121399         8.5111e-12        8.39079e-14         1.5084e-18            0.73276
104         0.00262477        2.51174e-05        4.25595e-06             101325           0.169442        4.25595e-06            2001.53                  0            0.99862           0.630978        1.01061e+06        2.01987e-05        1.21097e-06        9.28878e-05          0.0444432         0.00112629          0.0994708        1.23872e-06        2.40974e-17        1.69109e-18        5.21564e-16        1.13757e-15        0.000660944           0.121423        8.06139e-12        8.03204e-14        1.32233e-18            0.73276
105         0.00264988        2.51174e-05        4.25558e-06             101325           0.169428        4.25558e-06            2001.74                  0           0.998774           0.578311             911427        1.98074e-05        1.17606e-06        9.11313e-05          0.0444384         0.00111598          0.0994801        1.23267e-06        2.12369e-17        1.48996e-18        4.64065e-16        1.01224e-15        0.000646783           0.121446        7.67077e-12        7.71705e-14        1.16727e-18            0.73276
106           0.002675        2.51174e-05        4.25525e-06             101325           0.169414        4.25525e-06            2001.92                  0           0.998912           0.528155             820579        1.94573e-05        1.14513e-06          8.956e-05          0.0444341         0.00110666          0.0994884        1.22735e-06        1.88272e-17        1.32059e-18        4.14992e-16        9.05322e-16         0.00063407           0.121466        7.33106e-12        7.44037e-14        1.03673e-18            0.73276
107         0.00270012        2.51174e-05        4.25495e-06             101325           0.169403        4.25495e-06            2002.09                  0           0.999036           0.480664             737436        1.91445e-05        1.11773e-06         8.8156e-05          0.0444303         0.00109825          0.0994959        1.22268e-06        1.67761e-17        1.17647e-18        3.72693e-16        8.13181e-16        0.000622677           0.121483        7.03528e-12        7.19727e-14        9.25696e-19            0.73276
108         0.00272524        2.51174e-05        4.25469e-06             101325           0.169392        4.25469e-06            2002.24                  0           0.999147           0.435951             661440        1.88654e-05        1.09348e-06        8.69032e-05          0.0444269         0.00109069          0.0995026        1.21859e-06        1.50122e-17        1.05258e-18        3.35877e-16         7.3299e-16        0.000612482           0.121499         6.7775e-12        6.98361e-14        8.30285e-19            0.73276
109         0.00275035        2.51174e-05        4.25445e-06             101325           0.169383        4.25445e-06            2002.37                  0           0.999246            0.39408             592086        1.86166e-05        1.07203e-06        8.57869e-05          0.0444239          0.0010839          0.0995086          1.215e-06        1.34803e-17        9.45016e-19        3.03532e-16        6.62538e-16        0.000603375           0.121514        6.55268e-12        6.79582e-14        7.47499e-19            0.73276
110         0.00277547        2.51174e-05        4.25424e-06             101325           0.169374        4.25424e-06            2002.49                  0           0.999335           0.355079             528914        1.83953e-05        1.05306e-06        8.47936e-05          0.0444212         0.00107781           0.099514        1.21185e-06        1.21376e-17        8.50762e-19        2.74867e-16        6.00095e-16        0.000595252           0.121526        6.35645e-12        6.63077e-14        6.75004e-19            0.73276
111         0.00280059        2.51174e-05        4.25405e-06             101325           0.169367        4.25405e-06            2002.59                  0           0.999414           0.318933             471494        1.81987e-05        1.03631e-06        8.39107e-05          0.0444188         0.00107237          0.0995188         1.2091e-06        1.09506e-17        7.67465e-19        2.49263e-16        5.44307e-16        0.000588019           0.121538        6.18511e-12         6.4857e-14        6.10986e-19            0.73276
112         0.00282571        2.51174e-05        4.25389e-06             101325            0.16936        4.25389e-06            2002.68                  0           0.999485           0.285597             419419        1.80243e-05        1.02153e-06        8.31273e-05          0.0444167         0.00106751           0.099523        1.20668e-06        9.89336e-18        6.93287e-19        2.26232e-16        4.94115e-16        0.000581588           0.121548        6.03544e-12        6.35823e-14        5.54024e-19            0.73276
113         0.00285082        2.51174e-05        4.25374e-06             101325           0.169354        4.25374e-06            2002.77                  0           0.999548           0.254992             372306        1.78698e-05        1.00849e-06         8.2433e-05          0.0444149         0.00106319          0.0995268        1.20457e-06        8.94537e-18        6.26792e-19        2.05394e-16        4.48689e-16         0.00057588           0.121557        5.90467e-12        6.24625e-14        5.03008e-19            0.73276
114         0.00287594        2.51174e-05        4.25361e-06             101325           0.169349        4.25361e-06            2002.84                  0           0.999603           0.227021             329786        1.77332e-05        9.97003e-07        8.18185e-05          0.0444133         0.00105934          0.0995302        1.20272e-06        8.09066e-18        5.66852e-19        1.86448e-16        4.07376e-16        0.000570821           0.121565        5.79041e-12        6.14791e-14        4.57064e-19            0.73276
115         0.00290106        2.51174e-05        4.25349e-06             101325           0.169345        4.25349e-06             2002.9                  0           0.999652           0.201563             291509        1.76124e-05        9.86892e-07        8.12754e-05          0.0444118         0.00105593          0.0995331         1.2011e-06        7.31658e-18        5.12577e-19        1.69157e-16         3.6966e-16        0.000566345           0.121572        5.69058e-12        6.06161e-14        4.15501e-19            0.73276
116         0.00292618        2.51174e-05        4.25339e-06             101325           0.169341        4.25339e-06            2002.96                  0           0.999696           0.178485             257137        1.75059e-05           9.78e-07        8.07961e-05          0.0444106          0.0010529          0.0995358        1.19969e-06        6.61309e-18        4.63259e-19        1.53334e-16        3.35134e-16         0.00056239           0.121578        5.60337e-12        5.98589e-14        3.77769e-19            0.73276
117         0.00295129        2.51174e-05         4.2533e-06             101325           0.169337         4.2533e-06            2003.01                  0           0.999735           0.157645             226352        1.74121e-05         9.7019e-07        8.03738e-05          0.0444094         0.00105023          0.0995381        1.19845e-06        5.97212e-18        4.18332e-19        1.38826e-16        3.03469e-16        0.000558901           0.121584        5.52722e-12        5.91952e-14        3.43426e-19            0.73276
118         0.00297641        2.51174e-05        4.25323e-06             101325           0.169334        4.25323e-06            2003.06                  0           0.999769           0.138894             198848        1.73296e-05        9.63337e-07        8.00021e-05          0.0444085         0.00104787          0.0995401        1.19737e-06        5.38714e-18        3.77335e-19        1.25511e-16        2.74399e-16        0.000555829           0.121588        5.46075e-12        5.86137e-14        3.12115e-19            0.73276
119         0.00300153        2.51174e-05        4.25316e-06             101325           0.169331        4.25316e-06            2003.09                  0           0.999798            0.12208             174336        1.72572e-05        9.57331e-07        7.96754e-05          0.0444076         0.00104579          0.0995419        1.19643e-06        4.85278e-18        3.39889e-19        1.13287e-16        2.47705e-16        0.000553127           0.121593        5.40276e-12        5.81047e-14         2.8354e-19            0.73276
120         0.00302665        2.51174e-05         4.2531e-06             101325           0.169329         4.2531e-06            2003.13                  0           0.999825           0.107055             152546        1.71936e-05        9.52072e-07        7.93888e-05          0.0444069         0.00104397          0.0995435        1.19561e-06        4.36455e-18         3.0568e-19        1.02069e-16          2.232e-16        0.000550755           0.121596        5.35219e-12        5.76595e-14        2.57455e-19            0.73276
121         0.00305176        2.51174e-05        4.25304e-06             101325           0.169327        4.25304e-06            2003.16                  0           0.999848          0.0936687             133222         1.7138e-05        9.47474e-07        7.91377e-05          0.0444062         0.00104236          0.0995449        1.19489e-06        3.91861e-18        2.74437e-19        9.17818e-17        2.00725e-16        0.000548676             0.1216        5.30814e-12        5.72705e-14         2.3365e-19            0.73276
122         0.00307688        2.51174e-05          4.253e-06             101325           0.169325          4.253e-06            2003.18                  0           0.999868          0.0817796             116126        1.70893e-05        9.43459e-07         7.8918e-05          0.0444056         0.00104096          0.0995461        1.19427e-06        3.51165e-18        2.45927e-19        8.23617e-17        1.80139e-16        0.000546855           0.121602        5.26979e-12        5.69309e-14        2.11941e-19            0.73276
123           0.003102        2.51174e-05        4.25296e-06             101325           0.169323        4.25296e-06            2003.21                  0           0.999886          0.0712501             101036        1.70468e-05        9.39956e-07         7.8726e-05          0.0444051         0.00103972          0.0995472        1.19373e-06        3.14071e-18        2.19942e-19        7.37495e-17        1.61315e-16        0.000545264           0.121605        5.23643e-12        5.66348e-14        1.92168e-19            0.73276
124         0.00312711        2.51174e-05        4.25292e-06             101325           0.169322        4.25292e-06            2003.23                  0           0.999901          0.0619504            87745.8        1.70098e-05        9.36905e-07        7.85585e-05          0.0444047         0.00103865          0.0995481        1.19326e-06        2.80314e-18        1.96297e-19        6.58914e-17        1.44136e-16        0.000543876           0.121607        5.20744e-12        5.63768e-14        1.74185e-19            0.73276
125         0.00315223        2.51174e-05        4.25289e-06             101325           0.169321        4.25289e-06            2003.24                  0           0.999915          0.0537588              76068        1.69775e-05         9.3425e-07        7.84126e-05          0.0444043         0.00103771          0.0995489        1.19285e-06         2.4965e-18         1.7482e-19         5.8737e-17        1.28494e-16        0.000542666           0.121609        5.18227e-12        5.61522e-14        1.57861e-19            0.73276
126         0.00317735        2.51174e-05        4.25286e-06             101325            0.16932        4.25286e-06            2003.26                  0           0.999926          0.0465614              65829        1.69494e-05        9.31943e-07        7.82857e-05           0.044404         0.00103689          0.0995496         1.1925e-06        2.21855e-18        1.55352e-19        5.22387e-17        1.14284e-16        0.000541613           0.121611        5.16044e-12        5.59571e-14        1.43071e-19            0.73276
127         0.00320247        2.51174e-05        4.25284e-06             101325           0.169319        4.25284e-06            2003.27                  0           0.999937          0.0402526            56870.1        1.69251e-05        9.29942e-07        7.81754e-05          0.0444037         0.00103618          0.0995502        1.19219e-06        1.96715e-18        1.37745e-19        4.63511e-17        1.01408e-16        0.000540698           0.121612        5.14153e-12        5.57877e-14          1.297e-19            0.73276
128         0.00322758        2.51174e-05        4.25282e-06             101325           0.169318        4.25282e-06            2003.28                  0           0.999946          0.0347357            49047.5         1.6904e-05        9.28207e-07        7.80798e-05          0.0444035         0.00103557          0.0995508        1.19192e-06        1.74032e-18        1.21859e-19        4.10308e-17        8.97718e-17        0.000539905           0.121613        5.12517e-12        5.56408e-14        1.17642e-19            0.73276
129          0.0032527        2.51174e-05         4.2528e-06             101325           0.169317         4.2528e-06            2003.29                  0           0.999953          0.0299223              42231        1.68857e-05        9.26706e-07         7.7997e-05          0.0444033         0.00103503          0.0995512        1.19169e-06        1.53616e-18        1.07562e-19        3.62361e-17         7.9284e-17        0.000539218           0.121614        5.11102e-12        5.55136e-14        1.06794e-19            0.73276
130         0.00327782        2.51174e-05        4.25279e-06             101325           0.169317        4.25279e-06             2003.3                  0            0.99996          0.0257317            36302.8        1.68699e-05        9.25409e-07        7.79254e-05          0.0444031         0.00103457          0.0995516         1.1915e-06        1.35289e-18        9.47271e-20         3.1927e-17        6.98576e-17        0.000538623           0.121615        5.09881e-12        5.54035e-14        9.70589e-20            0.73276
131         0.00330294        2.51174e-05        4.25278e-06             101325           0.169316        4.25278e-06            2003.31                  0           0.999966           0.022091              31157        1.68562e-05        9.24289e-07        7.78635e-05          0.0444029         0.00103417           0.099552        1.19133e-06        1.18879e-18        8.32358e-20        2.80651e-17        6.14089e-17         0.00053811           0.121616        5.08828e-12        5.53085e-14        8.83457e-20            0.73276
132         0.00332805        2.51174e-05        4.25276e-06             101325           0.169316        4.25276e-06            2003.31                  0           0.999971          0.0189344            26698.8        1.68444e-05        9.23324e-07        7.78102e-05          0.0444028         0.00103383          0.0995523        1.19118e-06        1.04227e-18         7.2975e-20        2.46137e-17        5.38579e-17        0.000537667           0.121617        5.07921e-12        5.52265e-14        8.05677e-20            0.73276
133         0.00335317        2.51174e-05        4.25276e-06             101325           0.169315        4.25276e-06            2003.32                  0           0.999975           0.016203            22843.4        1.68343e-05        9.22493e-07        7.77642e-05          0.0444027         0.00103353          0.0995525        1.19105e-06        9.11782e-19        6.38376e-20         2.1538e-17        4.71284e-17        0.000537286           0.121617        5.07141e-12        5.51559e-14        7.36434e-20            0.73276
134         0.00337829        2.51174e-05        4.25275e-06             101325           0.169315        4.25275e-06            2003.32                  0           0.999979          0.0138441            19515.4        1.68256e-05        9.21779e-07        7.77247e-05          0.0444026         0.00103327          0.0995527        1.19094e-06        7.95902e-19        5.57232e-20        1.88049e-17        4.11482e-17        0.000536958           0.121618        5.06471e-12        5.50951e-14        6.74957e-20            0.73276
135         0.00340341        2.51174e-05        4.25274e-06             101325           0.169315        4.25274e-06            2003.33                  0           0.999982          0.0118107            16647.7        1.68181e-05        9.21167e-07        7.76908e-05          0.0444025         0.00103305          0.0995529        1.19085e-06        6.93276e-19         4.8537e-20        1.63832e-17        3.58491e-17        0.000536676           0.121618        5.05897e-12        5.50429e-14        6.20525e-20            0.73276
136         0.00342852        2.51174e-05        4.25273e-06             101325           0.169314        4.25273e-06            2003.33                  0           0.999984          0.0100612            14181.3        1.68117e-05        9.20642e-07        7.76618e-05          0.0444024         0.00103287          0.0995531        1.19077e-06        6.02647e-19        4.21908e-20        1.42435e-17        3.11671e-17        0.000536435           0.121619        5.05405e-12        5.49981e-14        5.72467e-20            0.73276
137         0.00345364        2.51174e-05        4.25273e-06             101325           0.169314        4.25273e-06            2003.33                  0           0.999987         0.00855883            12063.6        1.68062e-05        9.20192e-07        7.76369e-05          0.0444023         0.00103271          0.0995532         1.1907e-06        5.22843e-19        3.66028e-20        1.23587e-17        2.70426e-17        0.000536228           0.121619        5.04984e-12        5.49597e-14        5.30158e-20            0.73276
138         0.00347876        2.51174e-05        4.25272e-06             101325           0.169314        4.25272e-06            2003.34                  0           0.999989         0.00727103            10248.8        1.68016e-05        9.19809e-07        7.76156e-05          0.0444023         0.00103257          0.0995533        1.19064e-06        4.52778e-19        3.16966e-20        1.07033e-17        2.34201e-17        0.000536052           0.121619        5.04624e-12        5.49269e-14        4.93018e-20            0.73276
139         0.00350388        2.51174e-05        4.25272e-06             101325           0.169314        4.25272e-06            2003.34                  0           0.999991         0.00616933            8696.35        1.67976e-05        9.19481e-07        7.75975e-05          0.0444022         0.00103245          0.0995534        1.19059e-06         3.9145e-19        2.74024e-20        9.25399e-18        2.02485e-17        0.000535901            0.12162        5.04318e-12        5.48989e-14        4.60516e-20            0.73276
140         0.00352899        2.51174e-05        4.25272e-06             101325           0.169314        4.25272e-06            2003.34                  0           0.999992         0.00522877            7371.04        1.67942e-05        9.19203e-07         7.7582e-05          0.0444022         0.00103235          0.0995535        1.19055e-06        3.37953e-19        2.36565e-20        7.98943e-18        1.74811e-17        0.000535773            0.12162        5.04057e-12        5.48751e-14        4.32169e-20            0.73276
141         0.00355411        2.51174e-05        4.25272e-06             101325           0.169314        4.25272e-06            2003.34                  0           0.999993         0.00442743            6241.96        1.67913e-05        9.18966e-07        7.75689e-05          0.0444022         0.00103227          0.0995536        1.19052e-06        2.91464e-19        2.04012e-20        6.89028e-18        1.50756e-17        0.000535664            0.12162        5.03835e-12        5.48548e-14        4.07538e-20            0.73276
142         0.00357923        2.51174e-05        4.25271e-06             101325           0.169313        4.25271e-06            2003.34                  0           0.999994         0.00374635            5282.35        1.67888e-05        9.18766e-07        7.75578e-05          0.0444021         0.00103219          0.0995537        1.19049e-06         2.5123e-19        1.75841e-20        5.93887e-18        1.29935e-17        0.000535572            0.12162        5.03647e-12        5.48376e-14        3.86224e-20            0.73276
143         0.00360435        2.51174e-05        4.25271e-06             101325           0.169313        4.25271e-06            2003.35                  0           0.999995         0.00316915            4469.07        1.67868e-05        9.18596e-07        7.75484e-05          0.0444021         0.00103213          0.0995537        1.19046e-06        2.16571e-19        1.51572e-20        5.11917e-18        1.11996e-17        0.000535494            0.12162        5.03489e-12         5.4823e-14        3.67866e-20            0.73276
144         0.00362946        2.51174e-05        4.25271e-06             101325           0.169313        4.25271e-06            2003.35                  0           0.999996         0.00268169            3782.22         1.6785e-05        9.18454e-07        7.75405e-05          0.0444021         0.00103208          0.0995537        1.19044e-06        1.86886e-19        1.30787e-20        4.41702e-18        9.66292e-18        0.000535429            0.12162        5.03356e-12        5.48108e-14        3.52144e-20            0.73276
145         0.00365458        2.51174e-05        4.25271e-06             101325           0.169313        4.25271e-06            2003.35                  0           0.999997         0.00227187            3204.72        1.67836e-05        9.18334e-07        7.75339e-05          0.0444021         0.00103204          0.0995538        1.19042e-06        1.61646e-19        1.13114e-20        3.81993e-18        8.35618e-18        0.000535374            0.12162        5.03244e-12        5.48005e-14        3.38777e-20            0.73276
146          0.0036797        2.51174e-05        4.25271e-06             101325           0.169313        4.25271e-06            2003.35                  0           0.999997          0.0019294             2722.1        1.67824e-05        9.18235e-07        7.75284e-05          0.0444021           0.001032          0.0995538        1.19041e-06        1.40392e-19         9.8232e-21        3.31712e-18        7.25575e-18        0.000535328           0.121621        5.03151e-12         5.4792e-14        3.27522e-20            0.73276
147         0.00370481        2.51174e-05        4.25271e-06             101325           0.169313        4.25271e-06            2003.35                  0           0.999997         0.00164565            2322.19        1.67814e-05        9.18154e-07        7.75239e-05           0.044402         0.00103197          0.0995538        1.19039e-06        1.22744e-19         8.5875e-21        2.89958e-18        6.34193e-18        0.000535291           0.121621        5.03075e-12         5.4785e-14        3.18178e-20            0.73276
148         0.00372993        2.51174e-05        4.25271e-06             101325           0.169313        4.25271e-06            2003.35                  0           0.999998         0.00141349            1994.98        1.67806e-05        9.18089e-07        7.75203e-05           0.044402         0.00103195          0.0995539        1.19038e-06        1.08376e-19        7.58145e-21        2.55962e-18         5.5979e-18        0.000535261           0.121621        5.03014e-12        5.47793e-14         3.1057e-20            0.73276
149         0.00375505        2.51174e-05         4.2527e-06             101325           0.169313         4.2527e-06            2003.35                  0           0.999998         0.00122722            1732.42        1.67799e-05        9.18037e-07        7.75174e-05           0.044402         0.00103193          0.0995539        1.19037e-06        9.70226e-20        6.78649e-21        2.29098e-18        5.00994e-18        0.000535237           0.121621        5.02966e-12        5.47749e-14        3.04559e-20            0.73276
150         0.00378017        2.51174e-05         4.2527e-06             101325           0.169313         4.2527e-06            2003.35                  0           0.999998         0.00108241            1528.27        1.67795e-05        9.17998e-07        7.75153e-05           0.044402         0.00103192          0.0995539        1.19037e-06        8.84872e-20        6.18884e-21          2.089e-18        4.56791e-18        0.000535219           0.121621         5.0293e-12        5.47715e-14        3.00039e-20            0.73276
151         0.00380528        2.51174e-05         4.2527e-06             101325           0.169313         4.2527e-06            2003.35                  0           0.999999        0.000975843            1378.03        1.67792e-05        9.17972e-07        7.75138e-05           0.044402         0.00103191          0.0995539        1.19037e-06        8.26612e-20        5.78091e-21        1.95114e-18        4.26618e-18        0.000535207           0.121621        5.02905e-12        5.47693e-14        2.96955e-20            0.73276
152          0.0038304        2.51174e-05         4.2527e-06             101325           0.169313         4.2527e-06            2003.35                  0           0.999999        0.000905499            1278.85         1.6779e-05        9.17957e-07         7.7513e-05           0.044402          0.0010319          0.0995539        1.19036e-06        7.93545e-20        5.54938e-21        1.87289e-18        4.09493e-18          0.0005352           0.121621        5.02891e-12         5.4768e-14        2.95204e-20            0.73276
