# Time 0.00035
# eta = 0.002
# length = 0.000700938
#--- 	  	 LEM Line data  --- 
#(1) wafer              (2) x             (3) dx              (4) m              (5) p            (6) rho              (7) m              (8) T              (9) Z             (10) C          (11) dCdt       (12) heatRel                  (13) Y_H2                  (14) Y_H                  (15) Y_O                  (16) Y_O2                  (17) Y_OH                  (18) Y_H2O                  (19) Y_HO2                  (20) Y_CH2                  (21) Y_CH2(S)                  (22) Y_CH3                  (23) Y_CH4                  (24) Y_CO                  (25) Y_CO2                  (26) Y_HCO                  (27) Y_CH2O                  (28) Y_CH2OH                  (29) Y_N2
0        1.25587e-05        2.51174e-05        2.84191e-05             101325            1.13145        2.84191e-05            300.053                  0                  0                  0        4.62316e-12        1.46785e-09        6.15571e-18        4.16037e-12           0.222594        1.20697e-12        2.51054e-06        3.13857e-09        1.37197e-18        7.08793e-20        2.12131e-08          0.0446409        4.24648e-08        2.99554e-06        9.01241e-19        6.79871e-09        1.53431e-22            0.73276
1        3.76762e-05        2.51174e-05        2.84155e-05             101325            1.13131        2.84155e-05            300.091                  0        2.60096e-05        9.37062e-08             0.1556        2.60412e-09        1.40009e-17        5.63121e-12           0.222591        1.76892e-12        4.29376e-06        5.21996e-09        3.41014e-18        1.76298e-19        3.64942e-08          0.0446401        7.54167e-08        5.11945e-06        2.24768e-18        1.19944e-08        3.82017e-22            0.73276
2        6.27936e-05        2.51174e-05        2.84078e-05             101325              1.131        2.84078e-05            300.173                  0        4.33016e-05        1.33567e-07           0.294922        5.18989e-09        3.62072e-17        7.55826e-12           0.222584         2.7176e-12        8.15488e-06        9.55716e-09         1.0124e-17        5.23374e-19        6.98415e-08          0.0446383        1.50609e-07        9.71301e-06        6.70352e-18        2.37148e-08        1.13666e-21            0.73276
3        8.79111e-05        2.51174e-05        2.83923e-05             101325            1.13038        2.83923e-05            300.337                  0         8.2467e-05         2.0718e-07           0.730522        1.06505e-08        9.32373e-17        9.90638e-12            0.22257        4.25337e-12        1.59038e-05        1.79524e-08        3.10416e-17        1.60606e-18        1.37277e-07          0.0446348        3.10054e-07        1.89202e-05        2.06615e-17        4.82103e-08        3.50237e-21            0.73276
4        0.000113028        2.51174e-05        2.83629e-05             101325            1.12921        2.83629e-05            300.648                  0        0.000160817        3.29104e-07            2.09668        2.16686e-08        2.23521e-16        1.22186e-11           0.222544         6.5916e-12         3.0638e-05        3.32911e-08        9.27351e-17        4.80573e-18        2.66609e-07          0.0446281        6.33673e-07        3.63998e-05        6.21324e-17        9.69873e-08        1.05579e-20            0.73276
5        0.000138146        2.51174e-05        2.83094e-05             101325            1.12708        2.83094e-05            301.216                  0        0.000309504        5.23696e-07            6.40921        4.32695e-08         4.8247e-16        1.37725e-11           0.222496        1.00363e-11         5.7626e-05        6.02038e-08        2.65715e-16        1.38089e-17        5.05785e-07          0.0446158        1.27322e-06        6.83529e-05        1.79623e-16        1.91065e-07         3.0737e-20            0.73276
6        0.000163263        2.51174e-05        2.82154e-05             101325            1.12334        2.82154e-05             302.22                  0        0.000581353        8.35559e-07            19.7963        8.45888e-08        9.20279e-16        1.38127e-11           0.222412         1.5095e-11        0.000105416        1.05757e-07        7.32324e-16        3.82381e-17        9.33855e-07          0.0445939        2.50941e-06        0.000124794        5.01386e-16         3.6748e-07        8.70519e-20            0.73276
7        0.000188381        2.51174e-05        2.80564e-05             101325            1.11701        2.80564e-05            303.932                  0          0.0010618        1.35922e-06            59.9805        1.61765e-07        1.54744e-15        1.19961e-11           0.222268        2.27775e-11        0.000187217        1.80229e-07        1.96755e-15        1.03532e-16        1.67532e-06          0.0445565         4.8491e-06        0.000221102        1.37233e-15        6.89206e-07        2.44771e-19            0.73276
8        0.000213498        2.51174e-05        2.77985e-05             101325            1.10674        2.77985e-05             306.75                  0         0.00188235        2.31767e-06            175.296        3.02459e-07        2.38312e-15        8.77054e-12            0.22203        3.52284e-11        0.000322368         2.9788e-07         5.2519e-15        2.79597e-16        2.91665e-06          0.0444947        9.18451e-06        0.000379585        3.76418e-15         1.2593e-06        7.02934e-19            0.73276
9        0.000238616        2.51174e-05        2.73996e-05             101325            1.09086        2.73996e-05            311.214                  0         0.00323455        4.26962e-06            488.785        5.52495e-07        3.83777e-15        5.26733e-12           0.221651         5.7105e-11        0.000537467        4.77714e-07        1.42163e-14        7.67923e-16        4.92168e-06           0.044396        1.70415e-05        0.000630523        1.05973e-14        2.23931e-06         2.1254e-18            0.73276
10        0.000263733        2.51174e-05        2.68141e-05             101325            1.06755        2.68141e-05            318.005                  0         0.00538003        8.69347e-06            1289.88        9.84834e-07        7.76939e-15        2.55766e-12           0.221072         9.8121e-11         0.00086651        7.44386e-07        3.87111e-14        2.16222e-15        8.03969e-06          0.0442449        3.09399e-05         0.00101185        3.04039e-14        3.87031e-06         6.8771e-18            0.73276
11        0.000288851        2.51174e-05        2.60043e-05             101325            1.03531        2.60043e-05            327.902                  0          0.0086498        1.95952e-05             3202.5        1.71028e-06        2.07937e-14        1.00485e-12           0.220225        1.78423e-10         0.00134934         1.1298e-06         1.0717e-13        6.21482e-15        1.26989e-05          0.0440226        5.48672e-05          0.0015666        9.02904e-14        6.49199e-06          2.398e-17            0.73276
12        0.000313968        2.51174e-05        2.49537e-05             101325           0.993481        2.49537e-05            341.697                  0          0.0134256         4.8028e-05            7459.88        2.88798e-06        6.42955e-14         3.2979e-13           0.219036         3.4005e-10          0.0020281        1.67621e-06        2.96747e-13        1.80313e-14        1.93793e-05          0.0437092        9.48103e-05         0.00233793        2.73135e-13        1.05527e-05        8.92207e-17            0.73276
13        0.000339085        2.51174e-05        2.36783e-05             101325           0.942705        2.36783e-05            360.084                  0          0.0201002        0.000124662            16315.4        4.73233e-06        2.07939e-13        1.11251e-13           0.217438        6.70786e-10         0.00294233        2.44144e-06        8.12179e-13        5.21085e-14        2.85677e-05          0.0432859        0.000159223         0.00336243        8.31278e-13        1.66025e-05        3.47546e-16            0.73276
14        0.000364203        2.51174e-05        2.22277e-05             101325           0.884952        2.22277e-05            383.555                  0          0.0290246        0.000333987            33655.7        7.51265e-06        6.72954e-13          1.085e-13           0.215379        1.34957e-09         0.00412426        3.50602e-06        2.17285e-12        1.47837e-13         4.0705e-05          0.0427365        0.000259248         0.00466412        2.51116e-12        2.52657e-05        1.37997e-15            0.73276
15         0.00038932        2.51174e-05        2.06738e-05             101325           0.823085        2.06738e-05             412.34                  0           0.040457         0.00090279            65987.8        1.15436e-05        2.12809e-12        3.59035e-13           0.212825        2.72171e-09           0.005596        4.98099e-06        5.61717e-12        4.05336e-13        5.61452e-05          0.0420495        0.000408564         0.00625129        7.41933e-12        3.71968e-05        5.42077e-15            0.73276
16        0.000414438        2.51174e-05        1.90928e-05             101325            0.76014        1.90928e-05            446.416                  0          0.0545354         0.00241004             124169        1.71684e-05        6.48641e-12        1.49717e-12            0.20976        5.40171e-09         0.00736956        7.01498e-06        1.38771e-11        1.05788e-12        7.51374e-05           0.041218        0.000622828         0.00811711        2.11444e-11         5.3031e-05        2.05319e-14            0.73276
17        0.000439555        2.51174e-05        1.75497e-05             101325           0.698707        1.75497e-05            485.564                  0           0.071281         0.00622806             226472        2.47384e-05         1.9039e-11        6.42728e-12           0.206185        1.03834e-08         0.00944907        9.79994e-06        3.25057e-11        2.59901e-12        9.78356e-05          0.0402382        0.000918886          0.0102436        5.75834e-11        7.33411e-05         7.3898e-14            0.73276
18        0.000464673        2.51174e-05        1.60905e-05             101325           0.640611        1.60905e-05            529.452                  0          0.0906271          0.0153233             403764        3.45949e-05        5.45235e-11        2.76658e-11           0.202106        1.91388e-08          0.0118341        1.35756e-05        7.20938e-11        5.98795e-12        0.000124328          0.0391088         0.00131392          0.0126065        1.49555e-10        9.86078e-05         2.5289e-13            0.73276
19         0.00048979        2.51174e-05        1.47412e-05             101325           0.586891        1.47412e-05            577.711                  0           0.112459          0.0355186             708016        4.70555e-05        1.55492e-10        1.17929e-10           0.197533        3.37746e-08          0.0145226        1.86325e-05        1.52685e-10        1.30195e-11        0.000154675          0.0378292          0.0018247          0.0151805        3.72926e-10        0.000129203        8.35712e-13            0.73276
20        0.000514908        2.51174e-05         1.3512e-05             101325           0.537953         1.3512e-05            629.988                  0           0.136651          0.0774106        1.22746e+06         6.2406e-05        4.48361e-10        4.91882e-10           0.192477        5.76075e-08          0.0175135        2.53132e-05        3.15649e-10         2.7238e-11        0.000188948          0.0363987         0.00246709           0.017942        9.06162e-10        0.000165382        2.73081e-12            0.73276
21        0.000540025        2.51174e-05        1.24024e-05             101325           0.493777        1.24024e-05            685.983                  0           0.163092           0.160107        2.11972e+06        8.08958e-05        1.30819e-09         1.9818e-09            0.18694        9.73085e-08          0.0208072        3.40082e-05         6.6147e-10         5.6771e-11        0.000227265          0.0348157         0.00325562          0.0208717        2.18918e-09        0.000207278        8.99114e-12            0.73276
22        0.000565142        2.51174e-05        1.14056e-05             101325           0.454092        1.14056e-05            745.456                  0             0.1917            0.32213        3.69779e+06        0.000102736        3.81535e-09        7.61453e-09           0.180925        1.69893e-07          0.0244064        4.51407e-05         1.4716e-09        1.23421e-10        0.000269824          0.0330781         0.00420323          0.0239549        5.36154e-09        0.000254903        2.99056e-11            0.73276
23         0.00059026        2.51174e-05        1.05119e-05             101325            0.41851        1.05119e-05             808.23                  0           0.222427           0.658938        6.66521e+06        0.000128101        1.09448e-08        2.76039e-08           0.174427        3.23285e-07          0.0283154        5.91296e-05        3.58153e-09        2.90346e-10        0.000316948          0.0311829         0.00532103          0.0271813        1.34558e-08        0.000308145        9.91609e-11            0.73276
24        0.000615377        2.51174e-05        9.71052e-06             101325           0.386605        9.71052e-06            874.175                  0           0.255251             1.4481        1.27421e+07        0.000157125        3.04937e-08        9.37668e-08           0.167442        6.92111e-07           0.032539        7.63093e-05        9.44344e-09        7.40242e-10        0.000369138          0.0291269         0.00661801          0.0305444        3.44938e-08        0.000366767        3.21552e-10            0.73276
25        0.000640495        2.51174e-05        8.99109e-06             101325           0.357962        8.99109e-06            943.195                  0           0.290171            3.53211        2.62469e+07        0.000189899        8.19821e-08        2.97703e-07           0.159965        1.63834e-06           0.037081        9.67767e-05        2.59203e-08        1.97888e-09        0.000427126          0.0269074          0.0081005          0.0340401        8.89594e-08        0.000430391        1.00311e-09            0.73276
26        0.000665612        2.51174e-05        8.34411e-06             101325           0.332204        8.34411e-06             1015.2                  0            0.32719            9.37985        5.78612e+07        0.000226458        2.12339e-07        8.84483e-07           0.151998        4.08126e-06          0.0419407        0.000120116        7.10228e-08        5.32102e-09        0.000491815          0.0245234         0.00977112          0.0376646        2.26249e-07        0.000498429        2.97705e-09            0.73276
27         0.00069073        2.51174e-05        7.76137e-06             101325           0.309003        7.76137e-06            1090.08                  0           0.366291            25.7404        1.32998e+08        0.000266762        5.30048e-07        2.46796e-06            0.14355         1.0218e-05          0.0471113        0.000144967        1.88693e-07        1.39472e-08        0.000563883          0.0219772           0.011628          0.0414141        5.57241e-07        0.000569954        8.34827e-09           0.732759
28        0.000715847        2.51174e-05        7.23598e-06             101325           0.288086        7.23598e-06            1167.64                  0           0.407422            69.5627        3.08861e+08        0.000310673        1.27456e-06        6.49625e-06           0.134636         2.4979e-05          0.0525789        0.000168493        4.77777e-07        3.49595e-08         0.00064254          0.0192745          0.0136644          0.0452869        1.31074e-06        0.000643391         2.2021e-08           0.732759
29        0.000740965        2.51174e-05        6.76261e-06             101325            0.26924        6.76261e-06             1247.5                  0           0.450511            179.399        7.04944e+08        0.000357806        2.94104e-06        1.61815e-05           0.125283        5.86508e-05          0.0583148        0.000186082        1.13898e-06        8.26909e-08        0.000722675          0.0164308          0.0158653          0.0492828        2.90949e-06        0.000715722        5.43499e-08           0.732758
30        0.000766082        2.51174e-05        6.33786e-06             101325           0.252329        6.33786e-06            1328.94                  0           0.495413            432.242        1.54385e+09        0.000407128        6.45817e-06        3.81525e-05           0.115552        0.000130751          0.0642549        0.000192198        2.51942e-06        1.81821e-07        0.000790172          0.0134839          0.0181961          0.0534006        6.00626e-06        0.000780757         1.2419e-07           0.732758
31        0.000791199        2.51174e-05        5.96101e-06             101325           0.237326        5.96101e-06            1410.47                  0           0.541781            953.595        3.16376e+09         0.00045611        1.33135e-05        8.48701e-05           0.105578        0.000273519          0.0702649        0.000183029        5.04387e-06        3.62586e-07        0.000818051          0.0105156          0.0205786           0.057634        1.12722e-05        0.000826042        2.56896e-07           0.732757
32        0.000816317        2.51174e-05        5.63493e-06             101325           0.224343        5.63493e-06            1489.37                  0           0.588867            1878.34        5.87883e+09        0.000499338        2.52608e-05        0.000176762          0.0956404         0.00052902          0.0760957        0.000159177         8.7407e-06        6.27928e-07        0.000772573         0.00767503          0.0228476          0.0619657        1.85478e-05        0.000829466        4.60585e-07           0.732756
33        0.000841434        2.51174e-05        5.36575e-06             101325           0.213626        5.36575e-06             1561.4                  0           0.635259            3197.21        9.49605e+09        0.000527725         4.3046e-05        0.000340056          0.0862227        0.000929366          0.0813689        0.000125897        1.22728e-05         8.8599e-07        0.000640418         0.00517473          0.0247116          0.0663577        2.54745e-05        0.000763853        6.69856e-07           0.732756
34        0.000866552        2.51174e-05        5.15874e-06             101325           0.205385        5.15874e-06            1621.86                  0           0.678798            4547.87        1.26829e+10        0.000532173        6.46044e-05        0.000591872          0.0779363         0.00146008          0.0856787        9.11782e-05        1.32289e-05        9.66553e-07        0.000458249         0.00321551          0.0258116          0.0707391        2.80042e-05        0.000622861         7.4873e-07           0.732756
35        0.000891669        2.51174e-05        5.01111e-06             101325           0.199507        5.01111e-06            1668.32                  0           0.717192            5326.98         1.3555e+10        0.000512794        8.55456e-05        0.000912025          0.0712347         0.00204286          0.0888104        6.20324e-05         1.1128e-05         8.2688e-07         0.00028927         0.00186596          0.0259447          0.0750008        2.46789e-05         0.00044576        6.52906e-07           0.732756
36        0.000916787        2.51174e-05        4.91041e-06             101325           0.195498        4.91041e-06            1702.17                  0           0.749204            5246.49        1.18162e+10        0.000480918        0.000102403         0.00124048          0.0661804         0.00257934          0.0908539        4.13582e-05        7.84567e-06        5.93445e-07        0.000168271         0.00103385          0.0252266          0.0790208        1.83003e-05        0.000287154        4.75602e-07           0.732757
37        0.000941904        2.51174e-05        4.84122e-06             101325           0.192743        4.84122e-06            1726.87                  0           0.775128            4569.16        8.91881e+09        0.000448848        0.000114177         0.00151981          0.0625128         0.00301175          0.0920865        2.82666e-05         4.9902e-06        3.83515e-07        9.37394e-05        0.000557999          0.0239682          0.0827088        1.21345e-05        0.000172874         3.1084e-07           0.732758
38        0.000967022        2.51174e-05        4.79123e-06             101325           0.190753        4.79123e-06            1745.73                  0           0.796102            3719.07        6.22232e+09        0.000422658        0.000121396         0.00172505          0.0598669         0.00333238          0.0927979        2.04704e-05        3.00752e-06        2.34227e-07         5.1174e-05        0.000297295          0.0224679          0.0860267        7.54187e-06        0.000100193        1.91469e-07           0.732758
39        0.000992139        2.51174e-05        4.75258e-06             101325           0.189214        4.75258e-06            1761.01                  0           0.813328            2949.43        4.24031e+09        0.000403091        0.000125009         0.00185833          0.0579229         0.00355913          0.0932063        1.59285e-05        1.76386e-06        1.38871e-07        2.77102e-05         0.00015757          0.0209237          0.0889774        4.52184e-06         5.6922e-05        1.14274e-07           0.732759
40         0.00101726        2.51174e-05        4.72073e-06             101325           0.187946        4.72073e-06             1774.1                  0           0.827765            2336.15        2.94318e+09        0.000388648        0.000125903         0.00193308          0.0564489         0.00371482          0.0934516        1.32645e-05        1.02084e-06        8.10864e-08        1.49796e-05        8.34497e-05          0.0194426          0.0915872        2.65879e-06        3.20261e-05        6.70782e-08           0.732759
41         0.00104237        2.51174e-05        4.69319e-06             101325            0.18685        4.69319e-06            1785.77                  0           0.840103            1870.24        2.13755e+09        0.000377483        0.000124795         0.00196415          0.0552902         0.00381884          0.0936166        1.16531e-05        5.87472e-07        4.69989e-08        8.11388e-06        4.42802e-05          0.0180723          0.0938916        1.54829e-06        1.79503e-05         3.9047e-08            0.73276
42         0.00106749        2.51174e-05        4.66855e-06             101325           0.185869        4.66855e-06            1796.45                  0           0.850825            1519.15        1.64207e+09        0.000368105        0.000122235         0.00196404          0.0543475         0.00388552          0.0937468        1.06256e-05        3.37621e-07        2.71646e-08        4.41371e-06        2.35813e-05          0.0168277          0.0959283        8.98764e-07         1.0058e-05        2.26485e-08            0.73276
43         0.00109261        2.51174e-05        4.64605e-06             101325           0.184973        4.64605e-06            1806.39                  0           0.860271            1251.53        1.33012e+09        0.000359499        0.000118639         0.00194215          0.0535571         0.00392492          0.0938666        9.92254e-06        1.94262e-07        1.56988e-08        2.41462e-06        1.26183e-05          0.0157067          0.0977331        5.22684e-07        5.64635e-06         1.3127e-08            0.73276
44         0.00111773        2.51174e-05        4.62523e-06             101325           0.184144        4.62523e-06            1815.72                  0           0.868687            1043.49        1.12367e+09        0.000351051        0.000114321         0.00190525          0.0528782         0.00394398          0.0939876        9.40174e-06        1.12077e-07        9.08621e-09        1.32975e-06        6.78988e-06          0.0146997          0.0993387        3.05946e-07        3.18008e-06        7.61575e-09            0.73276
45         0.00114284        2.51174e-05         4.6058e-06             101325           0.183371         4.6058e-06            1824.55                  0           0.876259              878.3        9.77612e+08         0.00034243        0.000109521         0.00185811          0.0522837         0.00394748           0.094115        8.98541e-06        6.48937e-08         5.2721e-09         7.3763e-07        3.67627e-06          0.0137943           0.100774        1.81146e-07        1.79845e-06        4.42731e-09            0.73276
46         0.00116796        2.51174e-05        4.58757e-06             101325           0.182645        4.58757e-06            1832.93                  0           0.883128            744.608        8.66748e+08        0.000333486        0.000104418         0.00180408          0.0517549         0.00393879          0.0942503        8.63076e-06         3.7728e-08        3.06852e-09         4.1231e-07         2.0037e-06          0.0129776           0.102064        1.09125e-07        1.02186e-06        2.58063e-09            0.73276
47         0.00119308        2.51174e-05        4.57038e-06             101325            0.18196        4.57038e-06            1840.91                  0           0.889408            634.691        7.77229e+08        0.000324181        9.91496e-05         0.00174552          0.0512789         0.00392032          0.0943932        8.31404e-06          2.203e-08        1.79214e-09        2.32286e-07        1.09971e-06          0.0122376           0.103231        6.73433e-08        5.83521e-07        1.50882e-09            0.73276
48          0.0012182        2.51174e-05        4.55414e-06             101325           0.181314        4.55414e-06            1848.52                  0           0.895187            543.204        7.01468e+08        0.000314537        9.38204e-05         0.00168409          0.0508463         0.00389384          0.0945427         8.0218e-06        1.29212e-08         1.0505e-09        1.31909e-07        6.07933e-07          0.0115635           0.104292         4.2894e-08        3.34949e-07        8.85051e-10            0.73276
49         0.00124331        2.51174e-05        4.53875e-06             101325           0.180701        4.53875e-06            1855.81                  0           0.900541            466.344        6.35262e+08        0.000304608        8.85091e-05         0.00162102          0.0504498         0.00386069          0.0946975        7.74633e-06        7.61254e-09        6.18081e-10        7.55062e-08        3.38562e-07           0.010946           0.105263        2.84016e-08        1.93283e-07        5.20923e-10            0.73276
50         0.00126843        2.51174e-05        4.52414e-06             101325            0.18012        4.52414e-06            1862.78                  0            0.90553            401.317        5.76225e+08         0.00029446        8.32752e-05         0.00155718          0.0500839          0.0038219          0.0948562        7.48301e-06        4.50487e-09         3.6504e-10        4.35622e-08        1.89967e-07          0.0103771           0.106158        1.96534e-08        1.12127e-07        3.07668e-10            0.73276
51         0.00129355        2.51174e-05        4.51025e-06             101325           0.179566        4.51025e-06            1869.47                  0           0.910203            346.005        5.22942e+08        0.000284161        7.81628e-05         0.00149324          0.0497444         0.00377832          0.0950174        7.22906e-06         2.6775e-09        2.16416e-10         2.5328e-08        1.07399e-07         0.00984978           0.106987        1.42403e-08        6.53926e-08        1.82351e-10            0.73276
52         0.00131867        2.51174e-05        4.49701e-06             101325            0.17904        4.49701e-06            1875.88                  0           0.914601            298.758        4.74519e+08        0.000273778        7.32042e-05         0.00142968          0.0494278         0.00373061          0.0951802         6.9827e-06        1.59824e-09        1.28793e-10        1.48383e-08        6.11818e-08         0.00935848           0.107759        1.07817e-08         3.8338e-08        1.08458e-10            0.73276
53         0.00134378        2.51174e-05        4.48439e-06             101325           0.178537        4.48439e-06            1882.05                  0            0.91876            258.264        4.30346e+08        0.000263369        6.84226e-05         0.00136688          0.0491312         0.00367933          0.0953433        6.74278e-06        9.58055e-10        7.69412e-11         8.7576e-09        3.51185e-08         0.00889835           0.108482        8.48342e-09        2.25943e-08        6.47372e-11            0.73276
54          0.0013689        2.51174e-05        4.47234e-06             101325           0.178057        4.47234e-06            1887.97                  0           0.922706            223.459        3.89972e+08        0.000252988         6.3834e-05         0.00130513          0.0488523         0.00362495          0.0955061        6.50853e-06        5.76706e-10        4.61416e-11        5.20619e-09        2.03108e-08          0.0084654           0.109162        6.88661e-09        1.33855e-08        3.87794e-11            0.73276
55         0.00139402        2.51174e-05        4.46083e-06             101325           0.177599        4.46083e-06            1893.67                  0           0.926464            193.471        3.53041e+08        0.000242679        5.94485e-05         0.00124464          0.0485894         0.00356788          0.0956679        6.27942e-06        3.48596e-10        2.77786e-11        3.11684e-09        1.18353e-08         0.00805632           0.109805        5.72425e-09        7.97137e-09        2.33144e-11            0.73276
56         0.00141914        2.51174e-05        4.44982e-06             101325           0.177161        4.44982e-06            1899.16                  0           0.930053            167.579        3.19254e+08        0.000232483        5.52721e-05         0.00118558          0.0483408         0.00350846          0.0958279        6.05511e-06        2.11589e-10        1.67894e-11        1.87888e-09        6.94811e-09         0.00766839           0.110415        4.83963e-09        4.77223e-09        1.40687e-11            0.73276
57         0.00144425        2.51174e-05        4.43929e-06             101325           0.176741        4.43929e-06            1904.44                  0           0.933489            145.181         2.8835e+08        0.000222433        5.13074e-05         0.00112808          0.0481052         0.00344701          0.0959859        5.83535e-06        1.28966e-10        1.01882e-11        1.14029e-09        4.10929e-09         0.00729934           0.110994        4.13958e-09        2.87239e-09        8.52172e-12            0.73276
58         0.00146937        2.51174e-05         4.4292e-06             101325            0.17634         4.4292e-06            1909.53                  0           0.936784            125.774          2.601e+08        0.000212557        4.75542e-05         0.00107223          0.0478816          0.0033838          0.0961413           5.62e-06        7.89387e-11        6.20781e-12        6.96658e-10        2.44826e-09         0.00694733           0.111548        3.56778e-09         1.7385e-09        5.18194e-12            0.73276
59         0.00149449        2.51174e-05        4.41955e-06             101325           0.175955        4.41955e-06            1914.42                  0            0.93995            108.937        2.34293e+08         0.00020288        4.40103e-05          0.0010181          0.0476691         0.00331909          0.0962938          5.409e-06        4.85252e-11        3.79844e-12        4.28426e-10        1.46934e-09         0.00661085           0.112076        3.08941e-09        1.05836e-09        3.16376e-12            0.73276
60         0.00151961        2.51174e-05        4.41031e-06             101325           0.175587        4.41031e-06            1919.13                  0           0.942995            94.3115        2.10739e+08        0.000193422        4.06722e-05        0.000965757           0.047467         0.00325309          0.0964432        5.20234e-06        2.99605e-11        2.33428e-12        2.65195e-10        8.88274e-10         0.00628867           0.112582        2.68227e-09        6.48317e-10        1.93965e-12            0.73276
61         0.00154472        2.51174e-05        4.40146e-06             101325           0.175235        4.40146e-06            1923.67                  0           0.945926            81.5978        1.89264e+08        0.000184199        3.75349e-05        0.000915223          0.0472747         0.00318603          0.0965893        5.00003e-06        1.85815e-11        1.44094e-12        1.65226e-10        5.40917e-10         0.00597979           0.113068        2.33167e-09         3.9982e-10        1.19432e-12            0.73276
62         0.00156984        2.51174e-05        4.39299e-06             101325           0.174898        4.39299e-06            1928.03                  0           0.948749            70.5396        1.69709e+08        0.000175227        3.45926e-05        0.000866528          0.0470916         0.00311809          0.0967319        4.80216e-06        1.15777e-11         8.9361e-13        1.03615e-10        3.31798e-10         0.00568339           0.113533        2.02748e-09        2.48415e-10          7.387e-13           0.732761
63         0.00159496        2.51174e-05        4.38488e-06             101325           0.174575        4.38488e-06            1932.22                  0           0.951468            60.9193        1.51923e+08        0.000166516        3.18389e-05        0.000819682          0.0469174         0.00304947          0.0968707        4.60883e-06        7.24824e-12        5.56846e-13        6.54045e-11        2.05015e-10         0.00539883            0.11398        1.76234e-09        1.55647e-10        4.59039e-13           0.732761
64         0.00162008        2.51174e-05        4.37713e-06             101325           0.174266        4.37713e-06            1936.25                  0           0.954088            52.5507        1.35771e+08        0.000158077         2.9267e-05         0.00077469          0.0467515         0.00298035          0.0970058        4.42016e-06        4.56017e-12        3.48724e-13        4.15586e-11        1.27609e-10         0.00512557            0.11441        1.53067e-09        9.84653e-11        2.86647e-13            0.73276
65         0.00164519        2.51174e-05        4.36971e-06             101325           0.173971        4.36971e-06            1940.12                  0           0.956612            45.2742        1.21125e+08        0.000149918        2.68694e-05        0.000731549          0.0465938         0.00291089           0.097137        4.23631e-06        2.88362e-12        2.19517e-13        2.65836e-11        8.00179e-11         0.00486319           0.114822        1.32804e-09         6.2991e-11        1.79908e-13            0.73276
66         0.00167031        2.51174e-05        4.36263e-06             101325           0.173689        4.36263e-06            1943.83                  0           0.959041            38.9521        1.07867e+08        0.000142045        2.46387e-05        0.000690249           0.046444         0.00284125          0.0972643        4.05744e-06        1.83307e-12        1.38924e-13          1.712e-11        5.05508e-11         0.00461134           0.115218        1.15082e-09         4.0827e-11        1.13513e-13            0.73276
67         0.00169543        2.51174e-05        4.35587e-06             101325            0.17342        4.35587e-06            1947.38                  0           0.961378            33.4653        9.58864e+07        0.000134461        2.25674e-05        0.000650773          0.0463018          0.0027716          0.0973875        3.88372e-06        1.17161e-12        8.84071e-14        1.11013e-11        3.21765e-11         0.00436971           0.115597        9.95915e-10        2.68691e-11        7.20153e-14            0.73276
68         0.00172054        2.51174e-05        4.34942e-06             101325           0.173163        4.34942e-06            1950.79                  0           0.963625            28.7104         8.5082e+07        0.000127172        2.06476e-05        0.000613101          0.0461669          0.0027021          0.0975066        3.71533e-06        7.53047e-13        5.65829e-14        7.24881e-12        2.06375e-11         0.00413808           0.115961        8.60684e-10        1.79999e-11        4.59494e-14            0.73276
69         0.00174566        2.51174e-05        4.34327e-06             101325           0.172918        4.34327e-06            1954.05                  0           0.965783            24.5971        7.53577e+07        0.000120178        1.88717e-05        0.000577209          0.0460392         0.00263288          0.0976217        3.55244e-06        4.86832e-13        3.64294e-14        4.76687e-12        1.33389e-11         0.00391624            0.11631        7.42802e-10        1.23058e-11        2.94918e-14            0.73276
70         0.00177078        2.51174e-05        4.33741e-06             101325           0.172685        4.33741e-06            1957.16                  0           0.967853            21.0461        6.66244e+07        0.000113481         1.7232e-05        0.000543067          0.0459185         0.00256411          0.0977327        3.39524e-06        3.16615e-13        2.35977e-14        3.15734e-12        8.68905e-12         0.00370398           0.116643        6.40219e-10        8.60627e-12         1.9045e-14            0.73276
71          0.0017959        2.51174e-05        4.33184e-06             101325           0.172464        4.33184e-06            1960.13                  0           0.969837            17.9881        5.87989e+07        0.000107079         1.5721e-05        0.000510643          0.0458045         0.00249591          0.0978395        3.24388e-06        2.07183e-13        1.53822e-14        2.10658e-12        5.70497e-12         0.00350115           0.116962        5.51113e-10        6.16914e-12        1.23767e-14            0.73276
72         0.00182101        2.51174e-05        4.32655e-06             101325           0.172253        4.32655e-06            1962.96                  0           0.971736            15.3617        5.18035e+07        0.000100973        1.43311e-05        0.000479903          0.0456971         0.00242845          0.0979423        3.09853e-06        1.36435e-13        1.00919e-14        1.41595e-12        3.77579e-12         0.00330757           0.117266        4.73862e-10         4.5377e-12         8.0959e-15            0.73276
73         0.00184613        2.51174e-05        4.32153e-06             101325           0.172053        4.32153e-06            1965.66                  0            0.97355            13.1127        4.55654e+07        9.51588e-05        1.30551e-05        0.000450806           0.045596         0.00236184          0.0980409         2.9593e-06        9.04316e-14        6.66526e-15        9.58915e-13        2.51927e-12         0.00312308           0.117556        4.07021e-10        3.42542e-12         5.3314e-15            0.73276
74         0.00187125        2.51174e-05        4.31677e-06             101325           0.171863        4.31677e-06            1968.22                  0           0.975282             11.193         4.0017e+07         8.9634e-05        1.18858e-05        0.000423313          0.0455012         0.00229623          0.0981355        2.82631e-06        6.03403e-14        4.43219e-15        6.54351e-13        1.69471e-12         0.00294751           0.117832        3.49299e-10        2.65134e-12        3.53523e-15            0.73276
75         0.00189637        2.51174e-05        4.31226e-06             101325           0.171684        4.31226e-06            1970.65                  0           0.976933            9.56014        3.50949e+07        8.43941e-05        1.08164e-05         0.00039738          0.0454122         0.00223175           0.098226        2.69966e-06        4.05376e-14        2.96788e-15        4.49966e-13        1.14949e-12         0.00278069           0.118094         2.9955e-10        2.10041e-12        2.36086e-15            0.73276
76         0.00192148        2.51174e-05          4.308e-06             101325           0.171514          4.308e-06            1972.95                  0           0.978504            8.17631        3.07403e+07        7.94343e-05        9.83995e-06        0.000372962          0.0453291         0.00216851          0.0983126        2.57939e-06        2.74245e-14        2.00157e-15        3.11832e-13        7.86216e-13         0.00262243           0.118342        2.56753e-10        1.69886e-12         1.5881e-15            0.73276
77          0.0019466        2.51174e-05        4.30397e-06             101325           0.171354        4.30397e-06            1975.13                  0           0.979996            7.00799        2.68982e+07        7.47487e-05        8.95013e-06         0.00035001          0.0452514         0.00210664          0.0983952        2.46555e-06        1.86858e-14        1.35974e-15        2.17801e-13        5.42292e-13         0.00247254           0.118578        2.20003e-10        1.39902e-12        1.07623e-15            0.73276
78         0.00197172        2.51174e-05        4.30018e-06             101325           0.171203        4.30018e-06            1977.19                  0           0.981412            6.02546        2.35177e+07        7.03308e-05        8.14066e-06        0.000328475          0.0451791         0.00204625          0.0984739        2.35813e-06        1.28245e-14        9.30593e-16         1.5333e-13         3.7723e-13         0.00233081             0.1188        1.88499e-10        1.16975e-12        7.34899e-16            0.73276
79         0.00199684        2.51174e-05         4.2966e-06             101325           0.171061         4.2966e-06            1979.14                  0           0.982752            5.20239        2.05515e+07        6.61735e-05        7.40557e-06        0.000308306          0.0451119         0.00198744          0.0985488         2.2571e-06         8.8671e-15        6.41713e-16        1.08802e-13        2.64657e-13         0.00219704            0.11901        1.61537e-10        9.90479e-13        5.05711e-16            0.73276
80         0.00202195        2.51174e-05        4.29324e-06             101325           0.170927        4.29324e-06            1980.97                  0           0.984019            4.51551        1.79558e+07        6.22691e-05        6.73916e-06        0.000289451          0.0450495         0.00193031          0.0986199         2.1624e-06        6.17719e-15        4.45917e-16        7.78225e-14        1.87276e-13         0.00207098           0.119208        1.38495e-10        8.47433e-13        3.50744e-16            0.73276
81         0.00204707        2.51174e-05        4.29009e-06             101325           0.170801        4.29009e-06            1982.69                  0           0.985215            3.94431        1.56903e+07        5.86095e-05        6.13599e-06        0.000271857          0.0449917         0.00187495          0.0986873        2.07392e-06         4.3363e-15        3.12284e-16        5.61106e-14        1.33665e-13         0.00195241           0.119395         1.1883e-10        7.31255e-13        2.45216e-16            0.73276
82         0.00207219        2.51174e-05        4.28713e-06             101325           0.170683        4.28713e-06            1984.31                  0           0.986342            3.47076        1.37178e+07        5.51858e-05        5.59093e-06        0.000255469          0.0449383         0.00182145          0.0987511        1.99154e-06        3.06774e-15        2.20433e-16        4.07813e-14        9.62268e-14         0.00184107            0.11957        1.02066e-10        6.35471e-13        1.72833e-16            0.73276
83         0.00209731        2.51174e-05        4.28436e-06             101325           0.170573        4.28436e-06            1985.83                  0           0.987401            3.07907        1.20042e+07        5.19892e-05        5.09913e-06        0.000240232          0.0448891         0.00176986          0.0988114         1.9151e-06        2.18744e-15        1.56849e-16        2.98784e-14        6.98751e-14         0.00173671           0.119734        8.77888e-11        5.55515e-13        1.22823e-16            0.73276
84         0.00212242        2.51174e-05        4.28177e-06             101325            0.17047        4.28177e-06            1987.25                  0           0.988396            2.75548        1.05186e+07        4.90102e-05          4.656e-06        0.000226092          0.0448437         0.00172026          0.0988682        1.84441e-06        1.57222e-15        1.12514e-16        2.20665e-14        5.11798e-14         0.00163906           0.119887          7.564e-11          4.881e-13        8.80132e-17            0.73276
85         0.00214754        2.51174e-05        4.27936e-06             101325           0.170374        4.27936e-06            1988.58                  0           0.989329            2.48804        9.23265e+06        4.62393e-05        4.25729e-06        0.000212992          0.0448021         0.00167269          0.0989217        1.77927e-06         1.1392e-15        8.13755e-17        1.64282e-14        3.78113e-14         0.00154785            0.12003        6.53082e-11        4.30803e-13        6.36034e-17            0.73276
86         0.00217266        2.51174e-05        4.27711e-06             101325           0.170284        4.27711e-06            1989.81                  0           0.990201            2.26649        8.12086e+06         4.3667e-05        3.89898e-06        0.000200878          0.0447639         0.00162719           0.098972        1.71944e-06        8.32223e-16        5.93454e-17        1.23289e-14        2.81765e-14         0.00146281           0.120164        5.65251e-11        3.81798e-13        4.63576e-17            0.73276
87         0.00219778        2.51174e-05        4.27502e-06             101325           0.170201        4.27502e-06            1990.97                  0           0.991015            2.08202        7.16029e+06        4.12833e-05        3.57736e-06        0.000189696          0.0447289         0.00158378          0.0990191        1.66467e-06        6.13019e-16        4.36443e-17         9.3268e-15        2.11783e-14         0.00138366           0.120288        4.90599e-11        3.39679e-13        3.40812e-17            0.73276
88         0.00222289        2.51174e-05        4.27308e-06             101325           0.170124        4.27308e-06            1992.04                  0           0.991775            1.92717        6.33041e+06        3.90785e-05        3.28899e-06        0.000179392           0.044697         0.00154249          0.0990633        1.61469e-06        4.55355e-16        3.23712e-17        7.11247e-15        1.60557e-14         0.00131012           0.120404        4.27146e-11        3.03339e-13        2.52759e-17            0.73276
89         0.00224801        2.51174e-05        4.27128e-06             101325           0.170052        4.27128e-06            1993.03                  0           0.992481            1.79566          5.613e+06        3.70428e-05        3.03069e-06        0.000169912          0.0446678         0.00150332          0.0991045        1.56924e-06        3.41128e-16        2.42175e-17        5.46754e-15        1.22773e-14         0.00124191           0.120511        3.73199e-11         2.7189e-13        1.89125e-17            0.73276
90         0.00227313        2.51174e-05        4.26961e-06             101325           0.169986        4.26961e-06            1993.95                  0           0.993137            1.68228        4.99198e+06        3.51667e-05        2.79953e-06        0.000161206          0.0446413         0.00146625           0.099143        1.52803e-06        2.57767e-16        1.82762e-17          4.237e-15        9.46913e-15         0.00117876            0.12061        3.27311e-11        2.44609e-13        1.42788e-17            0.73276
91         0.00229825        2.51174e-05        4.26807e-06             101325           0.169925        4.26807e-06            1994.81                  0           0.993746            1.58276        4.45327e+06        3.34408e-05        2.59282e-06        0.000153223          0.0446171         0.00143128          0.0991787        1.49077e-06        1.96489e-16        1.39151e-17         3.3101e-15        7.36657e-15         0.00112039           0.120702        2.88254e-11        2.20898e-13         1.0879e-17            0.73276
92         0.00232336        2.51174e-05        4.26665e-06             101325           0.169868        4.26665e-06            1995.59                  0           0.994309            1.49365        3.98461e+06        3.18556e-05        2.40811e-06        0.000145915          0.0445952         0.00139837           0.099212        1.45719e-06        1.51116e-16        1.06903e-17        2.60714e-15        5.78072e-15         0.00106653           0.120786        2.54981e-11        2.00258e-13        8.36589e-18            0.73276
93         0.00234848        2.51174e-05        4.26534e-06             101325           0.169816        4.26534e-06            1996.32                  0           0.994829            1.41222        3.57542e+06        3.04022e-05        2.24316e-06        0.000139235          0.0445753         0.00136748          0.0992428          1.427e-06        1.17277e-16        8.28816e-18        2.07044e-15        4.57596e-15         0.00101693           0.120864        2.26607e-11        1.82266e-13        6.49414e-18            0.73276
94          0.0023736        2.51174e-05        4.26414e-06             101325           0.169768        4.26414e-06            1996.98                  0           0.995309            1.33635        3.21663e+06         2.9072e-05        2.09595e-06        0.000133139          0.0445573         0.00133858          0.0992713        1.39993e-06        9.18575e-17         6.4858e-18        1.65799e-15        3.65423e-15        0.000971316           0.120936         2.0238e-11        1.66565e-13        5.08966e-18            0.73276
95         0.00239872        2.51174e-05        4.26304e-06             101325           0.169724        4.26304e-06             1997.6                  0           0.995751            1.26447        2.90054e+06        2.78564e-05        1.96462e-06        0.000127583           0.044541          0.0013116          0.0992976        1.37572e-06        7.26252e-17        5.12357e-18        1.33895e-15        2.94411e-15        0.000929445           0.121002        1.81666e-11        1.52848e-13        4.02795e-18            0.73276
96         0.00242383        2.51174e-05        4.26203e-06             101325           0.169684        4.26203e-06            1998.16                  0           0.996157            1.19543        2.62065e+06        2.67474e-05        1.84752e-06        0.000122527          0.0445263         0.00128648          0.0993218        1.35411e-06        5.79693e-17         4.0865e-18        1.09058e-15        2.39326e-15        0.000891074           0.121062        1.63931e-11        1.40854e-13        3.21938e-18            0.73276
97         0.00244895        2.51174e-05         4.2611e-06             101325           0.169647         4.2611e-06            1998.67                  0           0.996529            1.12844        2.37152e+06        2.57373e-05        1.74315e-06        0.000117932           0.044513         0.00126317          0.0993441        1.33486e-06        4.67202e-17        3.29121e-18        8.95989e-16        1.96303e-15         0.00085597           0.121117        1.48721e-11        1.30357e-13        2.59901e-18            0.73276
98         0.00247407        2.51174e-05        4.26026e-06             101325           0.169613        4.26026e-06            1999.14                  0           0.996871            1.06304         2.1486e+06        2.48187e-05        1.65015e-06        0.000113763          0.0445011         0.00124157          0.0993646        1.31776e-06        3.80232e-17        2.67684e-18        7.42557e-16        1.62473e-15        0.000823907           0.121167        1.35655e-11        1.21162e-13        2.11948e-18            0.73276
99         0.00249919        2.51174e-05        4.25949e-06             101325           0.169583        4.25949e-06            1999.57                  0           0.997182           0.998954        1.94814e+06        2.39846e-05        1.56732e-06        0.000109984          0.0444903         0.00122162          0.0993834        1.30257e-06        3.12497e-17        2.19872e-18        6.20792e-16         1.3569e-15        0.000794672           0.121213        1.24413e-11        1.13102e-13        1.74601e-18            0.73276
100          0.0025243        2.51174e-05        4.25879e-06             101325           0.169555        4.25879e-06            1999.96                  0           0.997467           0.936114        1.76708e+06        2.32284e-05        1.49356e-06        0.000106563          0.0444806         0.00120324          0.0994005        1.28912e-06        2.59346e-17         1.8238e-18        5.23518e-16        1.14337e-15         0.00076806           0.121255        1.14722e-11        1.06031e-13        1.45291e-18            0.73276
101         0.00254942        2.51174e-05        4.25815e-06             101325            0.16953        4.25815e-06            2000.31                  0           0.997726           0.874565        1.60287e+06        2.25438e-05         1.4279e-06        0.000103472          0.0444719         0.00118635          0.0994161        1.27722e-06        2.17318e-17        1.52753e-18        4.45279e-16         9.7193e-16        0.000743874           0.121293        1.06354e-11        9.98242e-14        1.22109e-18            0.73276
102         0.00257454        2.51174e-05        4.25758e-06             101325           0.169507        4.25758e-06            2000.63                  0           0.997962           0.814442        1.45344e+06        2.19251e-05        1.36946e-06        0.000100681          0.0444642         0.00117086          0.0994304         1.2667e-06         1.8382e-17        1.29152e-18        3.81901e-16        8.33255e-16        0.000721929           0.121328        9.91174e-12        9.43716e-14        1.03624e-18            0.73276
103         0.00259966        2.51174e-05        4.25705e-06             101325           0.169486        4.25705e-06            2000.92                  0           0.998176           0.755932        1.31712e+06        2.13667e-05        1.31748e-06         9.8165e-05          0.0444572          0.0011567          0.0994433        1.25741e-06        1.56898e-17        1.10194e-18        3.30176e-16        7.20217e-16        0.000702051           0.121359        9.28477e-12        8.95789e-14         8.8763e-19            0.73276
104         0.00262477        2.51174e-05        4.25658e-06             101325           0.169467        4.25658e-06            2001.19                  0            0.99837           0.699245         1.1925e+06        2.08635e-05        1.27125e-06        9.58995e-05          0.0444509         0.00114377          0.0994551        1.24922e-06        1.35075e-17        9.48347e-19        2.87629e-16        6.27327e-16        0.000684073           0.121387        8.74076e-12        8.53642e-14        7.67111e-19            0.73276
105         0.00264989        2.51174e-05        4.25616e-06             101325            0.16945        4.25616e-06            2001.42                  0           0.998545           0.644595        1.07844e+06        2.04106e-05        1.23016e-06        9.38621e-05          0.0444453           0.001132          0.0994657          1.242e-06        1.17226e-17        8.22775e-19        2.52339e-16        5.50344e-16        0.000667841           0.121412        8.26804e-12        8.16558e-14          6.685e-19            0.73276
106         0.00267501        2.51174e-05        4.25577e-06             101325           0.169435        4.25577e-06            2001.64                  0           0.998704           0.592183             973974        2.00037e-05        1.19364e-06        9.20323e-05          0.0444403         0.00112131          0.0994753        1.23564e-06        1.02489e-17        7.19147e-19        2.22814e-16        4.85973e-16        0.000653209           0.121435        7.85669e-12        7.83918e-14        5.87065e-19            0.73276
107         0.00270013        2.51174e-05        4.25543e-06             101325           0.169421        4.25543e-06            2001.83                  0           0.998847           0.542186             878298        1.96386e-05         1.1612e-06        9.03911e-05          0.0444359         0.00111163           0.099484        1.23005e-06         9.0206e-18          6.328e-19        1.97886e-16        4.31649e-16        0.000640039           0.121456        7.49829e-12        7.55179e-14        5.19175e-19            0.73276
108         0.00272524        2.51174e-05        4.25512e-06             101325           0.169409        4.25512e-06               2002                  0           0.998975           0.494746             790710        1.93115e-05        1.13241e-06        8.89209e-05          0.0444319         0.00110286          0.0994918        1.22512e-06         7.9866e-18        5.60141e-19        1.76644e-16        3.85371e-16        0.000628205           0.121475        7.18569e-12        7.29869e-14        4.62029e-19            0.73276
109         0.00275036        2.51174e-05        4.25484e-06             101325           0.169398        4.25484e-06            2002.16                  0           0.999091            0.44997             710601        1.90187e-05        1.10686e-06        8.76055e-05          0.0444284         0.00109496          0.0994989         1.2208e-06        7.10756e-18        4.98392e-19        1.58371e-16        3.45569e-16        0.000617589           0.121491        6.91276e-12        7.07576e-14        4.13462e-19            0.73276
110         0.00277548        2.51174e-05        4.25459e-06             101325           0.169388        4.25459e-06             2002.3                  0           0.999195           0.407928             637427        1.87572e-05         1.0842e-06        8.64302e-05          0.0444253         0.00108783          0.0995052        1.21699e-06        6.35293e-18        4.45398e-19        1.42507e-16        3.11014e-16        0.000608079           0.121506        6.67426e-12        6.87939e-14        3.71789e-19            0.73276
111         0.00280059        2.51174e-05        4.25437e-06             101325           0.169379        4.25437e-06            2002.42                  0           0.999287           0.368651             570691        1.85239e-05        1.06413e-06        8.53815e-05          0.0444225         0.00108143          0.0995108        1.21365e-06        5.69892e-18        3.99485e-19         1.2861e-16        2.80741e-16        0.000599574            0.12152         6.4657e-12        6.70642e-14        3.35701e-19            0.73276
112         0.00282571        2.51174e-05        4.25417e-06             101325           0.169371        4.25417e-06            2002.53                  0           0.999371           0.332137             509939        1.83161e-05        1.04635e-06         8.4447e-05            0.04442         0.00107569          0.0995159        1.21071e-06        5.12701e-18        3.59345e-19        1.16332e-16        2.53992e-16         0.00059198           0.121532        6.28323e-12        6.55408e-14        3.04175e-19            0.73276
113         0.00285083        2.51174e-05          4.254e-06             101325           0.169364          4.254e-06            2002.63                  0           0.999445           0.298349             454745        1.81311e-05        1.03062e-06        8.36153e-05          0.0444178         0.00107055          0.0995204        1.20814e-06        4.62269e-18        3.23957e-19          1.054e-16         2.3017e-16        0.000585209           0.121542        6.12352e-12        6.41994e-14        2.76408e-19            0.73276
114         0.00287595        2.51174e-05        4.25384e-06             101325           0.169358        4.25384e-06            2002.72                  0           0.999511           0.267226             404710        1.79668e-05        1.01671e-06        8.28762e-05          0.0444159         0.00106596          0.0995244        1.20587e-06         4.1746e-18        2.92523e-19        9.55981e-17        2.08807e-16        0.000579182           0.121552        5.98369e-12        6.30186e-14        2.51773e-19            0.73276
115         0.00290106        2.51174e-05         4.2537e-06             101325           0.169353         4.2537e-06            2002.79                  0            0.99957           0.238681             359453        1.78211e-05        1.00442e-06        8.22202e-05          0.0444141         0.00106186           0.099528        1.20389e-06        3.77382e-18        2.64414e-19        8.67565e-17         1.8953e-16        0.000573826            0.12156        5.86124e-12        6.19796e-14        2.29772e-19            0.73276
116         0.00292618        2.51174e-05        4.25358e-06             101325           0.169348        4.25358e-06            2002.86                  0           0.999622           0.212609             318615         1.7692e-05        9.93579e-07        8.16387e-05          0.0444126         0.00105822          0.0995312        1.20215e-06         3.4133e-18        2.39133e-19        7.87408e-17        1.72049e-16        0.000569072           0.121568        5.75403e-12        6.10657e-14        2.10014e-19            0.73276
117          0.0029513        2.51174e-05        4.25347e-06             101325           0.169343        4.25347e-06            2002.92                  0           0.999669           0.188889             281851        1.75777e-05        9.84018e-07        8.11241e-05          0.0444113         0.00105498           0.099534        1.20063e-06        3.08747e-18        2.16289e-19         7.1444e-17        1.56132e-16         0.00056486           0.121574        5.66015e-12        6.02624e-14        1.92188e-19            0.73276
118         0.00297642        2.51174e-05        4.25337e-06             101325           0.169339        4.25337e-06            2002.98                  0            0.99971           0.167391             248833        1.74768e-05        9.75596e-07        8.06692e-05          0.0444101         0.00105211          0.0995365        1.19929e-06        2.79188e-18        1.95568e-19        6.47811e-17        1.41592e-16        0.000561134            0.12158        5.57799e-12        5.95568e-14        1.76044e-19            0.73276
119         0.00300153        2.51174e-05        4.25329e-06             101325           0.169336        4.25329e-06            2003.03                  0           0.999746           0.147978             219253        1.73878e-05        9.68185e-07        8.02677e-05          0.0444091         0.00104956          0.0995387        1.19812e-06        2.52295e-18        1.76719e-19        5.86834e-17        1.28282e-16        0.000557842           0.121585        5.50609e-12        5.89372e-14        1.61383e-19            0.73276
120         0.00302665        2.51174e-05        4.25322e-06             101325           0.169333        4.25322e-06            2003.07                  0           0.999778           0.130507             192814        1.73094e-05        9.61671e-07        7.99138e-05          0.0444081         0.00104732          0.0995406         1.1971e-06        2.27779e-18        1.59538e-19        5.30951e-17        1.16081e-16        0.000554939            0.12159        5.44321e-12        5.83938e-14        1.48039e-19            0.73276
121         0.00305177        2.51174e-05        4.25315e-06             101325           0.169331        4.25315e-06             2003.1                  0           0.999807           0.114834             169239        1.72404e-05        9.55952e-07        7.96023e-05          0.0444073         0.00104533          0.0995423         1.1962e-06        2.05403e-18        1.43858e-19        4.79701e-17        1.04888e-16        0.000552382           0.121594        5.38824e-12        5.79175e-14         1.3588e-19            0.73276
122         0.00307689        2.51174e-05        4.25309e-06             101325           0.169328        4.25309e-06            2003.14                  0           0.999832           0.100821             148268        1.71798e-05        9.50937e-07        7.93286e-05          0.0444066         0.00104358          0.0995439        1.19542e-06        1.84967e-18         1.2954e-19        4.32699e-17        9.46207e-17        0.000550133           0.121597        5.34022e-12        5.75004e-14        1.24793e-19            0.73276
123           0.003102        2.51174e-05        4.25304e-06             101325           0.169326        4.25304e-06            2003.16                  0           0.999853          0.0883277             129655        1.71266e-05        9.46543e-07        7.90883e-05           0.044406         0.00104205          0.0995452        1.19474e-06        1.66303e-18        1.16464e-19        3.89612e-17        8.52065e-17        0.000548159             0.1216         5.2983e-12        5.71355e-14        1.14683e-19            0.73276
124         0.00312712        2.51174e-05          4.253e-06             101325           0.169324          4.253e-06            2003.19                  0           0.999873          0.0772219             113173          1.708e-05          9.427e-07        7.88777e-05          0.0444055          0.0010407          0.0995463        1.19415e-06        1.49268e-18         1.0453e-19        3.50154e-17        7.65834e-17        0.000546428           0.121603        5.26174e-12        5.68165e-14        1.05467e-19            0.73276
125         0.00315224        2.51174e-05        4.25296e-06             101325           0.169323        4.25296e-06            2003.21                  0            0.99989          0.0673765            98609.2        1.70393e-05        9.39341e-07        7.86933e-05           0.044405         0.00103952          0.0995474        1.19363e-06        1.33732e-18        9.36474e-20        3.14067e-17        6.86955e-17        0.000544912           0.121606        5.22987e-12        5.65381e-14        9.70742e-20            0.73276
126         0.00317736        2.51174e-05        4.25292e-06             101325           0.169322        4.25292e-06            2003.23                  0           0.999904          0.0586719            85769.5        1.70037e-05         9.3641e-07        7.85322e-05          0.0444046         0.00103848          0.0995483        1.19318e-06        1.19583e-18        8.37369e-20        2.81117e-17        6.14922e-17        0.000543587           0.121608        5.20213e-12        5.62952e-14        8.94398e-20            0.73276
127         0.00320247        2.51174e-05        4.25289e-06             101325            0.16932        4.25289e-06            2003.25                  0           0.999917           0.050995            74473.3        1.69726e-05        9.33854e-07        7.83917e-05          0.0444042         0.00103758           0.099549        1.19278e-06        1.06718e-18        7.47258e-20         2.5109e-17        5.49269e-17        0.000542431           0.121609          5.178e-12        5.60836e-14        8.25059e-20            0.73276
128         0.00322759        2.51174e-05        4.25287e-06             101325           0.169319        4.25287e-06            2003.26                  0           0.999929          0.0442409            64555.6        1.69456e-05         9.3163e-07        7.82691e-05          0.0444039         0.00103679          0.0995497        1.19244e-06        9.50413e-19        6.65475e-20        2.23784e-17        4.89558e-17        0.000541423           0.121611        5.15703e-12        5.58995e-14        7.62193e-20            0.73276
129         0.00325271        2.51174e-05        4.25285e-06             101325           0.169318        4.25285e-06            2003.27                  0           0.999938          0.0383126            55865.9         1.6922e-05        9.29696e-07        7.81625e-05          0.0444037          0.0010361          0.0995503        1.19215e-06        8.44648e-19        5.91402e-20        1.99009e-17        4.35377e-17        0.000540545           0.121612        5.13882e-12        5.57394e-14        7.05306e-20            0.73276
130         0.00327783        2.51174e-05        4.25283e-06             101325           0.169318        4.25283e-06            2003.28                  0           0.999947          0.0331205            48267.1        1.69016e-05        9.28017e-07        7.80699e-05          0.0444034          0.0010355          0.0995508        1.19189e-06        7.49059e-19        5.24458e-20        1.76586e-17        3.86332e-17        0.000539783           0.121614        5.12304e-12        5.56005e-14         6.5394e-20            0.73276
131         0.00330294        2.51174e-05        4.25281e-06             101325           0.169317        4.25281e-06            2003.29                  0           0.999954          0.0285836            41635.4        1.68839e-05        9.26562e-07        7.79895e-05          0.0444032         0.00103499          0.0995513        1.19167e-06        6.62869e-19        4.64098e-20        1.56341e-17         3.4205e-17        0.000539121           0.121615        5.10937e-12          5.548e-14        6.07664e-20            0.73276
132         0.00332806        2.51174e-05         4.2528e-06             101325           0.169316         4.2528e-06             2003.3                  0           0.999961          0.0246274            35858.7        1.68685e-05        9.25301e-07        7.79198e-05           0.044403         0.00103454          0.0995516        1.19148e-06        5.85342e-19        4.09806e-20        1.38112e-17        3.02172e-17        0.000538548           0.121616        5.09755e-12        5.53757e-14        5.66071e-20            0.73276
133         0.00335318        2.51174e-05        4.25278e-06             101325           0.169316        4.25278e-06            2003.31                  0           0.999966          0.0211846            30836.2        1.68552e-05        9.24211e-07        7.78595e-05          0.0444029         0.00103415           0.099552        1.19131e-06        5.15784e-19        3.61096e-20        1.21741e-17        2.66356e-17        0.000538051           0.121616        5.08733e-12        5.52855e-14         5.2878e-20            0.73276
134          0.0033783        2.51174e-05        4.25277e-06             101325           0.169316        4.25277e-06            2003.32                  0           0.999971          0.0181946            26477.4        1.68438e-05        9.23269e-07        7.78074e-05          0.0444028         0.00103381          0.0995523        1.19117e-06        4.53537e-19        3.17507e-20        1.07078e-17        2.34277e-17        0.000537623           0.121617        5.07852e-12        5.52075e-14        4.95431e-20            0.73276
135         0.00340341        2.51174e-05        4.25276e-06             101325           0.169315        4.25276e-06            2003.32                  0           0.999975          0.0156028            22701.5        1.68339e-05        9.22458e-07        7.77625e-05          0.0444026         0.00103352          0.0995525        1.19105e-06        3.97981e-19        2.78603e-20        9.39828e-18        2.05625e-17        0.000537253           0.121618        5.07092e-12        5.51403e-14        4.65685e-20            0.73276
136         0.00342853        2.51174e-05        4.25276e-06             101325           0.169315        4.25276e-06            2003.32                  0           0.999979          0.0133606            19436.5        1.68253e-05        9.21759e-07        7.77238e-05          0.0444025         0.00103327          0.0995527        1.19094e-06        3.48532e-19        2.43977e-20        8.23197e-18        1.80106e-17        0.000536934           0.121618        5.06439e-12        5.50824e-14        4.39224e-20            0.73276
137         0.00345365        2.51174e-05        4.25275e-06             101325           0.169315        4.25275e-06            2003.33                  0           0.999982          0.0114245            16618.4         1.6818e-05        9.21158e-07        7.76905e-05          0.0444025         0.00103305          0.0995529        1.19085e-06        3.04642e-19        2.13244e-20        7.19626e-18        1.57443e-17         0.00053666           0.121618        5.05877e-12        5.50326e-14         4.1575e-20            0.73276
138         0.00347877        2.51174e-05        4.25274e-06             101325           0.169314        4.25274e-06            2003.33                  0           0.999985         0.00975599            14190.6        1.68117e-05        9.20642e-07        7.76619e-05          0.0444024         0.00103287          0.0995531        1.19077e-06        2.65802e-19        1.86046e-20        6.27928e-18        1.37378e-17        0.000536425           0.121619        5.05395e-12        5.49899e-14        3.94986e-20            0.73276
139         0.00350388        2.51174e-05        4.25274e-06             101325           0.169314        4.25274e-06            2003.33                  0           0.999987          0.0083209            12102.9        1.68063e-05          9.202e-07        7.76374e-05          0.0444023         0.00103271          0.0995532         1.1907e-06        2.31535e-19        1.62052e-20        5.46999e-18        1.19668e-17        0.000536223           0.121619        5.04982e-12        5.49532e-14        3.76676e-20            0.73276
140           0.003529        2.51174e-05        4.25273e-06             101325           0.169314        4.25273e-06            2003.34                  0           0.999989         0.00708912            10311.3        1.68017e-05        9.19821e-07        7.76164e-05          0.0444023         0.00103257          0.0995533        1.19065e-06        2.01404e-19        1.40954e-20        4.75813e-18         1.0409e-17         0.00053605           0.121619        5.04629e-12        5.49219e-14        3.60582e-20            0.73276
141         0.00355412        2.51174e-05        4.25273e-06             101325           0.169314        4.25273e-06            2003.34                  0            0.99999         0.00603428            8777.28        1.67978e-05        9.19499e-07        7.75985e-05          0.0444022         0.00103246          0.0995534         1.1906e-06        1.75004e-19        1.22468e-20        4.13425e-18        9.04375e-18        0.000535903            0.12162        5.04328e-12        5.48951e-14        3.46486e-20            0.73276
142         0.00357924        2.51174e-05        4.25273e-06             101325           0.169314        4.25273e-06            2003.34                  0           0.999992         0.00513325            7467.02        1.67944e-05        9.19224e-07        7.75833e-05          0.0444022         0.00103236          0.0995535        1.19055e-06        1.51973e-19        1.06341e-20        3.58983e-18        7.85235e-18        0.000535778            0.12162        5.04071e-12        5.48723e-14        3.34193e-20            0.73276
143         0.00360435        2.51174e-05        4.25272e-06             101325           0.169314        4.25272e-06            2003.34                  0           0.999993         0.00436575            6351.06        1.67916e-05        9.18991e-07        7.75704e-05          0.0444022         0.00103227          0.0995536        1.19052e-06        1.31973e-19        9.23373e-21        3.11699e-18        6.81756e-18        0.000535671            0.12162        5.03854e-12        5.48529e-14        3.23521e-20            0.73276
144         0.00362947        2.51174e-05        4.25272e-06             101325           0.169314        4.25272e-06            2003.34                  0           0.999994         0.00371452            5404.12        1.67892e-05        9.18794e-07        7.75594e-05          0.0444021          0.0010322          0.0995536        1.19049e-06        1.14711e-19        8.02507e-21        2.70881e-18        5.92428e-18        0.000535581            0.12162         5.0367e-12        5.48366e-14        3.14313e-20            0.73276
145         0.00365459        2.51174e-05        4.25272e-06             101325           0.169313        4.25272e-06            2003.34                  0           0.999995         0.00316439            4604.21        1.67872e-05        9.18628e-07        7.75502e-05          0.0444021         0.00103214          0.0995537        1.19046e-06        9.99238e-20        6.98965e-21        2.35909e-18        5.15892e-18        0.000535506            0.12162        5.03516e-12        5.48228e-14        3.06427e-20            0.73276
146         0.00367971        2.51174e-05        4.25272e-06             101325           0.169313        4.25272e-06            2003.35                  0           0.999996         0.00270261            3932.75        1.67855e-05         9.1849e-07        7.75426e-05          0.0444021         0.00103209          0.0995537        1.19044e-06        8.73788e-20        6.11125e-21        2.06237e-18        4.50955e-18        0.000535443            0.12162        5.03387e-12        5.48113e-14        2.99738e-20            0.73276
147         0.00370482        2.51174e-05        4.25272e-06             101325           0.169313        4.25272e-06            2003.35                  0           0.999996          0.0023184            3374.07        1.67841e-05        9.18376e-07        7.75363e-05          0.0444021         0.00103205          0.0995538        1.19043e-06        7.68787e-20        5.37603e-21          1.814e-18        3.96596e-18        0.000535391            0.12162        5.03281e-12        5.48019e-14        2.94141e-20            0.73276
148         0.00372994        2.51174e-05        4.25272e-06             101325           0.169313        4.25272e-06            2003.35                  0           0.999997         0.00200283            2915.19         1.6783e-05        9.18284e-07        7.75312e-05          0.0444021         0.00103202          0.0995538        1.19041e-06        6.82592e-20         4.7725e-21        1.61009e-18         3.5197e-18        0.000535348           0.121621        5.03195e-12        5.47942e-14        2.89546e-20            0.73276
149         0.00375506        2.51174e-05        4.25272e-06             101325           0.169313        4.25272e-06            2003.35                  0           0.999997         0.00174874            2545.69        1.67821e-05        9.18212e-07        7.75271e-05          0.0444021         0.00103199          0.0995538         1.1904e-06        6.13959e-20        4.29193e-21        1.44771e-18        3.16433e-18        0.000535315           0.121621        5.03127e-12        5.47882e-14        2.85889e-20            0.73276
150         0.00378018        2.51174e-05        4.25272e-06             101325           0.169313        4.25272e-06            2003.35                  0           0.999998         0.00155059            2257.54        1.67814e-05        9.18157e-07        7.75241e-05           0.044402         0.00103197          0.0995538        1.19039e-06        5.61976e-20        3.92795e-21        1.32472e-18        2.89517e-18         0.00053529           0.121621        5.03076e-12        5.47836e-14        2.83118e-20            0.73276
151         0.00380529        2.51174e-05        4.25272e-06             101325           0.169313        4.25272e-06            2003.35                  0           0.999998         0.00140441            2044.96        1.67809e-05        9.18119e-07         7.7522e-05           0.044402         0.00103196          0.0995539        1.19039e-06        5.26043e-20        3.67635e-21         1.2397e-18        2.70909e-18        0.000535273           0.121621        5.03041e-12        5.47805e-14        2.81204e-20            0.73276
152         0.00383041        2.51174e-05        4.25271e-06             101325           0.169313        4.25271e-06            2003.35                  0           0.999998         0.00130775            1904.37        1.67807e-05        9.18098e-07        7.75208e-05           0.044402         0.00103195          0.0995539        1.19038e-06        5.05849e-20        3.53496e-21        1.19193e-18        2.60453e-18        0.000535264           0.121621        5.03022e-12        5.47787e-14        2.80128e-20            0.73276
