# Time 0.000375
# eta = 0.002
# length = 0.000670051
#--- 	  	 LEM Line data  --- 
#(1) wafer              (2) x             (3) dx              (4) m              (5) p            (6) rho              (7) m              (8) T              (9) Z             (10) C          (11) dCdt       (12) heatRel                  (13) Y_H2                  (14) Y_H                  (15) Y_O                  (16) Y_O2                  (17) Y_OH                  (18) Y_H2O                  (19) Y_HO2                  (20) Y_CH2                  (21) Y_CH2(S)                  (22) Y_CH3                  (23) Y_CH4                  (24) Y_CO                  (25) Y_CO2                  (26) Y_HCO                  (27) Y_CH2O                  (28) Y_CH2OH                  (29) Y_N2
0        1.25588e-05        2.51176e-05         2.8417e-05             101325            1.13136         2.8417e-05            300.078                  0                  0                  0        5.02664e-12        2.26997e-09        9.34102e-18        4.34359e-12           0.222592        1.02676e-12        3.65044e-06        4.37014e-09        1.70665e-18        8.81865e-20        3.11351e-08          0.0446404        6.58677e-08        4.35004e-06        1.13028e-18        1.04009e-08        1.91005e-22            0.73276
1        3.76763e-05        2.51176e-05        2.84121e-05             101325            1.13117        2.84121e-05            300.129                  0        3.78223e-05        7.99528e-08           0.209637        3.92232e-09        1.99749e-17        5.71612e-12           0.222587        1.49027e-12        6.06771e-06        7.06867e-09        4.06965e-18        2.10443e-19        5.20553e-08          0.0446393        1.14092e-07         7.2243e-06        2.70454e-18        1.78414e-08        4.56418e-22            0.73276
2        6.27939e-05        2.51176e-05        2.84021e-05             101325            1.13077        2.84021e-05            300.235                  0        6.11137e-05        1.12887e-07           0.416579        7.56208e-09        4.74033e-17        7.31238e-12           0.222579        2.26201e-12        1.11024e-05        1.24693e-08        1.15138e-17        5.95495e-19        9.59939e-08           0.044637        2.20829e-07        1.32022e-05        7.68836e-18        3.40418e-08        1.29524e-21            0.73276
3        8.79115e-05        2.51176e-05        2.83825e-05             101325            1.12999        2.83825e-05            300.442                  0        0.000112116        1.73385e-07            1.06907        1.50549e-08        1.11693e-16        9.06094e-12           0.222561        3.52521e-12        2.09042e-05        2.26129e-08         3.4031e-17        1.76226e-18        1.82215e-07          0.0446325        4.41925e-07        2.48225e-05        2.28521e-17         6.6958e-08        3.85264e-21            0.73276
4        0.000113029        2.51176e-05        2.83466e-05             101325            1.12856        2.83466e-05            300.823                  0        0.000211075         2.7534e-07            3.09431        2.98026e-08        2.45525e-16        1.05328e-11           0.222529        5.50931e-12        3.89887e-05         4.0613e-08        9.95618e-17        5.16529e-18        3.42716e-07          0.0446243        8.80732e-07        4.62202e-05        6.73444e-17        1.30698e-07        1.13943e-20            0.73276
5        0.000138147        2.51176e-05        2.82831e-05             101325            1.12603        2.82831e-05            301.498                  0         0.00039325        4.44594e-07            9.31644        5.80374e-08         4.8779e-16        1.11676e-11           0.222473        8.58837e-12        7.11445e-05        7.13206e-08        2.84041e-16        1.47845e-17        6.30958e-07          0.0446096        1.72984e-06        8.41739e-05        1.94056e-16        2.50336e-07        3.31199e-20            0.73276
6        0.000163264        2.51176e-05        2.81748e-05             101325            1.12172        2.81748e-05            302.656                  0        0.000716498         7.3262e-07             27.937        1.10856e-07        8.63603e-16        1.05163e-11           0.222375        1.34277e-11        0.000126475         1.2195e-07        7.91826e-16        4.14341e-17        1.13246e-06          0.0445843        3.33948e-06         0.00014928        5.48738e-16        4.68917e-07        9.52416e-20            0.73276
7        0.000188382        2.51176e-05        2.79969e-05             101325            1.11463        2.79969e-05            304.579                  0         0.00127145        1.25236e-06            81.5787        2.07487e-07        1.37764e-15        8.56205e-12           0.222213        2.12896e-11        0.000218631        2.02774e-07         2.1754e-15        1.14778e-16        1.97805e-06          0.0445421        6.33209e-06        0.000257296        1.53886e-15        8.57847e-07        2.75155e-19            0.73276
8        0.000213499        2.51176e-05        2.77161e-05             101325            1.10345        2.77161e-05            307.663                  0         0.00219333         2.2693e-06            229.051         3.8029e-07        2.12485e-15        5.87103e-12           0.221951         3.4677e-11        0.000367037        3.27854e-07        5.95699e-15        3.17814e-16        3.35839e-06           0.044474        1.17868e-05        0.000430382        4.34041e-15        1.53128e-06        8.14395e-19            0.73276
9        0.000238617        2.51176e-05        2.72927e-05             101325             1.0866        2.72927e-05            312.433                  0         0.00367334        4.44285e-06            613.208        6.81937e-07        3.74963e-15        3.31394e-12           0.221546        5.85831e-11        0.000597714         5.1585e-07        1.64673e-14         8.8626e-16        5.53639e-06          0.0443681        2.15206e-05        0.000697722        1.25142e-14         2.6643e-06        2.51638e-18            0.73276
10        0.000263734        2.51176e-05        2.66859e-05             101325            1.06244        2.66859e-05            319.534                  0         0.00596532        9.46847e-06            1555.83        1.19482e-06        8.38355e-15        1.52247e-12           0.220939         1.0308e-10        0.000943172        7.91148e-07        4.44384e-14        2.49442e-15        8.85213e-06          0.0442091         3.8485e-05         0.00109485        3.55916e-14        4.51281e-06         8.1377e-18            0.73276
11        0.000288852        2.51176e-05        2.58634e-05             101325            1.02969        2.58634e-05            329.688                  0         0.00938224        2.18277e-05            3725.26        2.04186e-06         2.3469e-14        5.71984e-13           0.220067        1.88696e-10         0.00144084        1.18582e-06        1.21196e-13        7.06619e-15        1.37143e-05          0.0439795        6.72669e-05         0.00166105        1.04211e-13        7.43063e-06        2.79662e-17            0.73276
12         0.00031397        2.51176e-05        2.48138e-05             101325           0.987907        2.48138e-05             343.62                  0          0.0142772        5.35517e-05             8407.8        3.39637e-06          7.205e-14        1.83695e-13           0.218863        3.57927e-10          0.0021299        1.74305e-06        3.28194e-13        2.00392e-14        2.05742e-05          0.0436606         0.00011462         0.00243482        3.08322e-13        1.18767e-05        1.01408e-16            0.73276
13        0.000339087        2.51176e-05         2.3555e-05             101325           0.937789         2.3555e-05            361.964                  0          0.0210078         0.00013721            17913.8        5.48752e-06        2.27394e-13        6.95755e-14           0.217264        6.98564e-10         0.00304721        2.52247e-06        8.76417e-13        5.64404e-14        2.98844e-05          0.0432346        0.000189883         0.00344826        9.14823e-13        1.84053e-05        3.82809e-16            0.73276
14        0.000364205        2.51176e-05        2.21337e-05             101325           0.881203        2.21337e-05            385.175                  0          0.0298915        0.000360455            36194.5         8.5977e-06        7.16336e-13        9.67729e-14           0.215221        1.38705e-09         0.00422339        3.60699e-06        2.28916e-12        1.56098e-13        4.20538e-05          0.0426863        0.000305103         0.00472221        2.69406e-12        2.76367e-05        1.47105e-15            0.73276
15        0.000389322        2.51176e-05        2.06158e-05             101325           0.820773        2.06158e-05            413.483                  0          0.0411645        0.000953284            69835.5        1.30506e-05        2.21021e-12        3.52109e-13           0.212701        2.75917e-09         0.00568063        5.11019e-06         5.7894e-12        4.18042e-13        5.74114e-05          0.0420041        0.000474747         0.00626388        7.77296e-12         4.0212e-05         5.6035e-15            0.73276
16         0.00041444        2.51176e-05        1.90709e-05             101325           0.759264        1.90709e-05            446.903                  0          0.0549609         0.00249067             129765        1.91919e-05        6.60282e-12        1.48398e-12           0.209685         5.4064e-09         0.00743257        7.18314e-06        1.40327e-11        1.06901e-12        7.61928e-05          0.0411801        0.000715011          0.0080677        2.16967e-11        5.67447e-05        2.06731e-14            0.73276
17        0.000439557        2.51176e-05        1.75588e-05             101325           0.699064        1.75588e-05            485.277                  0          0.0713158         0.00631218             234217        2.73684e-05         1.9109e-11        6.40125e-12           0.206169        1.02817e-08         0.00948609        1.00202e-05        3.23619e-11        2.58333e-12        9.85497e-05          0.0402095         0.00104292          0.0101186        5.80917e-11        7.77789e-05        7.29276e-14            0.73276
18        0.000464675        2.51176e-05        1.61227e-05             101325           0.641889        1.61227e-05            528.343                  0          0.0901905          0.0152809             413712        3.79091e-05        5.42984e-11        2.76779e-11           0.202154        1.88028e-08          0.0118439        1.38635e-05        7.09362e-11         5.8793e-12        0.000124577          0.0390897         0.00147545          0.0123967        1.48959e-10        0.000103762        2.46405e-13            0.73276
19        0.000489793        2.51176e-05        1.47882e-05             101325           0.588761        1.47882e-05            575.801                  0           0.111505          0.0349949             719337        5.11125e-05        1.54484e-10          1.185e-10           0.197645        3.30262e-08          0.0145071        1.90065e-05        1.49074e-10        1.26826e-11         0.00015435          0.0378188         0.00202876          0.0148809        3.68309e-10        0.000135029        8.10179e-13            0.73276
20         0.00051491        2.51176e-05        1.35666e-05             101325           0.540125        1.35666e-05            627.356                  0           0.135169          0.0756888        1.23785e+06        6.72401e-05          4.463e-10        4.96486e-10           0.192645        5.62535e-08          0.0174771        2.57948e-05        3.07111e-10        2.64411e-11        0.000187958          0.0363948         0.00271774          0.0175522        8.91245e-10        0.000171801        2.65278e-12            0.73276
21        0.000540028        2.51176e-05        1.24589e-05             101325           0.496021        1.24589e-05             682.75                  0           0.161105            0.15606        2.12537e+06        8.65139e-05         1.3086e-09        2.00999e-09           0.187156        9.52381e-08          0.0207562        3.46223e-05        6.44422e-10        5.51816e-11        0.000225541          0.0348157         0.00355569          0.0203953        2.15357e-09         0.00021418        8.79639e-12            0.73276
22        0.000565145        2.51176e-05        1.14598e-05             101325           0.456246        1.14598e-05            741.775                  0           0.189259            0.31451        3.69574e+06        0.000109117        3.84296e-09        7.76402e-09           0.181175        1.67367e-07          0.0243486        4.59149e-05        1.44271e-09        1.20714e-10        0.000267324          0.0330786         0.00455414          0.0233989        5.29726e-09        0.000262153          2.953e-11            0.73276
23        0.000590263        2.51176e-05        1.05611e-05             101325           0.420468        1.05611e-05            804.268                  0           0.219603           0.647786        6.66367e+06        0.000135194        1.11117e-08        2.83086e-08           0.174697        3.21896e-07          0.0282592        6.00923e-05        3.54566e-09          2.868e-10        0.000313657          0.0311804         0.00572273          0.0265558        1.33959e-08         0.00031559        9.88066e-11            0.73276
24         0.00061538        2.51176e-05        9.75331e-06             101325           0.388306        9.75331e-06            870.105                  0           0.252134             1.4403        1.27961e+07        0.000164854        3.12095e-08        9.67321e-08           0.167716        6.97861e-07          0.0324933        7.74843e-05        9.44591e-09        7.39104e-10        0.000365073          0.0291178         0.00706894          0.0298619        3.46607e-08        0.000374244        3.22889e-10            0.73276
25        0.000640498        2.51176e-05        9.02678e-06             101325           0.359381        9.02678e-06            939.187                  0           0.286863            3.56162        2.65648e+07        0.000198167        8.45338e-08        3.08867e-07           0.160226         1.6706e-06          0.0370544        9.81725e-05        2.61539e-08        1.99412e-09        0.000422341          0.0268881          0.0085977          0.0333149        9.02234e-08        0.000437732        1.01353e-09            0.73276
26        0.000665616        2.51176e-05        8.37267e-06             101325           0.333339        8.37267e-06            1011.42                  0           0.323801            9.57389        5.90909e+07         0.00023515        2.20331e-07        9.22279e-07           0.152231         4.1962e-06          0.0419416        0.000121706        7.21321e-08        5.39911e-09        0.000486412          0.0244907          0.0103103          0.0369124        2.31332e-07        0.000505469        3.02251e-09            0.73276
27        0.000690733        2.51176e-05        7.78316e-06             101325           0.309869        7.78316e-06            1086.66                  0           0.362933            26.5092         1.3692e+08        0.000275749        5.52687e-07        2.58397e-06           0.143739        1.05634e-05          0.0471468        0.000146661         1.9251e-07        1.42193e-08           0.000558          0.0219282          0.0122037          0.0406512        5.73385e-07        0.000576525        8.50638e-09           0.732759
28        0.000715851        2.51176e-05        7.25165e-06             101325           0.288708        7.25165e-06             1164.7                  0           0.404206            72.0681         3.1988e+08         0.00031981        1.33353e-06        6.82224e-06           0.134768        2.59089e-05          0.0526545        0.000170101        4.88816e-07        3.57464e-08        0.000636296          0.0192073          0.0142699          0.0445294        1.35459e-06        0.000649309        2.24933e-08           0.732759
29        0.000740968        2.51176e-05        6.77301e-06             101325           0.269652        6.77301e-06            1245.13                  0           0.447536            186.517        7.32831e+08        0.000366933        3.08332e-06        1.70274e-05           0.125349        6.09354e-05          0.0584333        0.000187306         1.1667e-06        8.46596e-08        0.000715996          0.0163444          0.0164925          0.0485462        3.01374e-06         0.00072075        5.55855e-08           0.732758
30        0.000766086        2.51176e-05        6.34397e-06             101325           0.252571        6.34397e-06            1327.16                  0           0.492762            450.052        1.60742e+09        0.000416047        6.77494e-06         4.0187e-05           0.115545        0.000135879          0.0644151        0.000192712        2.57905e-06        1.86041e-07        0.000782498          0.0133795          0.0188351          0.0526992        6.22173e-06        0.000784496        1.26978e-07           0.732758
31        0.000791203        2.51176e-05        5.96402e-06             101325           0.237444        5.96402e-06            1409.22                  0           0.539509            992.253        3.29153e+09        0.000464531        1.39545e-05        8.93948e-05           0.105502        0.000283925          0.0704586         0.00018265        5.14619e-06        3.69818e-07        0.000808151          0.0103982          0.0212159          0.0569802         1.1645e-05        0.000827693        2.61958e-07           0.732757
32        0.000816321        2.51176e-05        5.63624e-06             101325           0.224394        5.63624e-06            1488.46                  0           0.586982            1948.45        6.09452e+09        0.000506797        2.64088e-05         0.00018597          0.0955121        0.000547691          0.0763046        0.000157977        8.85183e-06         6.3587e-07        0.000759217         0.00755456          0.0234635          0.0613691        1.90406e-05        0.000827596        4.66543e-07           0.732756
33        0.000841438        2.51176e-05        5.36691e-06             101325           0.213672        5.36691e-06            1560.49                  0           0.633697            3296.95        9.77436e+09        0.000533591        4.48093e-05        0.000356834          0.0860752        0.000958106          0.0815644        0.000124196         1.2271e-05        8.86262e-07        0.000624305         0.00506543          0.0252787          0.0658231        2.58769e-05        0.000757014        6.70477e-07           0.732756
34        0.000866556        2.51176e-05        5.16103e-06             101325           0.205475        5.16103e-06            1620.59                  0           0.677422            4650.19        1.29123e+10        0.000536064        6.69049e-05        0.000618276          0.0778109         0.00149703          0.0858319         8.9441e-05        1.30181e-05        9.52199e-07        0.000442727         0.00312963          0.0263032          0.0702648        2.80633e-05        0.000611756         7.3818e-07           0.732756
35        0.000891674        2.51176e-05        5.01505e-06             101325           0.199663        5.01505e-06            1666.51                  0           0.715845             5396.3        1.36264e+10        0.000515156        8.82041e-05        0.000947008          0.0711603          0.0020825          0.0889063        6.06298e-05        1.07957e-05        8.03479e-07        0.000277343         0.00180697           0.026351          0.0745782        2.44059e-05        0.000433797        6.34922e-07           0.732756
36        0.000916791        2.51176e-05        4.91582e-06             101325           0.195713        4.91582e-06            1699.83                  0           0.747788            5273.77        1.17529e+10        0.000482765        0.000105304         0.00128056          0.0661641          0.0026164          0.0908947        4.04115e-05        7.53168e-06        5.70771e-07        0.000160443        0.000997134          0.0255592          0.0786378        1.79071e-05        0.000277308        4.57736e-07           0.732757
37        0.000941909        2.51176e-05        4.84769e-06             101325              0.193        4.84769e-06            1724.13                  0           0.773619             4572.3         8.8133e+09        0.000451026        0.000117287         0.00156192           0.062546         0.00304407          0.0920833        2.77109e-05        4.75586e-06        3.66243e-07        8.90258e-05        0.000536451          0.0242478          0.0823539        1.17828e-05        0.000165967        2.96993e-07           0.732758
38        0.000967026        2.51176e-05        4.79839e-06             101325           0.191037        4.79839e-06            1742.69                  0           0.794512            3717.18        6.13666e+09         0.00042558        0.000124716         0.00176779          0.0599367          0.0033604          0.0927624        2.01877e-05        2.85111e-06        2.22511e-07        4.84481e-05        0.000285027          0.0227131          0.0856904        7.28224e-06        9.57446e-05        1.81958e-07           0.732758
39        0.000992144        2.51176e-05         4.7602e-06             101325           0.189517         4.7602e-06            1757.76                  0           0.811671            2951.69        4.19227e+09        0.000406866        0.000128538         0.00190147          0.0580181         0.00358431          0.0931474        1.58191e-05         1.6649e-06        1.31363e-07        2.61603e-05        0.000150682          0.0211482          0.0886527        4.34717e-06        5.41785e-05        1.08123e-07           0.732759
40         0.00101726        2.51176e-05         4.7287e-06             101325           0.188262         4.7287e-06            1770.67                  0           0.826051            2344.54        2.92843e+09        0.000393247        0.000129637         0.00197691          0.0565616         0.00373869          0.0933754        1.32606e-05        9.59794e-07         7.6409e-08        1.41028e-05        7.96001e-05          0.0196556          0.0912683        2.54694e-06        3.03702e-05        6.32183e-08           0.732759
41         0.00104238        2.51176e-05        4.70142e-06             101325           0.187177        4.70142e-06            1782.18                  0           0.838333             1883.8        2.14636e+09        0.000382834        0.000128722         0.00200908          0.0554153         0.00384269          0.0935269         1.1713e-05        5.50246e-07        4.41242e-08        7.61714e-06         4.2127e-05            0.01828          0.0935741        1.47869e-06        1.69606e-05        3.66617e-08            0.73276
42          0.0010675        2.51176e-05        4.67704e-06             101325           0.186206        4.67704e-06            1792.71                  0           0.848996             1536.3        1.66593e+09        0.000374135        0.000126342         0.00201041           0.054482         0.00391032          0.0936462        1.07247e-05         3.1501e-07        2.54079e-08        4.13077e-06        2.23722e-05          0.0170345          0.0956084        8.56257e-07         9.4684e-06        2.11846e-08            0.73276
43         0.00109261        2.51176e-05        4.65478e-06             101325            0.18532        4.65478e-06            1802.49                  0           0.858376            1270.89        1.36308e+09        0.000366147         0.00012291         0.00199022          0.0536994         0.00395142          0.0937565        1.00468e-05        1.80526e-07        1.46268e-08        2.25222e-06        1.19352e-05          0.0159156          0.0974076        4.97095e-07        5.29493e-06        1.22308e-08            0.73276
44         0.00111773        2.51176e-05         4.6342e-06             101325             0.1845         4.6342e-06            1811.68                  0            0.86672            1064.06        1.16196e+09        0.000358269        0.000118741          0.0019552          0.0530274         0.00397272          0.0938691        9.54318e-06        1.03712e-07         8.4313e-09        1.23571e-06         6.4011e-06          0.0149131          0.0990049        2.90764e-07        2.97005e-06        7.06701e-09            0.73276
45         0.00114285        2.51176e-05        4.61501e-06             101325           0.183736        4.61501e-06            1820.35                  0           0.874212            899.424        1.01893e+09        0.000350183        0.000114072         0.00191004          0.0524394         0.00397889          0.0939886        9.13968e-06        5.97805e-08        4.87104e-09        6.82645e-07        3.45321e-06           0.014014            0.10043        1.72307e-07        1.67244e-06        4.09075e-09            0.73276
46         0.00116797        2.51176e-05        4.59701e-06             101325            0.18302        4.59701e-06            1828.58                  0           0.880994             765.87        9.09711e+08        0.000341747        0.000109084         0.00185803          0.0519171         0.00397322          0.0941164        8.79551e-06        3.45895e-08        2.82214e-09        3.79841e-07        1.87461e-06           0.013205           0.101707        1.04127e-07          9.459e-07        2.37369e-09            0.73276
47         0.00119308        2.51176e-05        4.58007e-06             101325           0.182345        4.58007e-06             1836.4                  0            0.88718            655.834        8.20994e+08        0.000332928        0.000103914         0.00180148          0.0514475         0.00395805          0.0942522        8.48805e-06        2.00951e-08        1.64025e-09        2.12924e-07        1.02436e-06          0.0124738            0.10286        6.46607e-08        5.37509e-07        1.38121e-09            0.73276
48          0.0012182        2.51176e-05        4.56408e-06             101325           0.181709        4.56408e-06            1843.87                  0           0.892861            564.072        7.45505e+08        0.000323752        9.86673e-05         0.00174204          0.0510213         0.00393511          0.0943948        8.20447e-06         1.1723e-08        9.56531e-10        1.20253e-07         5.6356e-07          0.0118095           0.103905        4.16002e-08        3.06937e-07        8.06127e-10            0.73276
49         0.00124332        2.51176e-05        4.54893e-06             101325           0.181105        4.54893e-06            1850.99                  0           0.898112            486.842        6.79224e+08        0.000314274        9.34221e-05         0.00168089          0.0506312         0.00390572           0.094543         7.9374e-06        6.86741e-09        5.59739e-10         6.8424e-08        3.12207e-07          0.0112024            0.10486        2.79352e-08        1.76145e-07        4.71958e-10            0.73276
50         0.00126844        2.51176e-05        4.53456e-06             101325           0.180533        4.53456e-06            1857.82                  0           0.902995            421.384        6.19866e+08        0.000304562        8.82383e-05         0.00161891          0.0502718         0.00387089          0.0946952        7.68239e-06         4.0396e-09         3.2869e-10        3.92221e-08        1.74182e-07          0.0106443           0.105738        1.96743e-08        1.01591e-07        2.77196e-10            0.73276
51         0.00129355        2.51176e-05        4.52089e-06             101325           0.179989        4.52089e-06            1864.35                  0            0.90756              365.6        5.66079e+08        0.000294681        8.31601e-05         0.00155672          0.0499386         0.00383143          0.0948502        7.43674e-06        2.38586e-09        1.93691e-10        2.26467e-08        9.78685e-08          0.0101282           0.106549        1.45428e-08         5.8885e-08        1.63329e-10            0.73276
52         0.00131867        2.51176e-05        4.50787e-06             101325           0.179471        4.50787e-06            1870.63                  0            0.91185            317.851        5.17003e+08        0.000284698        7.82202e-05         0.00149481          0.0496281         0.00378799          0.0950069        7.19867e-06        1.41476e-09        1.14539e-10        1.31693e-08        5.53822e-08         0.00964823           0.107303         1.1241e-08        3.43005e-08        9.65486e-11            0.73276
53         0.00134379        2.51176e-05        4.49546e-06             101325           0.178977        4.49546e-06            1876.65                  0             0.9159            276.829        4.72052e+08         0.00027467        7.34417e-05         0.00143353          0.0493374         0.00374111          0.0951643        6.96703e-06        8.42205e-10        6.79709e-11        7.71122e-09         3.1563e-08         0.00919942           0.108009        9.02413e-09        2.00784e-08        5.72583e-11            0.73276
54         0.00136891        2.51176e-05         4.4836e-06             101325           0.178504         4.4836e-06            1882.45                  0            0.91974             241.47        4.30791e+08        0.000264647        6.88409e-05         0.00137316          0.0490641         0.00369125          0.0953216        6.74101e-06        5.03306e-10        4.04781e-11        4.54582e-09        1.81155e-08         0.00877763           0.108672        7.46284e-09        1.18111e-08        3.40685e-11            0.73276
55         0.00139402        2.51176e-05        4.47226e-06             101325           0.178053        4.47226e-06            1888.03                  0           0.923395            210.905        3.92875e+08        0.000254673        6.44284e-05         0.00131391          0.0488064         0.00363879          0.0954782        6.52002e-06        3.01932e-10        2.41912e-11        2.69745e-09        1.04704e-08         0.00837942           0.109297        6.30825e-09        6.98217e-09         2.0338e-11            0.73276
56         0.00141914        2.51176e-05         4.4614e-06             101325           0.177621         4.4614e-06            1893.41                  0           0.926884            184.412        3.58015e+08        0.000244786        6.02105e-05         0.00125594          0.0485626         0.00358405          0.0956334        6.30365e-06        1.81822e-10        1.45096e-11        1.61093e-09        6.09391e-09         0.00800193            0.10989        5.41459e-09        4.14822e-09        1.21823e-11            0.73276
57         0.00144426        2.51176e-05          4.451e-06             101325           0.177207          4.451e-06            1898.59                  0           0.930224            161.389        3.25959e+08        0.000235017        5.61903e-05         0.00119936          0.0483312         0.00352733          0.0957868        6.09161e-06        1.09912e-10        8.73448e-12        9.68112e-10        3.57123e-09         0.00764278           0.110455        4.69543e-09        2.47722e-09        7.32227e-12            0.73276
58         0.00146938        2.51176e-05        4.44103e-06             101325            0.17681        4.44103e-06            1903.58                  0            0.93343            141.336        2.96486e+08        0.000225392        5.23682e-05         0.00114426          0.0481114         0.00346887          0.0959381        5.88368e-06        6.67001e-11        5.27763e-12        5.85397e-10         2.1072e-09         0.00730002           0.110993         4.0986e-09         1.4873e-09        4.41673e-12            0.73276
59          0.0014945        2.51176e-05        4.43146e-06             101325           0.176429        4.43146e-06             1908.4                  0           0.936513             123.83        2.69394e+08        0.000215934        4.87427e-05         0.00109071           0.047902          0.0034089          0.0960869        5.67972e-06        4.06361e-11        3.20112e-12        3.56136e-10        1.25181e-09         0.00697203           0.111509        3.59184e-09        8.98101e-10        2.67387e-12            0.73276
60         0.00151961        2.51176e-05        4.42229e-06             101325           0.176063        4.42229e-06            1913.04                  0           0.939483            108.519        2.44503e+08        0.000206662        4.53109e-05         0.00103876          0.0477024         0.00334762           0.096233        5.47964e-06        2.48563e-11        1.94929e-12         2.1797e-10        7.48687e-10         0.00665751           0.112003         3.1546e-09        5.45721e-10        1.62488e-12            0.73276
61         0.00154473        2.51176e-05        4.41348e-06             101325           0.175713        4.41348e-06            1917.53                  0           0.942347            95.1044        2.21647e+08        0.000197591        4.20687e-05        0.000988437          0.0475118         0.00328522          0.0963762        5.28341e-06        1.52666e-11        1.19183e-12        1.34209e-10        4.50799e-10         0.00635536           0.112478        2.77323e-09        3.33934e-10        9.91295e-13            0.73276
62         0.00156985        2.51176e-05        4.40502e-06             101325           0.175376        4.40502e-06            1921.85                  0           0.945112            83.3334        2.00675e+08        0.000188735        3.90113e-05        0.000939773          0.0473298         0.00322187          0.0965164        5.09103e-06         9.4163e-12        7.31775e-13        8.31327e-11        2.73264e-10         0.00606471           0.112934         2.4383e-09        2.05992e-10        6.07231e-13            0.73276
63         0.00159497        2.51176e-05         4.3969e-06             101325           0.175053         4.3969e-06            1926.02                  0           0.947782            72.9926        1.81446e+08        0.000180104        3.61332e-05        0.000892776          0.0471558         0.00315773          0.0966533        4.90254e-06        5.83315e-12        4.51265e-13        5.18053e-11        1.66765e-10         0.00578485           0.113374         2.1429e-09        1.28278e-10        3.73548e-13            0.73276
64         0.00162008        2.51176e-05        4.38911e-06             101325           0.174743        4.38911e-06            1930.04                  0           0.950362               63.9        1.63834e+08        0.000171708        3.34285e-05        0.000847452          0.0469896         0.00309295          0.0967869        4.71798e-06         3.6297e-12         2.7954e-13        3.24794e-11         1.0246e-10         0.00551521           0.113798        1.88179e-09        8.07926e-11         2.3081e-13            0.73276
65          0.0016452        2.51176e-05        4.38164e-06             101325           0.174445        4.38164e-06            1933.92                  0           0.952856            55.9005         1.4772e+08        0.000163554        3.08909e-05        0.000803801          0.0468308         0.00302766          0.0969171        4.53747e-06        2.26907e-12        1.73975e-13        2.04879e-11        6.33805e-11         0.00525533           0.114206        1.65076e-09        5.15875e-11        1.43272e-13            0.73276
66         0.00167032        2.51176e-05        4.37446e-06             101325            0.17416        4.37446e-06            1937.65                  0           0.955266             48.861        1.32993e+08        0.000155649        2.85141e-05        0.000761817          0.0466791         0.00296201          0.0970438         4.3611e-06        1.42528e-12        1.08801e-13        1.30041e-11        3.94753e-11         0.00500484           0.114599        1.44635e-09        3.34911e-11        8.93606e-14            0.73276
67         0.00169544        2.51176e-05        4.36759e-06             101325           0.173886        4.36759e-06            1941.24                  0           0.957594            42.6667        1.19553e+08        0.000147997        2.62915e-05        0.000721489          0.0465343         0.00289613           0.097167        4.18899e-06        8.99701e-13        6.83846e-14        8.30593e-12        2.47567e-11         0.00476345           0.114979        1.26558e-09         2.2181e-11        5.60137e-14            0.73276
68         0.00172055        2.51176e-05          4.361e-06             101325           0.173623          4.361e-06             1944.7                  0           0.959842            37.2184        1.07304e+08        0.000140603        2.42165e-05        0.000682805          0.0463962         0.00283014          0.0972867        4.02129e-06        5.70836e-13        4.32052e-14        5.33908e-12        1.56347e-11         0.00453091           0.115344        1.10589e-09        1.50397e-11        3.52933e-14            0.73276
69         0.00174567        2.51176e-05        4.35469e-06             101325           0.173372        4.35469e-06            1948.02                  0           0.962011            32.4299        9.61577e+07         0.00013347        2.22824e-05        0.000645746          0.0462646         0.00276418          0.0974027        3.85815e-06        3.64091e-13        2.74437e-14        3.45428e-12        9.94367e-12         0.00430702           0.115696        9.65001e-10        1.04752e-11        2.23576e-14            0.73276
70         0.00177079        2.51176e-05        4.34865e-06             101325           0.173132        4.34865e-06            1951.21                  0           0.964103            28.2256        8.60324e+07        0.000126599        2.04826e-05        0.000610294          0.0461393         0.00269837          0.0975151        3.69971e-06        2.33488e-13        1.75288e-14        2.24961e-12        6.36951e-12         0.00409164           0.116034        8.40898e-10        7.51436e-12        1.42423e-14            0.73276
71         0.00179591        2.51176e-05        4.34288e-06             101325           0.172902        4.34288e-06            1954.27                  0           0.966118            24.5393        7.68505e+07        0.000119992        1.88107e-05        0.000576424          0.0460202         0.00263282          0.0976238        3.54612e-06        1.50572e-13          1.126e-14         1.4749e-12        4.10964e-12         0.00388462           0.116359        7.31762e-10        5.55949e-12        9.12527e-15            0.73276
72         0.00182102        2.51176e-05        4.33736e-06             101325           0.172682        4.33736e-06             1957.2                  0           0.968058            21.3124        6.85396e+07        0.000113649          1.726e-05        0.000544111          0.0459071         0.00256766          0.0977289        3.39754e-06        9.76612e-14        7.27568e-15        9.73568e-13        2.67104e-12         0.00368585           0.116672        6.35959e-10        4.24142e-12        5.88174e-15            0.73276
73         0.00184614        2.51176e-05         4.3321e-06             101325           0.172473         4.3321e-06            1960.01                  0           0.969922            18.4932         6.1032e+07         0.00010757        1.58242e-05        0.000513329             0.0458         0.00250301          0.0978304        3.25411e-06        6.37179e-14        4.72961e-15        6.47092e-13        1.74894e-12          0.0034952           0.116971        5.52018e-10        3.33085e-12        3.81458e-15            0.73276
74         0.00187126        2.51176e-05        4.32708e-06             101325           0.172273        4.32708e-06            1962.69                  0           0.971713            16.0353        5.42639e+07        0.000101754        1.44971e-05        0.000484048          0.0456985         0.00243898          0.0979281        3.11597e-06        4.18245e-14        3.09359e-15        4.33115e-13         1.1538e-12         0.00331258           0.117258        4.78607e-10         2.6845e-12        2.48972e-15            0.73276
75         0.00189638        2.51176e-05         4.3223e-06             101325           0.172083         4.3223e-06            1965.26                  0            0.97343            13.8977        4.81755e+07        9.61987e-05        1.32724e-05        0.000456235          0.0456027         0.00237569          0.0980223        2.98323e-06        2.76243e-14        2.03634e-15        2.91956e-13        7.66969e-13         0.00313788           0.117532        4.14528e-10        2.21214e-12         1.6357e-15            0.73276
76         0.00192149        2.51176e-05        4.31775e-06             101325           0.171902        4.31775e-06             1967.7                  0           0.975075            12.0434        4.27107e+07        9.09019e-05        1.21442e-05        0.000429857          0.0455122         0.00231325          0.0981128          2.856e-06        1.83614e-14        1.34912e-15        1.98219e-13        5.13758e-13         0.00297098           0.117795          3.587e-10        1.85653e-12        1.08188e-15            0.73276
77         0.00194661        2.51176e-05        4.31343e-06             101325           0.171729        4.31343e-06            1970.03                  0           0.976648            10.4392        3.78169e+07        8.58602e-05        1.11066e-05        0.000404879          0.0454271         0.00225176          0.0981997        2.73438e-06        1.22838e-14        8.99751e-16        1.35557e-13         3.4682e-13         0.00281178           0.118045        3.10153e-10        1.58102e-12        7.20545e-16            0.73276
78         0.00197173        2.51176e-05        4.30932e-06             101325           0.171566        4.30932e-06            1972.25                  0           0.978151            9.05559        3.34446e+07        8.10698e-05        1.01539e-05        0.000381264          0.0453471         0.00219134           0.098283        2.61843e-06        8.27234e-15        6.04118e-16        9.33843e-14        2.35965e-13         0.00266013           0.118283        2.68013e-10        1.36183e-12        4.83304e-16            0.73276
79         0.00199685        2.51176e-05        4.30543e-06             101325           0.171411        4.30543e-06            1974.36                  0           0.979584            7.86568        2.95476e+07        7.65263e-05         9.2807e-06        0.000358973          0.0452721         0.00213209          0.0983628        2.50818e-06        5.60849e-15        4.08416e-16        6.48081e-14        1.61813e-13         0.00251591            0.11851        2.31499e-10        1.18337e-12        3.26536e-16            0.73276
80         0.00202196        2.51176e-05        4.30175e-06             101325           0.171264        4.30175e-06            1976.36                  0           0.980949            6.84551        2.60825e+07        7.22246e-05        8.48162e-06        0.000337966          0.0452018          0.0020741          0.0984391        2.40367e-06        3.82856e-15        2.78045e-16        4.53114e-14        1.11848e-13         0.00237898           0.118725        1.99914e-10        1.03523e-12        2.22259e-16            0.73276
81         0.00204708        2.51176e-05        4.29826e-06             101325           0.171126        4.29826e-06            1978.25                  0           0.982247            5.97354        2.30088e+07        6.81592e-05        7.75158e-06        0.000318201          0.0451361         0.00201747           0.098512        2.30489e-06        2.63175e-15        1.90637e-16        3.19174e-14        7.79304e-14         0.00224916           0.118929        1.72635e-10        9.10318e-13         1.5243e-16            0.73276
82          0.0020722        2.51176e-05        4.29497e-06             101325           0.170995        4.29497e-06            1980.04                  0           0.983478            5.23041        2.02888e+07        6.43239e-05        7.08566e-06        0.000299637          0.0450749         0.00196229          0.0985814        2.21179e-06        1.82187e-15        1.31649e-16        2.26516e-14        5.47355e-14         0.00212629           0.119122        1.49111e-10        8.03705e-13        1.05348e-16            0.73276
83         0.00209732        2.51176e-05        4.29187e-06             101325           0.170871        4.29187e-06            1981.74                  0           0.984646            4.59882        1.78873e+07        6.07123e-05        6.47917e-06        0.000282229          0.0450179         0.00190864          0.0986475        2.12434e-06        1.27027e-15        9.15786e-17        1.61968e-14        3.87546e-14          0.0020102           0.119304        1.28853e-10        7.11863e-13         7.3381e-17            0.73276
84         0.00212243        2.51176e-05        4.28894e-06             101325           0.170755        4.28894e-06            1983.33                  0           0.985751            4.06334        1.57717e+07        5.73174e-05        5.92765e-06        0.000265932          0.0449649          0.0018566          0.0987104        2.04242e-06        8.92114e-16        6.41754e-17        1.16687e-14        2.76616e-14         0.00190068           0.119476        1.11428e-10        6.32204e-13        5.15224e-17            0.73276
85         0.00214755        2.51176e-05         4.2862e-06             101325           0.170645         4.2862e-06            1984.84                  0           0.986795            3.61021        1.39118e+07        5.41319e-05        5.42684e-06        0.000250702          0.0449158         0.00180623            0.09877        1.96595e-06        6.31136e-16        4.53082e-17         8.4699e-15        1.99035e-14         0.00179754           0.119638        9.64564e-11        5.62768e-13        3.64681e-17            0.73276
86         0.00217267        2.51176e-05        4.28361e-06             101325           0.170543        4.28361e-06            1986.25                  0           0.987779            3.22723        1.22799e+07        5.11484e-05        4.97271e-06        0.000236493          0.0448704         0.00175759          0.0988265        1.89477e-06        4.49819e-16        3.22292e-17        6.19427e-15         1.4437e-14         0.00170057            0.11979        8.36051e-11        5.02031e-13        2.60245e-17            0.73276
87         0.00219779        2.51176e-05        4.28119e-06             101325           0.170446        4.28119e-06            1987.58                  0           0.988706            2.90365        1.08503e+07        4.83589e-05        4.56146e-06        0.000223258          0.0448284         0.00171075          0.0988799        1.82874e-06        3.22994e-16        2.31002e-17        4.56404e-15        1.05563e-14         0.00160956           0.119933        7.25821e-11        4.48772e-13        1.87261e-17            0.73276
88          0.0022229        2.51176e-05        4.27893e-06             101325           0.170356        4.27893e-06            1988.83                  0           0.989577            2.62999        9.59956e+06        4.57554e-05        4.18952e-06        0.000210951          0.0447897         0.00166573          0.0989303        1.76767e-06         2.3368e-16         1.6684e-17        3.38801e-15        7.78074e-15         0.00152428           0.120067        6.31328e-11        4.01993e-13        1.35878e-17            0.73276
89         0.00224802        2.51176e-05        4.27681e-06             101325           0.170272        4.27681e-06            1989.99                  0           0.990395            2.39801        8.50648e+06        4.33299e-05        3.85352e-06        0.000199527           0.044754         0.00162258          0.0989778        1.71136e-06         1.7035e-16         1.2143e-17        2.53374e-15        5.78083e-15          0.0014445           0.120193        5.50357e-11        3.60859e-13        9.94329e-18            0.73276
90         0.00227314        2.51176e-05        4.27483e-06             101325           0.170193        4.27483e-06            1991.08                  0           0.991161            2.20051        7.55169e+06        4.10739e-05        3.55033e-06        0.000188939          0.0447212         0.00158131          0.0990225        1.65961e-06        1.25136e-16        8.90675e-18        1.90892e-15        4.32913e-15         0.00136999            0.12031        4.80989e-11        3.24664e-13        7.33887e-18            0.73276
91         0.00229826        2.51176e-05        4.27299e-06             101325            0.17012        4.27299e-06             1992.1                  0           0.991878            2.03133         6.7178e+06        3.89794e-05        3.27703e-06        0.000179142          0.0446912         0.00154196          0.0990645        1.61219e-06        9.26325e-17        6.58408e-18        1.44878e-15        3.26763e-15         0.00130052           0.120419        4.21562e-11        2.92798e-13         5.4637e-18            0.73276
92         0.00232337        2.51176e-05        4.27127e-06             101325           0.170051        4.27127e-06            1993.05                  0           0.992547            1.88517        5.98918e+06         3.7038e-05        3.03091e-06        0.000170091          0.0446636         0.00150452          0.0991039        1.56886e-06        6.91048e-17        4.90543e-18        1.10763e-15        2.48579e-15         0.00123586            0.12052        3.70644e-11        2.64737e-13        4.10342e-18            0.73276
93         0.00234849        2.51176e-05        4.26968e-06             101325           0.169988        4.26968e-06            1993.93                  0           0.993171            1.75756        5.35192e+06        3.52416e-05        2.80945e-06        0.000161743          0.0446385         0.00146898          0.0991407        1.52939e-06        5.19565e-17        3.68371e-18        8.53006e-16        1.90581e-15         0.00117578           0.120615        3.26999e-11        2.40019e-13        3.10922e-18            0.73276
94         0.00237361        2.51176e-05         4.2682e-06             101325           0.169929         4.2682e-06            1994.75                  0           0.993752            1.64475         4.7937e+06        3.35821e-05        2.61035e-06        0.000154055          0.0446155         0.00143535          0.0991752        1.49353e-06        3.93716e-17        2.78833e-18        6.61706e-16        1.47251e-15         0.00112003           0.120702         2.8957e-11        2.18244e-13        2.37713e-18            0.73276
95         0.00239873        2.51176e-05        4.26683e-06             101325           0.169874        4.26683e-06             1995.5                  0           0.994291            1.54366        4.30368e+06        3.20515e-05        2.43147e-06        0.000146985          0.0445945         0.00140359          0.0992072        1.46105e-06        3.00722e-17        2.12753e-18        5.17048e-16        1.14654e-15          0.0010684           0.120783        2.57449e-11        1.99057e-13          1.834e-18            0.73276
96         0.00242385        2.51176e-05        4.26557e-06             101325           0.169824        4.26557e-06             1996.2                  0           0.994791            1.45175        3.87236e+06        3.06421e-05        2.27087e-06        0.000140493          0.0445754         0.00137368          0.0992371        1.43169e-06        2.31536e-17        1.63649e-18         4.0696e-16        8.99628e-16         0.00102066           0.120858        2.29858e-11        1.82148e-13        1.42808e-18            0.73276
97         0.00244896        2.51176e-05         4.2644e-06             101325           0.169778         4.2644e-06            1996.85                  0           0.995255              1.367        3.49151e+06        2.93463e-05        2.12676e-06         0.00013454           0.044558         0.00134557          0.0992648        1.40523e-06        1.79712e-17        1.26908e-18        3.22654e-16        7.11344e-16        0.000976578           0.120928        2.06134e-11        1.67243e-13        1.12246e-18            0.73276
98         0.00247408        2.51176e-05        4.26332e-06             101325           0.169735        4.26332e-06            1997.45                  0           0.995683            1.28784        3.15403e+06        2.81569e-05        1.99751e-06         0.00012909          0.0445423         0.00131924          0.0992906        1.38142e-06         1.4063e-17        9.92289e-19        2.57695e-16        5.66819e-16        0.000935948           0.120991        1.85712e-11        1.54102e-13        8.90666e-19            0.73276
99          0.0024992        2.51176e-05        4.26233e-06             101325           0.169695        4.26233e-06               1998                  0           0.996078            1.21304        2.85382e+06        2.70668e-05        1.88165e-06        0.000124106           0.044528         0.00129462          0.0993144        1.36006e-06         1.1096e-17        7.82352e-19        2.07339e-16        4.55164e-16        0.000898558            0.12105         1.6811e-11        1.42512e-13        7.13593e-19            0.73276
100         0.00252432        2.51176e-05        4.26142e-06             101325           0.169659        4.26142e-06            1998.51                  0           0.996442            1.14171        2.58569e+06        2.60692e-05        1.77783e-06        0.000119555           0.044515         0.00127167          0.0993364        1.34093e-06        8.82849e-18        6.22047e-19         1.6807e-16        3.68354e-16        0.000864204           0.121104        1.52918e-11        1.32286e-13        5.77347e-19            0.73276
101         0.00254943        2.51176e-05        4.26058e-06             101325           0.169626        4.26058e-06            1998.97                  0           0.996777            1.07321        2.34523e+06        2.51577e-05        1.68484e-06        0.000115405          0.0445033         0.00125032          0.0993566        1.32382e-06        7.08401e-18        4.98819e-19        1.37268e-16         3.0044e-16        0.000832689           0.121154        1.39787e-11        1.23262e-13        4.71766e-19            0.73276
102         0.00257455        2.51176e-05        4.25982e-06             101325           0.169595        4.25982e-06             1999.4                  0           0.997084            1.00712        2.12873e+06         2.4326e-05        1.60157e-06        0.000111625          0.0444927          0.0012305          0.0993753        1.30855e-06        5.73304e-18        4.03458e-19        1.12965e-16        2.46979e-16        0.000803825           0.121199         1.2842e-11        1.15295e-13        3.89367e-19            0.73276
103         0.00259967        2.51176e-05        4.25912e-06             101325           0.169567        4.25912e-06            1999.79                  0           0.997366           0.943172        1.93309e+06        2.35682e-05        1.52704e-06        0.000108187          0.0444831         0.00121216          0.0993924        1.29495e-06        4.67984e-18        3.29167e-19        9.36784e-17        2.04638e-16        0.000777429            0.12124        1.18566e-11        1.08258e-13        3.24606e-19            0.73276
104         0.00262479        2.51176e-05        4.25848e-06             101325           0.169542        4.25848e-06            2000.14                  0           0.997624           0.881248        1.75569e+06        2.28789e-05        1.46035e-06        0.000105064          0.0444745         0.00119522          0.0994082        1.28284e-06         3.8533e-18          2.709e-19        7.82837e-17        1.70897e-16        0.000753329           0.121278        1.10009e-11        1.02041e-13        2.73348e-19            0.73276
105          0.0026499        2.51176e-05         4.2579e-06             101325           0.169519         4.2579e-06            2000.46                  0            0.99786           0.821311        1.59436e+06        2.22526e-05        1.40069e-06        0.000102229          0.0444667         0.00117961          0.0994225        1.27208e-06        3.20023e-18        2.24889e-19        6.59223e-17        1.43844e-16        0.000731359           0.121313        1.02569e-11        9.65453e-14        2.32493e-19            0.73276
106         0.00267502        2.51176e-05        4.25737e-06             101325           0.169498        4.25737e-06            2000.76                  0           0.998075           0.763394        1.44729e+06        2.16845e-05        1.34734e-06        9.96611e-05          0.0444597         0.00116525          0.0994357        1.26253e-06        2.68068e-18        1.88304e-19        5.59364e-17        1.22015e-16        0.000711361           0.121344        9.60885e-12        9.16857e-14        1.99697e-19            0.73276
107         0.00270014        2.51176e-05        4.25689e-06             101325           0.169478        4.25689e-06            2001.03                  0           0.998271           0.707571        1.31295e+06        2.11698e-05        1.29966e-06        9.73365e-05          0.0444534         0.00115208          0.0994477        1.25405e-06        2.26441e-18        1.59006e-19         4.7819e-17        1.04288e-16        0.000693187           0.121373        9.04369e-12        8.73872e-14        1.73185e-19            0.73276
108         0.00272526        2.51176e-05        4.25645e-06             101325           0.169461        4.25645e-06            2001.27                  0           0.998449           0.653939        1.19008e+06        2.07042e-05        1.25704e-06         9.5235e-05          0.0444478         0.00114003          0.0994586        1.24654e-06        1.92847e-18        1.35372e-19        4.11774e-17        8.97951e-17        0.000676695           0.121399        8.55012e-12        8.35837e-14        1.51596e-19            0.73276
109         0.00275037        2.51176e-05        4.25606e-06             101325           0.169445        4.25606e-06            2001.49                  0            0.99861           0.602602        1.07758e+06        2.02836e-05        1.21898e-06        9.33375e-05          0.0444427         0.00112902          0.0994685        1.23989e-06        1.65531e-18        1.16163e-19        3.57064e-17         7.7864e-17        0.000661752           0.121422        8.11851e-12        8.02175e-14         1.3389e-19            0.73276
110         0.00277549        2.51176e-05         4.2557e-06             101325           0.169431         4.2557e-06            2001.69                  0           0.998757           0.553657             974552        1.99041e-05          1.185e-06        9.16263e-05          0.0444382         0.00111899          0.0994775          1.234e-06        1.43147e-18        1.00428e-19        3.11676e-17        6.79704e-17        0.000648234           0.121443        7.74064e-12        7.72376e-14         1.1926e-19            0.73276
111         0.00280061        2.51176e-05        4.25538e-06             101325           0.169418        4.25538e-06            2001.87                  0           0.998889           0.507189             880192        1.95622e-05        1.15467e-06         9.0085e-05          0.0444341         0.00110986          0.0994857         1.2288e-06        1.24655e-18        8.74335e-20        2.73741e-17        5.97041e-17        0.000636023           0.121462        7.40946e-12        7.45992e-14        1.07083e-19            0.73276
112         0.00282573        2.51176e-05        4.25508e-06             101325           0.169407        4.25508e-06            2002.03                  0           0.999009           0.463259             793811        1.92546e-05        1.12762e-06        8.86985e-05          0.0444305         0.00110158          0.0994931        1.22419e-06        1.09252e-18        7.66131e-20        2.41791e-17        5.27433e-17        0.000625009            0.12148        7.11893e-12        7.22632e-14        9.68708e-20            0.73276
113         0.00285084        2.51176e-05        4.25482e-06             101325           0.169396        4.25482e-06            2002.18                  0           0.999117            0.42191             714795        1.89782e-05        1.10351e-06        8.74528e-05          0.0444272         0.00109408          0.0994997        1.22013e-06        9.63127e-19        6.75259e-20        2.14667e-17        4.68345e-17         0.00061509           0.121495        6.86383e-12        7.01947e-14        8.82428e-20            0.73276
114         0.00287596        2.51176e-05        4.25459e-06             101325           0.169387        4.25459e-06            2002.31                  0           0.999215           0.383156             642595        1.87302e-05        1.08202e-06        8.63349e-05          0.0444243         0.00108729          0.0995057        1.21653e-06        8.53487e-19        5.98282e-20        1.91452e-17        4.17775e-17         0.00060617           0.121509         6.6397e-12        6.83632e-14        8.08989e-20            0.73276
115         0.00290108        2.51176e-05        4.25438e-06             101325           0.169379        4.25438e-06            2002.43                  0           0.999302            0.34699             576712         1.8508e-05        1.06289e-06        8.53331e-05          0.0444217         0.00108117          0.0995111        1.21336e-06        7.59783e-19        5.32511e-20        1.71423e-17         3.7414e-17        0.000598161           0.121522        6.44264e-12        6.67419e-14        7.46024e-20            0.73276
116          0.0029262        2.51176e-05        4.25419e-06             101325           0.169371        4.25419e-06            2002.53                  0           0.999381           0.313379             516685        1.83092e-05        1.04587e-06        8.44363e-05          0.0444194         0.00107565           0.099516        1.21056e-06        6.79019e-19        4.75836e-20        1.54002e-17        3.36184e-17        0.000590979           0.121533        6.26933e-12        6.53069e-14        6.91656e-20            0.73276
117         0.00295131        2.51176e-05        4.25402e-06             101325           0.169364        4.25402e-06            2002.63                  0           0.999452           0.282267             462088        1.81314e-05        1.03074e-06        8.36346e-05          0.0444173          0.0010707          0.0995203        1.20809e-06        6.08834e-19        4.26595e-20        1.38733e-17         3.0291e-17         0.00058455           0.121543        6.11683e-12        6.40372e-14        6.44393e-20            0.73276
118         0.00297643        2.51176e-05        4.25387e-06             101325           0.169358        4.25387e-06            2002.71                  0           0.999515           0.253583             412520        1.79728e-05         1.0173e-06        8.29188e-05          0.0444155         0.00106625          0.0995242        1.20591e-06        5.47363e-19        3.83477e-20        1.25252e-17        2.73526e-17        0.000578802           0.121552        5.98263e-12        6.29141e-14        6.03041e-20            0.73276
119         0.00300155        2.51176e-05        4.25373e-06             101325           0.169353        4.25373e-06            2002.79                  0           0.999571           0.227238             367606        1.78314e-05        1.00537e-06        8.22806e-05          0.0444139         0.00106226          0.0995277        1.20399e-06        4.93134e-19        3.45446e-20        1.13269e-17        2.47399e-17        0.000573671            0.12156        5.86452e-12        6.19211e-14        5.66648e-20            0.73276
120         0.00302667        2.51176e-05        4.25361e-06             101325           0.169348        4.25361e-06            2002.86                  0           0.999622           0.203128             326991        1.77056e-05        9.94788e-07        8.17123e-05          0.0444125          0.0010587          0.0995308         1.2023e-06        4.44974e-19        3.11677e-20        1.02552e-17        2.24027e-17        0.000569098           0.121568        5.76058e-12        6.10437e-14        5.34443e-20            0.73276
121         0.00305178        2.51176e-05        4.25351e-06             101325           0.169344        4.25351e-06            2002.92                  0           0.999666           0.181143             290339        1.75937e-05        9.85413e-07        8.12068e-05          0.0444112         0.00105551          0.0995335        1.20081e-06        4.01953e-19        2.81516e-20        9.29146e-18        2.03004e-17        0.000565027           0.121574        5.66911e-12        6.02687e-14        5.05807e-20            0.73276
122          0.0030769        2.51176e-05        4.25341e-06             101325            0.16934        4.25341e-06            2002.97                  0           0.999706           0.161163             257333        1.74944e-05        9.77114e-07        8.07579e-05            0.04441         0.00105268           0.099536         1.1995e-06        3.63324e-19        2.54439e-20        8.42092e-18        1.84009e-17        0.000561408            0.12158        5.58864e-12        5.95848e-14        4.80235e-20            0.73276
123         0.00310202        2.51176e-05        4.25333e-06             101325           0.169337        4.25333e-06            2003.02                  0           0.999742           0.143064             227673        1.74064e-05        9.69776e-07        8.03597e-05           0.044409         0.00105016          0.0995382        1.19834e-06        3.28489e-19        2.30024e-20        7.63153e-18         1.6678e-17        0.000558197           0.121585        5.51787e-12        5.89815e-14        4.57317e-20            0.73276
124         0.00312714        2.51176e-05        4.25325e-06             101325           0.169334        4.25325e-06            2003.06                  0           0.999773            0.12672             201076        1.73284e-05        9.63293e-07         8.0007e-05          0.0444082         0.00104792          0.0995401        1.19733e-06        2.96965e-19        2.07932e-20        6.91356e-18        1.51105e-17        0.000555351           0.121589        5.45567e-12        5.84499e-14        4.36716e-20            0.73276
125         0.00315225        2.51176e-05        4.25319e-06             101325           0.169331        4.25319e-06            2003.09                  0           0.999801           0.112006             177277        1.72595e-05        9.57572e-07         7.9695e-05          0.0444074         0.00104593          0.0995418        1.19643e-06        2.68358e-19        1.87886e-20        6.25905e-18        1.36812e-17        0.000552832           0.121593        5.40101e-12        5.79817e-14        4.18151e-20            0.73276
126         0.00317737        2.51176e-05        4.25313e-06             101325           0.169329        4.25313e-06            2003.13                  0           0.999826          0.0987973             156026        1.71987e-05        9.52529e-07        7.94193e-05          0.0444067         0.00104417          0.0995434        1.19565e-06        2.42344e-19         1.6966e-20        5.66143e-18        1.23759e-17        0.000550605           0.121597        5.35302e-12        5.75698e-14        4.01391e-20            0.73276
127         0.00320249        2.51176e-05        4.25308e-06             101325           0.169327        4.25308e-06            2003.16                  0           0.999848          0.0869726             137089         1.7145e-05        9.48088e-07        7.91761e-05          0.0444061         0.00104262          0.0995447        1.19496e-06        2.18656e-19        1.53065e-20        5.11525e-18        1.11826e-17        0.000548641             0.1216        5.31091e-12        5.72077e-14         3.8624e-20            0.73276
128         0.00322761        2.51176e-05        4.25303e-06             101325           0.169325        4.25303e-06            2003.18                  0           0.999867          0.0764151             120249        1.70977e-05        9.44183e-07        7.89619e-05          0.0444056         0.00104124          0.0995459        1.19436e-06        1.97069e-19        1.37942e-20        4.61587e-18        1.00914e-17        0.000546909           0.121602        5.27399e-12        5.68898e-14        3.72532e-20            0.73276
129         0.00325272        2.51176e-05        4.25299e-06             101325           0.169324        4.25299e-06             2003.2                  0           0.999884           0.067013             105304        1.70562e-05        9.40752e-07        7.87733e-05          0.0444051         0.00104003          0.0995469        1.19383e-06        1.77391e-19        1.24158e-20        4.15933e-18        9.09362e-18        0.000545386           0.121605        5.24165e-12        5.66108e-14        3.60126e-20            0.73276
130         0.00327784        2.51176e-05        4.25296e-06             101325           0.169322        4.25296e-06            2003.22                  0           0.999899          0.0586609            92067.5        1.70197e-05        9.37742e-07        7.86077e-05          0.0444047         0.00103897          0.0995478        1.19337e-06        1.59457e-19        1.11596e-20        3.74219e-18        8.18177e-18        0.000544047           0.121607        5.21334e-12        5.63663e-14        3.48897e-20            0.73276
131         0.00330296        2.51176e-05        4.25293e-06             101325           0.169321        4.25293e-06            2003.24                  0           0.999912          0.0512591              80367        1.69877e-05        9.35104e-07        7.84623e-05          0.0444043         0.00103804          0.0995486        1.19297e-06        1.43123e-19        1.00156e-20        3.36139e-18        7.34925e-18        0.000542872           0.121609        5.18858e-12        5.61523e-14        3.38737e-20            0.73276
132         0.00332808        2.51176e-05         4.2529e-06             101325            0.16932         4.2529e-06            2003.25                  0           0.999924          0.0447143            70044.1        1.69596e-05        9.32795e-07        7.83349e-05           0.044404         0.00103722          0.0995493        1.19261e-06         1.2826e-19         8.9746e-21         3.0142e-18        6.59012e-18        0.000541842            0.12161        5.16695e-12        5.59651e-14        3.29552e-20            0.73276
133          0.0033532        2.51176e-05        4.25288e-06             101325           0.169319        4.25288e-06            2003.27                  0           0.999934          0.0389402              60954        1.69351e-05        9.30777e-07        7.82235e-05          0.0444037          0.0010365            0.09955        1.19231e-06        1.14754e-19        8.02867e-21        2.69814e-18        5.89897e-18        0.000540941           0.121612        5.14807e-12        5.58016e-14        3.21256e-20            0.73276
134         0.00337831        2.51176e-05        4.25286e-06             101325           0.169318        4.25286e-06            2003.28                  0           0.999943          0.0338571            52964.6        1.69136e-05        9.29014e-07        7.81261e-05          0.0444035         0.00103587          0.0995505        1.19204e-06        1.02499e-19        7.17043e-21        2.41094e-18        5.27084e-18        0.000540153           0.121613        5.13162e-12         5.5659e-14        3.13773e-20            0.73276
135         0.00340343        2.51176e-05        4.25284e-06             101325           0.169317        4.25284e-06            2003.29                  0            0.99995           0.029392              45956         1.6895e-05        9.27478e-07        7.80411e-05          0.0444033         0.00103532           0.099551         1.1918e-06        9.14001e-20        6.39316e-21        2.15047e-18        4.70114e-18        0.000539466           0.121614        5.11729e-12        5.55347e-14        3.07032e-20            0.73276
136         0.00342855        2.51176e-05        4.25283e-06             101325           0.169317        4.25283e-06             2003.3                  0           0.999957          0.0254779            39819.3        1.68787e-05        9.26141e-07        7.79671e-05          0.0444031         0.00103484          0.0995514         1.1916e-06        8.13685e-20        5.69066e-21        1.91478e-18         4.1856e-18        0.000538868           0.121615        5.10483e-12        5.54266e-14        3.00971e-20            0.73276
137         0.00345367        2.51176e-05        4.25281e-06             101325           0.169316        4.25281e-06             2003.3                  0           0.999963          0.0220538            34456.1        1.68645e-05        9.24978e-07        7.79027e-05           0.044403         0.00103443          0.0995517        1.19142e-06        7.23225e-20         5.0572e-21        1.70204e-18        3.72019e-18        0.000538347           0.121616        5.09401e-12        5.53326e-14        2.95532e-20            0.73276
138         0.00347878        2.51176e-05         4.2528e-06             101325           0.169316         4.2528e-06            2003.31                  0           0.999968          0.0190649              29778        1.68522e-05        9.23968e-07        7.78468e-05          0.0444028         0.00103406          0.0995521        1.19127e-06        6.41859e-20        4.48742e-21        1.51051e-18        3.30118e-18        0.000537895           0.121617        5.08462e-12        5.52511e-14        2.90663e-20            0.73276
139          0.0035039        2.51176e-05        4.25279e-06             101325           0.169315        4.25279e-06            2003.32                  0           0.999972          0.0164612            25705.8        1.68416e-05        9.23094e-07        7.77983e-05          0.0444027         0.00103375          0.0995523        1.19114e-06        5.68877e-20        3.97637e-21        1.33858e-18        2.92505e-18        0.000537503           0.121617        5.07649e-12        5.51805e-14        2.86313e-20            0.73276
140         0.00352902        2.51176e-05        4.25278e-06             101325           0.169315        4.25278e-06            2003.32                  0           0.999976          0.0141984            22168.6        1.68324e-05        9.22338e-07        7.77563e-05          0.0444026         0.00103348          0.0995526        1.19102e-06        5.03623e-20        3.51943e-21        1.18476e-18        2.58849e-18        0.000537164           0.121618        5.06947e-12        5.51194e-14         2.8244e-20            0.73276
141         0.00355414        2.51176e-05        4.25278e-06             101325           0.169315        4.25278e-06            2003.33                  0            0.99998          0.0122366            19103.3        1.68244e-05        9.21685e-07        7.77201e-05          0.0444025         0.00103325          0.0995528        1.19093e-06        4.45484e-20        3.11233e-21        1.04764e-18        2.28846e-18        0.000536871           0.121618        5.06342e-12        5.50668e-14        2.79001e-20            0.73276
142         0.00357925        2.51176e-05        4.25277e-06             101325           0.169315        4.25277e-06            2003.33                  0           0.999982          0.0105406            16454.1        1.68176e-05        9.21124e-07         7.7689e-05          0.0444024         0.00103304          0.0995529        1.19084e-06        3.93902e-20        2.75114e-21        9.25917e-19        2.02213e-18        0.000536619           0.121619        5.05821e-12        5.50215e-14        2.75961e-20            0.73276
143         0.00360437        2.51176e-05        4.25276e-06             101325           0.169314        4.25276e-06            2003.33                  0           0.999985         0.00907906            14171.8        1.68117e-05        9.20642e-07        7.76622e-05          0.0444024         0.00103287          0.0995531        1.19077e-06        3.48367e-20        2.43229e-21         8.1842e-19        1.78691e-18        0.000536403           0.121619        5.05374e-12        5.49826e-14        2.73285e-20            0.73276
144         0.00362949        2.51176e-05        4.25276e-06             101325           0.169314        4.25276e-06            2003.33                  0           0.999987          0.0078246            12213.3        1.68067e-05        9.20231e-07        7.76394e-05          0.0444023         0.00103272          0.0995532        1.19071e-06        3.08416e-20        2.15255e-21        7.24075e-19        1.58046e-18        0.000536218           0.121619        5.04993e-12        5.49495e-14        2.70945e-20            0.73276
145         0.00365461        2.51176e-05        4.25276e-06             101325           0.169314        4.25276e-06            2003.34                  0           0.999989          0.0067534            10541.1        1.68024e-05        9.19882e-07          7.762e-05          0.0444023          0.0010326          0.0995533        1.19065e-06        2.73641e-20        1.90905e-21        6.41926e-19        1.40069e-18        0.000536062           0.121619         5.0467e-12        5.49213e-14        2.68913e-20            0.73276
146         0.00367972        2.51176e-05        4.25275e-06             101325           0.169314        4.25275e-06            2003.34                  0            0.99999         0.00584485            9123.03        1.67989e-05        9.19589e-07        7.76037e-05          0.0444022         0.00103249          0.0995534        1.19061e-06        2.43682e-20        1.69928e-21        5.71137e-19        1.24578e-18         0.00053593            0.12162        5.04398e-12        5.48976e-14        2.67166e-20            0.73276
147         0.00370484        2.51176e-05        4.25275e-06             101325           0.169314        4.25275e-06            2003.34                  0           0.999992          0.0050816            7931.79        1.67959e-05        9.19344e-07        7.75902e-05          0.0444022          0.0010324          0.0995535        1.19057e-06        2.18249e-20         1.5212e-21         5.1103e-19        1.11425e-18         0.00053582            0.12162        5.04172e-12         5.4878e-14        2.65686e-20            0.73276
148         0.00372996        2.51176e-05        4.25275e-06             101325           0.169314        4.25275e-06            2003.34                  0           0.999993         0.00444909            6944.67        1.67935e-05        9.19145e-07        7.75791e-05          0.0444022         0.00103233          0.0995535        1.19054e-06        1.97099e-20        1.37311e-21        4.61037e-19        1.00484e-18        0.000535731            0.12162        5.03987e-12        5.48619e-14        2.64458e-20            0.73276
149         0.00375508        2.51176e-05        4.25275e-06             101325           0.169314        4.25275e-06            2003.34                  0           0.999993         0.00393578            6143.57        1.67915e-05        9.18987e-07        7.75703e-05          0.0444022         0.00103227          0.0995536        1.19052e-06        1.80055e-20        1.25377e-21        4.20743e-19        9.16664e-19         0.00053566            0.12162        5.03841e-12        5.48491e-14         2.6347e-20            0.73276
150         0.00378019        2.51176e-05        4.25274e-06             101325           0.169314        4.25274e-06            2003.34                  0           0.999994         0.00353272            5514.55        1.67901e-05        9.18867e-07        7.75636e-05          0.0444021         0.00103223          0.0995536         1.1905e-06        1.67003e-20        1.16238e-21        3.89882e-19        8.49128e-19        0.000535606            0.12162         5.0373e-12        5.48395e-14        2.62713e-20            0.73276
151         0.00380531        2.51176e-05        4.25274e-06             101325           0.169314        4.25274e-06            2003.34                  0           0.999995         0.00323372            5047.92        1.67891e-05        9.18785e-07         7.7559e-05          0.0444021          0.0010322          0.0995536        1.19049e-06        1.57889e-20        1.09856e-21        3.68332e-19        8.01966e-19        0.000535569            0.12162        5.03654e-12        5.48328e-14        2.62186e-20            0.73276
152         0.00383043        2.51176e-05        4.25274e-06             101325           0.169313        4.25274e-06            2003.34                  0           0.999995         0.00303514               4738        1.67885e-05        9.18738e-07        7.75565e-05          0.0444021         0.00103218          0.0995537        1.19048e-06        1.52723e-20        1.06239e-21        3.56117e-19        7.75234e-19        0.000535548            0.12162         5.0361e-12        5.48291e-14        2.61887e-20            0.73276
