# Time 0.00038
# eta = 0.002
# length = 0.000663813
#--- 	  	 LEM Line data  --- 
#(1) wafer              (2) x             (3) dx              (4) m              (5) p            (6) rho              (7) m              (8) T              (9) Z             (10) C          (11) dCdt       (12) heatRel                  (13) Y_H2                  (14) Y_H                  (15) Y_O                  (16) Y_O2                  (17) Y_OH                  (18) Y_H2O                  (19) Y_HO2                  (20) Y_CH2                  (21) Y_CH2(S)                  (22) Y_CH3                  (23) Y_CH4                  (24) Y_CO                  (25) Y_CO2                  (26) Y_HCO                  (27) Y_CH2O                  (28) Y_CH2OH                  (29) Y_N2
0        1.25588e-05        2.51176e-05        2.84165e-05             101325            1.13134        2.84165e-05            300.083                  0                  0                  0                  0        2.46318e-09        1.00539e-17        4.36112e-12           0.222591        9.96587e-13        3.91188e-06        4.64412e-09        1.77748e-18        9.18521e-20        3.34261e-08          0.0446403        7.15362e-08        4.66029e-06        1.17916e-18        1.12585e-08         1.9897e-22            0.73276
1        3.76764e-05        2.51176e-05        2.84114e-05             101325            1.13113        2.84114e-05            300.137                  0        4.05308e-05        7.76531e-08           0.224522        4.23585e-09        2.12627e-17        5.71043e-12           0.222587        1.44565e-12        6.46842e-06          7.474e-09        4.21222e-18        2.17831e-19        5.55945e-08          0.0446391        1.23354e-07        7.69905e-06        2.80398e-18        1.92137e-08        4.72537e-22            0.73276
2         6.2794e-05        2.51176e-05        2.84008e-05             101325            1.13071        2.84008e-05            300.249                  0        6.51325e-05        1.09591e-07           0.449003        8.11681e-09        4.96681e-17        7.24113e-12           0.222577        2.19347e-12        1.17537e-05        1.30941e-08        1.18334e-17        6.12088e-19        1.01815e-07          0.0446367        2.37395e-07        1.39719e-05        7.91525e-18        3.64186e-08        1.33177e-21            0.73276
3        8.79116e-05        2.51176e-05        2.83804e-05             101325             1.1299        2.83804e-05            300.465                  0        0.000118659        1.68342e-07            1.15565        1.60687e-08        1.15107e-16        8.87874e-12           0.222559        3.42286e-12        2.19852e-05        2.35909e-08        3.48073e-17        1.80277e-18        1.92006e-07           0.044632        4.72613e-07        2.60955e-05         2.3415e-17        7.11928e-08        3.94334e-21            0.73276
4        0.000113029        2.51176e-05        2.83431e-05             101325            1.12842        2.83431e-05             300.86                  0        0.000221921        2.67904e-07             3.3396        3.16493e-08        2.48955e-16        1.02053e-11           0.222526        5.36863e-12        4.07571e-05        4.21186e-08        1.01626e-16        5.27369e-18         3.5897e-07          0.0446235        9.37559e-07        4.82937e-05        6.88722e-17        1.38184e-07        1.16433e-20            0.73276
5        0.000138147        2.51176e-05        2.82776e-05             101325            1.12581        2.82776e-05            301.556                  0        0.000410949        4.34689e-07            10.0065        6.13492e-08        4.87097e-16        1.06948e-11           0.222468        8.41937e-12        7.39522e-05        7.35648e-08        2.90106e-16        1.51053e-17        6.57197e-07          0.0446083        1.83381e-06        8.74475e-05        1.98619e-16        2.63295e-07        3.38822e-20            0.73276
6        0.000163264        2.51176e-05        2.81665e-05             101325            1.12139        2.81665e-05            302.745                  0        0.000744499         7.2183e-07            29.8079        1.16682e-07        8.51143e-16        9.95097e-12           0.222367        1.32679e-11        0.000130769        1.25166e-07        8.10713e-16        4.24479e-17        1.17336e-06          0.0445823        3.52679e-06        0.000154248        5.63162e-16        4.90779e-07        9.77523e-20            0.73276
7        0.000188382        2.51176e-05         2.7985e-05             101325            1.11416         2.7985e-05            304.708                  0         0.00131406        1.24623e-06            86.3931        2.17525e-07        1.34714e-15        8.00349e-12           0.222202        2.12154e-11        0.000224926         2.0719e-07        2.23319e-15        1.17981e-16        2.03937e-06          0.0445392        6.66398e-06        0.000264501        1.58387e-15        8.93711e-07        2.83515e-19            0.73276
8          0.0002135        2.51176e-05           2.77e-05             101325            1.10281           2.77e-05            307.842                  0          0.0022554        2.28203e-06            240.687        3.97215e-07        2.08276e-15        5.42157e-12           0.221936        3.48156e-11        0.000375841        3.33664e-07        6.11427e-15        3.27485e-16        3.44647e-06            0.04447        1.23645e-05        0.000440306        4.46622e-15        1.58841e-06        8.41243e-19            0.73276
9        0.000238617        2.51176e-05        2.72722e-05             101325            1.08578        2.72722e-05            312.668                  0         0.00375938        4.50816e-06            639.397        7.09826e-07        3.69784e-15        3.02525e-12           0.221525        5.91181e-11         0.00060941        5.23192e-07        1.67153e-14        9.13544e-16        5.65714e-06          0.0443626        2.25066e-05        0.000710608        1.27192e-14        2.75255e-06        2.59413e-18            0.73276
10        0.000263735        2.51176e-05        2.66616e-05             101325            1.06147        2.66616e-05            319.825                  0         0.00607815        9.66287e-06            1610.31        1.23965e-06         8.5364e-15        1.37587e-12           0.220914        1.04252e-10        0.000957851        8.00131e-07        4.56323e-14        2.56578e-15        9.00953e-06          0.0442022        4.01309e-05         0.00111047        3.66836e-14         4.6448e-06        8.40827e-18            0.73276
11        0.000288852        2.51176e-05        2.58371e-05             101325            1.02865        2.58371e-05            330.023                  0         0.00952114        2.23171e-05            3830.41        2.11195e-06        2.40379e-14        5.12755e-13           0.220037        1.90818e-10         0.00145815         1.1966e-06        1.24051e-13           7.24e-15        1.39085e-05          0.0439713        6.99447e-05         0.00167847        1.07087e-13        7.62153e-06        2.87882e-17            0.73276
12         0.00031397        2.51176e-05        2.47881e-05             101325           0.986881        2.47881e-05            343.976                  0          0.0144361        5.46849e-05            8595.33        3.50275e-06        7.35979e-14        1.64212e-13            0.21883        3.61397e-10         0.00214899        1.75596e-06        3.34363e-13        2.04339e-14        2.07998e-05          0.0436514        0.000118851         0.00245228        3.15357e-13        1.21434e-05        1.03832e-16            0.73276
13        0.000339087        2.51176e-05        2.35325e-05             101325           0.936894        2.35325e-05            362.308                  0          0.0211746        0.000139684            18225.9        5.64384e-06        2.31148e-13        6.40956e-14           0.217232        7.03753e-10         0.00306675        2.53816e-06        8.88631e-13        5.72653e-14        3.01299e-05           0.043225        0.000196354         0.00346322        9.31085e-13         1.8765e-05          3.896e-16            0.73276
14        0.000364205        2.51176e-05        2.21168e-05             101325           0.880528        2.21168e-05            385.467                  0          0.0300481         0.00036552            36684.8        8.81978e-06        7.24472e-13        9.51721e-14           0.215192        1.39381e-09         0.00424184        3.62648e-06        2.31058e-12         1.5762e-13        4.23016e-05          0.0426769        0.000314662          0.0047316        2.72879e-12        2.81054e-05          1.488e-15            0.73276
15        0.000389323        2.51176e-05        2.06055e-05             101325           0.820361        2.06055e-05            413.687                  0          0.0412895        0.000962677            70569.9        1.33555e-05        2.22517e-12        3.50942e-13           0.212678        2.76548e-09         0.00569645        5.13491e-06         5.8197e-12        4.20272e-13        5.76396e-05          0.0419955        0.000488371          0.0062645        7.83837e-12        4.08024e-05        5.63582e-15            0.73276
16         0.00041444        2.51176e-05        1.90671e-05             101325           0.759114        1.90671e-05            446.986                  0          0.0550324         0.00250514             130817        1.95966e-05        6.62341e-12        1.48144e-12           0.209672        5.40597e-09         0.00744454        7.21489e-06        1.40564e-11        1.07066e-12        7.63772e-05          0.0411728        0.000733751          0.0080566        2.17951e-11        5.74649e-05        2.06919e-14            0.73276
17        0.000439558        2.51176e-05        1.75606e-05             101325           0.699136        1.75606e-05            485.219                  0          0.0713148         0.00632608             235644        2.78884e-05        1.91205e-11        6.39574e-12           0.206166        1.02608e-08         0.00949349        1.00611e-05        3.23236e-11        2.57947e-12        9.86657e-05          0.0402039         0.00106784          0.0100935         5.8172e-11        7.86308e-05        7.27258e-14            0.73276
18        0.000464675        2.51176e-05        1.61287e-05             101325           0.642126        1.61287e-05            528.137                  0          0.0901029          0.0152692             415497        3.85571e-05        5.42514e-11        2.76753e-11           0.202163        1.87377e-08          0.0118466        1.39162e-05        7.06998e-11        5.85734e-12        0.000124602          0.0390857         0.00150751          0.0123559        1.48814e-10        0.000104741        2.45151e-13            0.73276
19        0.000489793        2.51176e-05        1.47969e-05             101325           0.589104        1.47969e-05            575.451                  0           0.111323          0.0348913             721284        5.18972e-05        1.54283e-10        1.18579e-10           0.197665        3.28842e-08          0.0145054        1.90739e-05        1.48368e-10         1.2617e-11        0.000154263          0.0378162         0.00206881          0.0148236        3.67376e-10        0.000136124        8.05325e-13            0.73276
20        0.000514911        2.51176e-05        1.35766e-05             101325           0.540521        1.35766e-05            626.877                  0           0.134892          0.0753608        1.23948e+06        6.81653e-05        4.45857e-10        4.97191e-10           0.192675        5.59986e-08          0.0174717        2.58805e-05        3.05467e-10        2.62882e-11        0.000187744          0.0363934         0.00276642          0.0174786        8.88309e-10        0.000172995        2.63788e-12            0.73276
21        0.000540028        2.51176e-05        1.24691e-05             101325            0.49643        1.24691e-05            682.164                  0           0.160737           0.155299        2.12587e+06        8.75783e-05        1.30841e-09        2.01447e-09           0.187194        9.48474e-08          0.0207484        3.47303e-05        6.41134e-10        5.48766e-11        0.000225188          0.0348149         0.00361338           0.020306        2.14653e-09         0.00021545        8.75819e-12            0.73276
22        0.000565146        2.51176e-05        1.14696e-05             101325           0.456638        1.14696e-05            741.109                  0           0.188809           0.313073        3.69437e+06        0.000110314        3.84696e-09        7.78827e-09           0.181219        1.66878e-07          0.0243396        4.60496e-05        1.43699e-09        1.20184e-10        0.000266825           0.033078         0.00462096          0.0232953        5.28403e-09        0.000263472        2.94503e-11            0.73276
23        0.000590263        2.51176e-05        1.05701e-05             101325           0.420823        1.05701e-05            803.551                  0           0.219085           0.645628         6.6614e+06        0.000136512        1.11385e-08        2.84248e-08           0.174745        3.21569e-07          0.0282505        6.02581e-05        3.53782e-09         2.8605e-10        0.000313011          0.0311792         0.00579853          0.0264399        1.33805e-08        0.000316928        9.86979e-11            0.73276
24        0.000615381        2.51176e-05        9.76108e-06             101325           0.388615        9.76108e-06            869.369                  0           0.251564            1.43848        1.28015e+07        0.000166278        3.13285e-08        9.72279e-08           0.167764        6.98692e-07          0.0324862        7.76849e-05        9.44226e-09         7.3858e-10        0.000364283          0.0291155          0.0071533           0.029736        3.46779e-08        0.000375571        3.22972e-10            0.73276
25        0.000640499        2.51176e-05        9.03327e-06             101325           0.359639        9.03327e-06            938.461                  0           0.286259            3.56569        2.66122e+07        0.000199676        8.49651e-08        3.10753e-07           0.160273        1.67584e-06          0.0370506        9.84088e-05        2.61839e-08        1.99594e-09        0.000421419          0.0268842         0.00868996          0.0331815        9.04156e-08        0.000439018         1.0149e-09            0.73276
26        0.000665616        2.51176e-05        8.37788e-06             101325           0.333546        8.37788e-06            1010.73                  0           0.323182            9.60499        5.92889e+07        0.000236723        2.21695e-07        9.28716e-07           0.152273        4.21533e-06          0.0419423        0.000121973        7.22973e-08        5.41058e-09        0.000485376          0.0244846          0.0104096          0.0367745        2.32154e-07        0.000506684        3.02916e-09            0.73276
27        0.000690734        2.51176e-05        7.78716e-06             101325           0.310028        7.78716e-06            1086.04                  0            0.36232            26.6363        1.37569e+08         0.00027736        5.56573e-07        2.60385e-06           0.143774        1.06215e-05          0.0471533        0.000146942        1.93105e-07        1.42614e-08        0.000556876          0.0219194          0.0123089          0.0405117         5.7606e-07        0.000577639        8.53051e-09           0.732759
28        0.000715851        2.51176e-05        7.25458e-06             101325           0.288825        7.25458e-06            1164.16                  0           0.403618            72.4875        3.21728e+08        0.000321434        1.34369e-06        6.87831e-06           0.134793         2.6066e-05          0.0526677        0.000170364        4.90569e-07        3.58708e-08        0.000635105          0.0191955          0.0143798          0.0443911        1.36195e-06        0.000650293         2.2567e-08           0.732759
29        0.000740969        2.51176e-05        6.77499e-06             101325           0.269731        6.77499e-06            1244.68                  0            0.44699            187.717         7.3754e+08         0.00036854        3.10786e-06        1.71732e-05           0.125362        6.13224e-05          0.0584537        0.000187502        1.17114e-06        8.49738e-08         0.00071473          0.0163295          0.0166055          0.0484119        3.03132e-06        0.000721566        5.57807e-08           0.732758
30        0.000766086        2.51176e-05         6.3452e-06             101325            0.25262         6.3452e-06            1326.81                  0           0.492272            453.064        1.61819e+09        0.000417603        6.82961e-06        4.05383e-05           0.115547        0.000136749          0.0644423        0.000192788        2.58861e-06        1.86714e-07        0.000781066          0.0133618          0.0189495          0.0525714        6.25811e-06         0.00078508         1.2742e-07           0.732758
31        0.000791204        2.51176e-05         5.9647e-06             101325           0.237471         5.9647e-06            1408.96                  0           0.539085            998.794        3.31316e+09        0.000465988         1.4065e-05        9.01766e-05           0.105493        0.000285686          0.0704913        0.000182577        5.16239e-06        3.70959e-07        0.000806353          0.0103784          0.0213293          0.0568612        1.17077e-05        0.000827915        2.62752e-07           0.732757
32        0.000816322        2.51176e-05        5.63662e-06             101325           0.224409        5.63662e-06            1488.26                  0           0.586626            1960.29        6.13088e+09        0.000508076        2.66064e-05         0.00018756          0.0954936        0.000550841          0.0763396        0.000157769        8.86849e-06        6.37057e-07        0.000756862         0.00753435          0.0235725          0.0612605        1.91227e-05        0.000827219        4.67432e-07           0.732756
33        0.000841439        2.51176e-05        5.36725e-06             101325           0.213685        5.36725e-06            1560.29                  0           0.633398             3313.7        9.82083e+09        0.000534589        4.51122e-05        0.000359726          0.0860536        0.000962929          0.0815969        0.000123909        1.22676e-05        8.86082e-07        0.000621532         0.00504722          0.0253787          0.0657257        2.59422e-05        0.000755808        6.70407e-07           0.732756
34        0.000866557        2.51176e-05        5.16155e-06             101325           0.205495        5.16155e-06            1620.33                  0           0.677156            4667.25        1.29498e+10        0.000536724        6.72999e-05        0.000622814          0.0777929         0.00150319          0.0858571        8.91511e-05          1.298e-05        9.49585e-07        0.000440106         0.00311541          0.0263898          0.0701783        2.80703e-05        0.000609858        7.36247e-07           0.732756
35        0.000891674        2.51176e-05        5.01583e-06             101325           0.199694        5.01583e-06            1666.16                  0           0.715587            5407.79        1.36372e+10        0.000515562        8.86619e-05        0.000953002          0.0711508         0.00208906          0.0889218        6.03982e-05        1.07387e-05        7.99455e-07        0.000275353         0.00179725          0.0264229           0.074501        2.43584e-05        0.000431788        6.31824e-07           0.732756
36        0.000916792        2.51176e-05        4.91684e-06             101325           0.195753        4.91684e-06             1699.4                  0            0.74752            5278.35        1.17417e+10        0.000483092        0.000105806         0.00128742          0.0661641          0.0026225           0.090901        4.02568e-05        7.47893e-06        5.66955e-07        0.000159147        0.000991105          0.0256184          0.0785679        1.78409e-05        0.000275671        4.54726e-07           0.732757
37         0.00094191        2.51176e-05        4.84887e-06             101325           0.193047        4.84887e-06            1723.63                  0           0.773339            4573.04        8.79581e+09        0.000451415        0.000117829         0.00156915           0.062554         0.00304937          0.0920822        2.76212e-05         4.7169e-06        3.63367e-07        8.82486e-05        0.000532919          0.0242978          0.0822892        1.17243e-05        0.000164826        2.94685e-07           0.732758
38        0.000967027        2.51176e-05        4.79969e-06             101325           0.191089        4.79969e-06            1742.14                  0            0.79422            3717.21        6.12283e+09        0.000426098        0.000125296         0.00177515          0.0599505           0.003365          0.0927559        2.01432e-05        2.82525e-06        2.20572e-07        4.79998e-05        0.000283019          0.0227571          0.0856293        7.23932e-06        9.50123e-05        1.80383e-07           0.732758
39        0.000992145        2.51176e-05        4.76157e-06             101325           0.189571        4.76157e-06            1757.18                  0            0.81137            2952.46        4.18483e+09        0.000407531        0.000129157         0.00190893          0.0580361         0.00358845          0.0931369         1.5803e-05        1.64859e-06        1.30125e-07        2.59059e-05        0.000149555          0.0211885          0.0885939         4.3184e-06         5.3728e-05        1.07108e-07           0.732759
40         0.00101726        2.51176e-05        4.73012e-06             101325           0.188319        4.73012e-06            1770.06                  0           0.825742            2346.33        2.92656e+09        0.000394054        0.000130293         0.00198452          0.0565823         0.00374265           0.093362        1.32619e-05        9.49763e-07        7.56396e-08        1.39591e-05        7.89707e-05          0.0196938          0.0912109        2.52855e-06        3.00987e-05        6.25832e-08           0.732759
41         0.00104238        2.51176e-05        4.70289e-06             101325           0.187235        4.70289e-06            1781.54                  0           0.838016            1886.44        2.14841e+09        0.000383771        0.000129414         0.00201691           0.055438         0.00384666          0.0935112        1.17247e-05        5.44141e-07        4.36523e-08        7.53583e-06        4.17751e-05          0.0183172          0.0935171        1.46728e-06        1.67985e-05          3.627e-08            0.73276
42          0.0010675        2.51176e-05        4.67855e-06             101325           0.186266        4.67855e-06            1792.04                  0            0.84867            1539.51        1.67047e+09         0.00037519        0.000127067         0.00201851          0.0545061         0.00391449          0.0936286        1.07429e-05        3.11309e-07        2.51201e-08        4.08452e-06        2.21747e-05          0.0170714          0.0955512        8.49299e-07        9.37198e-06        2.09447e-08            0.73276
43         0.00109262        2.51176e-05        4.65634e-06             101325           0.185381        4.65634e-06             1801.8                  0            0.85804            1274.46        1.36913e+09         0.00036731        0.000123666         0.00199864          0.0537249         0.00395589          0.0937373        1.00691e-05        1.78281e-07        1.44514e-08        2.22572e-06        1.18237e-05          0.0159528          0.0973496        4.92918e-07        5.23754e-06        1.20842e-08            0.73276
44         0.00111773        2.51176e-05         4.6358e-06             101325           0.184564         4.6358e-06            1810.96                  0           0.866371            1067.81         1.1689e+09        0.000359534        0.000119525         0.00196397           0.053054         0.00397759          0.0938483        9.56833e-06        1.02347e-07        8.32437e-09        1.22038e-06        6.33769e-06          0.0149511          0.0989456        2.88295e-07         2.9358e-06        6.97738e-09            0.73276
45         0.00114285        2.51176e-05        4.61665e-06             101325           0.183801        4.61665e-06            1819.61                  0            0.87385            903.258        1.02638e+09        0.000351543        0.000114881         0.00191917          0.0524671         0.00398424          0.0939664          9.167e-06        5.89482e-08        4.80567e-09          6.737e-07        3.41686e-06           0.014053           0.100369        1.70877e-07        1.65191e-06        4.03587e-09            0.73276
46         0.00116797        2.51176e-05         4.5987e-06             101325           0.183087         4.5987e-06            1827.81                  0           0.880617            769.718         9.1745e+08        0.000343198        0.000109915         0.00186754          0.0519459         0.00397909          0.0940929        8.82464e-06        3.40797e-08        2.78206e-09        3.74569e-07         1.8536e-06          0.0132453           0.101644        1.03327e-07        9.33548e-07        2.34001e-09            0.73276
47         0.00119309        2.51176e-05         4.5818e-06             101325           0.182414         4.5818e-06             1835.6                  0           0.886786            659.657        8.28882e+08        0.000334467        0.000104765         0.00181137          0.0514775          0.0039645          0.0942274        8.51878e-06        1.97814e-08        1.61559e-09        2.09787e-07        1.01211e-06          0.0125157           0.102794        6.42398e-08         5.3004e-07        1.36048e-09            0.73276
48          0.0012182        2.51176e-05        4.56585e-06             101325           0.181779        4.56585e-06            1843.04                  0            0.89245            567.848        7.53456e+08        0.000325376        9.95353e-05          0.0017523          0.0510525         0.00394219          0.0943687        8.23675e-06        1.15292e-08        9.41308e-10        1.18369e-07        5.56361e-07          0.0118531           0.103837        4.14065e-08        3.02398e-07        7.93332e-10            0.73276
49         0.00124332        2.51176e-05        4.55075e-06             101325           0.181178        4.55075e-06            1850.14                  0           0.897682            490.557         6.8718e+08        0.000315982        9.43045e-05         0.00169152          0.0506636         0.00391346          0.0945156        7.97117e-06        6.74717e-09        5.50308e-10        6.72824e-08        3.07939e-07          0.0112479           0.104789        2.78765e-08        1.73373e-07        4.64037e-10            0.73276
50         0.00126844        2.51176e-05        4.53642e-06             101325           0.180607        4.53642e-06            1856.93                  0           0.902545             425.03        6.27789e+08         0.00030635        8.91325e-05         0.00162989          0.0503053         0.00387933          0.0946666        7.71767e-06        3.96471e-09        3.22828e-10        3.85245e-08        1.71631e-07          0.0106917           0.105663        1.96952e-08        9.98914e-08        2.72277e-10            0.73276
51         0.00129356        2.51176e-05         4.5228e-06             101325           0.180065         4.5228e-06            1863.44                  0            0.90709            369.172        5.73937e+08        0.000296548        8.40636e-05         0.00156804          0.0499733         0.00384061          0.0948205        7.47354e-06        2.33904e-09        1.90035e-10        2.22171e-08        9.63324e-08          0.0101777           0.106471        1.46095e-08        5.78375e-08        1.60266e-10            0.73276
52         0.00131867        2.51176e-05        4.50982e-06             101325           0.179548        4.50982e-06            1869.69                  0            0.91136            321.345        5.24772e+08        0.000286641        7.91302e-05         0.00150646           0.049664         0.00379793           0.094976        7.23701e-06        1.38537e-09        1.12252e-10        1.29027e-08          5.445e-08         0.00969986           0.107222        1.13332e-08        3.36521e-08        9.46355e-11            0.73276
53         0.00134379        2.51176e-05        4.49745e-06             101325           0.179056        4.49745e-06            1875.69                  0            0.91539            280.241         4.7971e+08        0.000276686        7.43557e-05         0.00144549          0.0493744         0.00375184          0.0951323        7.00691e-06        8.23707e-10        6.65355e-11        7.54472e-09        3.09932e-08         0.00925318           0.107924         9.1294e-09        1.96755e-08          5.606e-11            0.73276
54         0.00136891        2.51176e-05        4.48563e-06             101325           0.178585        4.48563e-06            1881.46                  0            0.91921            244.798         4.3832e+08        0.000266733        6.97563e-05         0.00138541          0.0491023         0.00370279          0.0952886        6.78243e-06        4.91621e-10        3.95745e-11        4.44113e-09        1.77648e-08         0.00883352           0.108584        7.57374e-09        1.15597e-08        3.33159e-11            0.73276
55         0.00139403        2.51176e-05        4.47433e-06             101325           0.178135        4.47433e-06            1887.01                  0           0.922845            214.144        4.00257e+08        0.000256826        6.53426e-05         0.00132642          0.0488456         0.00365116          0.0954441        6.56299e-06        2.94527e-10        2.36206e-11        2.63123e-09        1.02532e-08         0.00843742           0.109206        6.42021e-09         6.8247e-09        1.98639e-11            0.73276
56         0.00141914        2.51176e-05        4.46351e-06             101325           0.177704        4.46351e-06            1892.36                  0           0.926314            187.557        3.65234e+08        0.000247002        6.11211e-05         0.00126869          0.0486028         0.00359728          0.0955984        6.34815e-06        1.77114e-10        1.41481e-11        1.56881e-09        5.95844e-09         0.00806198           0.109796        5.52485e-09        4.04921e-09        1.18827e-11            0.73276
57         0.00144426        2.51176e-05        4.45314e-06             101325           0.177292        4.45314e-06            1897.52                  0           0.929636            164.438           3.33e+08        0.000237291        5.70946e-05         0.00121232          0.0483724         0.00354142          0.0957509        6.13761e-06        1.06909e-10         8.5048e-12        9.41164e-10        3.48624e-09         0.00770481           0.110357        4.80231e-09        2.41475e-09        7.13242e-12            0.73276
58         0.00146938        2.51176e-05        4.44319e-06             101325           0.176896        4.44319e-06             1902.5                  0           0.932824            144.283        3.03335e+08         0.00022772        5.32639e-05          0.0011574          0.0481533         0.00348383          0.0959013        5.93114e-06        6.47785e-11        5.13121e-12        5.68067e-10        2.05356e-09         0.00736393           0.110893        4.20109e-09        1.44775e-09        4.29604e-12            0.73276
59          0.0014945        2.51176e-05        4.43365e-06             101325           0.176516        4.43365e-06             1907.3                  0            0.93589            126.671        2.76039e+08         0.00021831        4.96274e-05         0.00110401          0.0479447         0.00342474          0.0960493         5.7286e-06        3.94024e-11        3.10746e-12        3.44933e-10        1.21776e-09         0.00703772           0.111405        3.68937e-09        8.72978e-10         2.5969e-12            0.73276
60         0.00151961        2.51176e-05        4.42449e-06             101325           0.176151        4.42449e-06            1911.93                  0           0.938844             111.25        2.50932e+08        0.000209081        4.61824e-05         0.00105218          0.0477457         0.00336435          0.0961947        5.52987e-06        2.40615e-11        1.88917e-12        2.10691e-10        7.26948e-10         0.00672483           0.111897        3.24683e-09        5.29716e-10        1.57562e-12            0.73276
61         0.00154473        2.51176e-05         4.4157e-06             101325           0.175801         4.4157e-06             1916.4                  0           0.941693            97.7212         2.2785e+08        0.000200048        4.29248e-05         0.00100196          0.0475556         0.00330283          0.0963372        5.33492e-06        1.47528e-11         1.1531e-12        1.29456e-10         4.3684e-10         0.00642418           0.112369        2.86002e-09        3.23714e-10        9.59662e-13            0.73276
62         0.00156985        2.51176e-05        4.40725e-06             101325           0.175465        4.40725e-06            1920.71                  0           0.944444            85.8329        2.06643e+08        0.000191223          3.985e-05        0.000953352           0.047374         0.00324035          0.0964768        5.14372e-06        9.08284e-12        7.06736e-13        8.00127e-11        2.64249e-10         0.00613486           0.112824         2.5196e-09        1.99454e-10        5.86841e-13            0.73276
63         0.00159497        2.51176e-05        4.39914e-06             101325           0.175142        4.39914e-06            1924.87                  0           0.947103            75.3718        1.87173e+08        0.000182617        3.69527e-05        0.000906384          0.0472003         0.00317706          0.0966132         4.9563e-06        5.61593e-12        4.35011e-13        4.97469e-11        1.60909e-10         0.00585616           0.113262        2.21877e-09        1.24092e-10        3.60354e-13            0.73276
64         0.00162008        2.51176e-05        4.39135e-06             101325           0.174832        4.39135e-06            1928.89                  0           0.949674            66.1568        1.69313e+08        0.000174239        3.42269e-05        0.000861056          0.0470343         0.00311312          0.0967464        4.77272e-06        3.48764e-12        2.68947e-13        3.11144e-11        9.86355e-11          0.0055875           0.113684        1.95231e-09        7.81162e-11        2.22238e-13            0.73276
65          0.0016452        2.51176e-05        4.38387e-06             101325           0.174534        4.38387e-06            1932.76                  0           0.952159            58.0334        1.52947e+08        0.000166098        3.16668e-05        0.000817368          0.0468755         0.00304865          0.0968763        4.59304e-06        2.17577e-12        1.67041e-13        1.95781e-11        6.08676e-11          0.0053284           0.114091        1.71609e-09        4.98817e-11        1.37679e-13            0.73276
66         0.00167032        2.51176e-05        4.37669e-06             101325           0.174248        4.37669e-06            1936.49                  0           0.954562            50.8692        1.37966e+08        0.000158198         2.9266e-05        0.000775316          0.0467236         0.00298379          0.0970028        4.41737e-06        1.36375e-12        1.04243e-13        1.23943e-11        3.78146e-11         0.00507849           0.114484        1.50664e-09        3.24116e-11        8.56959e-14            0.73276
67         0.00169544        2.51176e-05        4.36981e-06             101325           0.173974        4.36981e-06            1940.09                  0           0.956886            44.5503         1.2427e+08        0.000150545        2.70182e-05        0.000734888          0.0465786         0.00291867          0.0971258        4.24583e-06        8.58936e-13        6.53739e-14        7.89508e-12        2.36527e-11         0.00483747           0.114862        1.32104e-09        2.15066e-11        5.36013e-14            0.73276
68         0.00172055        2.51176e-05         4.3632e-06             101325           0.173711         4.3632e-06            1943.55                  0           0.959131            38.9782        1.11765e+08        0.000143143        2.49169e-05        0.000696073          0.0464401          0.0028534          0.0972454        4.07853e-06        5.43703e-13        4.12074e-14        5.06072e-12        1.48964e-11          0.0046051           0.115227        1.15673e-09        1.46279e-11        3.36978e-14            0.73276
69         0.00174567        2.51176e-05        4.35687e-06             101325           0.173459        4.35687e-06            1946.87                  0           0.961299            34.0675        1.00365e+08        0.000135995        2.29558e-05        0.000658854           0.046308         0.00278812          0.0973614        3.91562e-06        3.45945e-13        2.61114e-14        3.26462e-12        9.44693e-12         0.00438119           0.115579        1.01146e-09        1.02337e-11        2.12972e-14            0.73276
70         0.00177079        2.51176e-05        4.35081e-06             101325           0.173218        4.35081e-06            1950.07                  0           0.963391            29.7433        8.99877e+07        0.000129103        2.11283e-05        0.000623212           0.046182         0.00272294          0.0974739        3.75724e-06        2.21291e-13        1.66358e-14        2.11965e-12        6.03321e-12         0.00416556           0.115918        8.83205e-10        7.38304e-12         1.3534e-14            0.73276
71         0.00179591        2.51176e-05          4.345e-06             101325           0.172987          4.345e-06            1953.14                  0           0.965409            25.9401        8.05581e+07        0.000122469        1.94281e-05        0.000589125          0.0460622         0.00265798          0.0975828        3.60354e-06        1.42333e-13        1.06583e-14        1.38532e-12        3.88054e-12         0.00395811           0.116244        7.70166e-10        5.49919e-12        8.64968e-15            0.73276
72         0.00182103        2.51176e-05        4.33946e-06             101325           0.172766        4.33946e-06            1956.09                  0           0.967353               22.6        7.20045e+07        0.000116093        1.78489e-05        0.000556571          0.0459483         0.00259335          0.0976882        3.45467e-06        9.20652e-14        6.86807e-15        9.11462e-13        2.51397e-12         0.00375869           0.116557         6.7071e-10        4.22646e-12        5.56072e-15            0.73276
73         0.00184614        2.51176e-05        4.33415e-06             101325           0.172555        4.33415e-06            1958.92                  0           0.969224            19.6717        6.42602e+07        0.000109976        1.63845e-05        0.000525523          0.0458401         0.00252917            0.09779        3.31077e-06        5.98967e-14        4.45195e-15         6.0377e-13        1.64056e-12         0.00356722           0.116858        5.83364e-10        3.34437e-12        3.59671e-15            0.73276
74         0.00187126        2.51176e-05        4.32909e-06             101325           0.172353        4.32909e-06            1961.62                  0           0.971023            17.1094        5.72623e+07        0.000104115        1.50287e-05        0.000495953          0.0457376         0.00246555          0.0978882        3.17197e-06        3.92005e-14        2.90336e-15         4.0271e-13        1.07852e-12          0.0033836           0.117146        5.06796e-10        2.71538e-12        2.34103e-15            0.73276
75         0.00189638        2.51176e-05        4.32427e-06             101325           0.172161        4.32427e-06             1964.2                  0            0.97275            14.8724        5.09519e+07        9.85106e-05        1.37755e-05        0.000467831          0.0456406          0.0024026          0.0979828        3.03841e-06        2.58121e-14        1.90526e-15        2.70484e-13        7.14339e-13         0.00320772           0.117423        4.39803e-10        2.25306e-12        1.53364e-15            0.73276
76          0.0019215        2.51176e-05        4.31967e-06             101325           0.171978        4.31967e-06            1966.67                  0           0.974406            12.9241        4.52737e+07        9.31598e-05        1.26192e-05        0.000441127           0.045549         0.00234043          0.0980739        2.91018e-06        1.71025e-14        1.25825e-15         1.8296e-13        4.76714e-13         0.00303949           0.117687        3.81298e-10        1.90268e-12        1.01143e-15            0.73276
77         0.00194661        2.51176e-05         4.3153e-06             101325           0.171804         4.3153e-06            1969.03                  0           0.975991            11.2315        4.01754e+07        8.80599e-05        1.15539e-05        0.000415806          0.0454626         0.00227914          0.0981615        2.78739e-06        1.14041e-14        8.36375e-16        1.24644e-13         3.2057e-13          0.0028788           0.117939        3.30299e-10        1.62921e-12        6.71625e-16            0.73276
78         0.00197173        2.51176e-05        4.31114e-06             101325           0.171638        4.31114e-06            1971.27                  0           0.977508            9.76528        3.56082e+07        8.32075e-05        1.05742e-05        0.000391833          0.0453812         0.00221885          0.0982456        2.67012e-06        7.65379e-15        5.59643e-16        8.55297e-14        2.17235e-13         0.00272553            0.11818        2.85926e-10        1.41003e-12         4.4913e-16            0.73276
79         0.00199685        2.51176e-05        4.30719e-06             101325           0.171481        4.30719e-06             1973.4                  0           0.978956            8.49864        3.15262e+07        7.85985e-05        9.67462e-06        0.000369173          0.0453048         0.00215966          0.0983262         2.5584e-06        5.17087e-15        3.77007e-16        5.91179e-14        1.48357e-13         0.00257958            0.11841        2.47386e-10        1.23026e-12        3.02518e-16            0.73276
80         0.00202197        2.51176e-05        4.30345e-06             101325           0.171332        4.30345e-06            1975.43                  0           0.980337            7.40761        2.78864e+07        7.42285e-05        8.84998e-06        0.000347787          0.0452331         0.00210165          0.0984033        2.45229e-06        3.51699e-15        2.55721e-16        4.11623e-14        1.02113e-13         0.00244079           0.118628        2.13969e-10           1.08e-12        2.05274e-16            0.73276
81         0.00204708        2.51176e-05        4.29991e-06             101325           0.171191        4.29991e-06            1977.36                  0           0.981652             6.4706        2.46484e+07        7.00922e-05        8.09525e-06        0.000327636           0.045166         0.00204493          0.0984771        2.35179e-06        2.40849e-15        1.74666e-16         2.8872e-14         7.0839e-14         0.00230904           0.118835        1.85041e-10        9.52497e-13        1.40344e-16            0.73276
82          0.0020722        2.51176e-05        4.29656e-06             101325           0.171058        4.29656e-06            1979.18                  0           0.982902            5.66816        2.17747e+07        6.61841e-05        7.40559e-06         0.00030868          0.0451033         0.00198957          0.0985475        2.25687e-06        1.66085e-15        1.20148e-16        2.04016e-14        4.95331e-14         0.00218415           0.119031        1.60038e-10         8.4305e-13        9.66926e-17            0.73276
83         0.00209732        2.51176e-05         4.2934e-06             101325           0.170932         4.2934e-06             1980.9                  0           0.984088            4.98282        1.92299e+07        6.24982e-05        6.77637e-06        0.000290876          0.0450449         0.00193568          0.0986146         2.1675e-06        1.15337e-15        8.32404e-17        1.45235e-14        3.49111e-14         0.00206598           0.119216        1.38457e-10        7.48287e-13        6.71425e-17            0.73276
84         0.00212244        2.51176e-05        4.29041e-06             101325           0.170813        4.29041e-06            1982.53                  0           0.985212            4.39893        1.69815e+07        5.90279e-05        6.20317e-06        0.000274183          0.0449905         0.00188331          0.0986785         2.0836e-06        8.06666e-16        5.80893e-17         1.0416e-14        2.48018e-14         0.00195433           0.119392        1.19855e-10        6.65721e-13        4.69965e-17            0.73276
85         0.00214755        2.51176e-05         4.2876e-06             101325           0.170701         4.2876e-06            1984.07                  0           0.986276             3.9025        1.49991e+07        5.57665e-05        5.68174e-06        0.000258556          0.0449399         0.00183255          0.0987391        2.00509e-06        5.68258e-16        4.08354e-17        7.52588e-15        1.77607e-14         0.00184902           0.119557        1.03839e-10         5.9346e-13        3.31628e-17            0.73276
86         0.00217267        2.51176e-05        4.28496e-06             101325           0.170596        4.28496e-06            1985.52                  0           0.987281            3.48107        1.32546e+07        5.27068e-05         5.2081e-06        0.000243954          0.0448931         0.00178346          0.0987967        1.93184e-06        4.03231e-16        2.89192e-17        5.47813e-15          1.282e-14         0.00174986           0.119713        9.00626e-11        5.30024e-13        2.35942e-17            0.73276
87         0.00219779        2.51176e-05        4.28248e-06             101325           0.170497        4.28248e-06            1986.88                  0           0.988228            3.12357        1.17221e+07        4.98413e-05        4.77844e-06        0.000230329          0.0448497         0.00173609          0.0988513        1.86371e-06        2.88236e-16        2.06335e-17        4.01716e-15        9.32742e-15         0.00165664           0.119859        7.82236e-11        4.74218e-13         1.6927e-17            0.73276
88         0.00222291        2.51176e-05        4.28015e-06             101325           0.170405        4.28015e-06            1988.16                  0           0.989121            2.82022        1.03779e+07        4.71624e-05        4.38917e-06         0.00021764          0.0448096         0.00169049          0.0989028        1.80055e-06        2.07566e-16        1.48327e-17         2.9676e-15        6.84022e-15         0.00156915           0.119997        6.80563e-11        4.25058e-13        1.22466e-17            0.73276
89         0.00224802        2.51176e-05        4.27797e-06             101325           0.170318        4.27797e-06            1989.36                  0           0.989959            2.56245        9.20015e+06        4.46623e-05        4.03694e-06         0.00020584          0.0447727         0.00164669          0.0989515        1.74217e-06        1.50591e-16        1.07436e-17        2.20841e-15         5.0559e-15         0.00148718           0.120126         5.9329e-11        3.81717e-13        8.93639e-18            0.73276
90         0.00227314        2.51176e-05        4.27594e-06             101325           0.170237        4.27594e-06            1990.48                  0           0.990746            2.34274        8.16913e+06        4.23332e-05        3.71858e-06        0.000194885          0.0447387         0.00160474          0.0989974        1.68837e-06        1.10078e-16        7.84124e-18        1.65548e-15        3.76642e-15          0.0014105           0.120246        5.18403e-11        3.43487e-13        6.57747e-18            0.73276
91         0.00229826        2.51176e-05        4.27404e-06             101325           0.170161        4.27404e-06            1991.53                  0           0.991483            2.15457        7.26689e+06        4.01669e-05        3.43114e-06        0.000184731          0.0447074         0.00156464          0.0990405        1.63895e-06        8.10731e-17        5.76687e-18        1.25002e-15        2.82773e-15         0.00133889           0.120358        4.54153e-11        3.09756e-13        4.88371e-18            0.73276
92         0.00232338        2.51176e-05        4.27226e-06             101325           0.170091        4.27226e-06             1992.5                  0           0.992173            1.99233        6.47728e+06        3.81556e-05        3.17188e-06        0.000175334          0.0446788         0.00152642           0.099081        1.59368e-06         6.0166e-17        4.27399e-18        9.50711e-16        2.13946e-15         0.00127213           0.120463        3.99027e-11        2.79992e-13        3.65829e-18            0.73276
93         0.00234849        2.51176e-05        4.27061e-06             101325           0.170025        4.27061e-06            1993.41                  0           0.992817            1.85122        5.78582e+06        3.62912e-05        2.93825e-06        0.000166652          0.0446525         0.00149008           0.099119        1.55233e-06        4.49925e-17        3.19215e-18        7.28275e-16        1.63119e-15         0.00120999           0.120561        3.51718e-11        2.53726e-13        2.76498e-18            0.73276
94         0.00237361        2.51176e-05        4.26908e-06             101325           0.169964        4.26908e-06            1994.26                  0           0.993417            1.72719        5.17963e+06        3.45659e-05        2.72789e-06        0.000158643          0.0446284          0.0014556          0.0991546        1.51467e-06         3.3905e-17        2.40272e-18        5.61882e-16        1.25319e-15         0.00115223           0.120652        3.11102e-11        2.30546e-13        2.10881e-18            0.73276
95         0.00239873        2.51176e-05        4.26766e-06             101325           0.169907        4.26766e-06            1995.05                  0           0.993976            1.61684        4.64729e+06        3.29718e-05        2.53863e-06        0.000151264          0.0446065         0.00142297          0.0991878        1.48047e-06        2.57479e-17         1.8227e-18        4.36603e-16        9.70116e-16         0.00109865           0.120736        2.76212e-11         2.1009e-13        1.62319e-18            0.73276
96         0.00242385        2.51176e-05        4.26634e-06             101325           0.169855        4.26634e-06            1995.78                  0           0.994495            1.51737        4.17876e+06        3.15014e-05        2.36846e-06        0.000144478          0.0445865         0.00139218          0.0992188        1.44948e-06        1.97059e-17         1.3936e-18        3.41675e-16        7.56669e-16         0.00104902           0.120814        2.46217e-11        1.92036e-13        1.26108e-18            0.73276
97         0.00244896        2.51176e-05        4.26512e-06             101325           0.169806        4.26512e-06            1996.45                  0           0.994976             1.4265        3.76527e+06        3.01471e-05        2.21556e-06        0.000138244          0.0445682         0.00136319          0.0992476        1.42148e-06        1.52005e-17        1.07399e-18        2.69293e-16         5.9464e-16         0.00100313           0.120886        2.20408e-11        1.76101e-13        9.89047e-19            0.73276
98         0.00247408        2.51176e-05          4.264e-06             101325           0.169761          4.264e-06            1997.08                  0           0.995422             1.3424        3.39921e+06        2.89019e-05        2.07825e-06        0.000132527          0.0445517         0.00133597          0.0992743        1.39623e-06        1.18182e-17        8.34303e-19        2.13762e-16         4.7083e-16        0.000960746           0.120952        1.98177e-11        1.62034e-13        7.83165e-19            0.73276
99          0.0024992        2.51176e-05        4.26296e-06             101325            0.16972        4.26296e-06            1997.65                  0           0.995834            1.26363        3.07398e+06        2.77585e-05        1.95501e-06        0.000127291          0.0445366         0.00131046          0.0992991        1.37353e-06        9.26214e-18        6.53349e-19        1.70899e-16         3.7561e-16        0.000921678           0.121014        1.79006e-11        1.49612e-13        6.26203e-19            0.73276
100         0.00252432        2.51176e-05        4.26201e-06             101325           0.169682        4.26201e-06            1998.18                  0           0.996214            1.18911        2.78396e+06        2.67104e-05        1.84443e-06        0.000122501          0.0445229         0.00128662          0.0993221        1.35314e-06        7.31775e-18        5.15822e-19        1.37619e-16        3.01913e-16         0.00088572            0.12107        1.62453e-11        1.38642e-13        5.05664e-19            0.73276
101         0.00254944        2.51176e-05        4.26113e-06             101325           0.169647        4.26113e-06            1998.67                  0           0.996564            1.11804        2.52432e+06         2.5751e-05        1.74527e-06        0.000118125          0.0445105         0.00126439          0.0993433        1.33488e-06        5.82893e-18        4.10604e-19        1.11626e-16        2.44518e-16        0.000852676           0.121122         1.4814e-11        1.28951e-13        4.12429e-19            0.73276
102         0.00257455        2.51176e-05        4.26033e-06             101325           0.169615        4.26033e-06            1999.12                  0           0.996887            1.04983          2.291e+06         2.4874e-05        1.65637e-06        0.000114133          0.0444993         0.00124372          0.0993629        1.31854e-06        4.68149e-18        3.29575e-19        9.12091e-17        1.99546e-16        0.000822357            0.12117        1.35747e-11        1.20386e-13        3.39798e-19            0.73276
103         0.00259967        2.51176e-05        4.25959e-06             101325           0.169586        4.25959e-06            1999.53                  0           0.997183           0.984105        2.08054e+06        2.40736e-05         1.5767e-06        0.000110496          0.0444892         0.00122454          0.0993809        1.30396e-06        3.79138e-18        2.66763e-19        7.50792e-17        1.64093e-16        0.000794582           0.121213        1.25001e-11        1.12815e-13        2.82817e-19            0.73276
104         0.00262479        2.51176e-05        4.25891e-06             101325           0.169559        4.25891e-06             1999.9                  0           0.997454           0.920634        1.89005e+06        2.33441e-05        1.50532e-06        0.000107186            0.04448         0.00120678          0.0993975        1.29095e-06        3.09638e-18        2.17752e-19        6.22636e-17        1.35977e-16        0.000769177           0.121253        1.15668e-11        1.06119e-13          2.378e-19            0.73276
105         0.00264991        2.51176e-05         4.2583e-06             101325           0.169535         4.2583e-06            2000.24                  0           0.997703           0.859299        1.71709e+06        2.26802e-05         1.4414e-06        0.000104178          0.0444717         0.00119039          0.0994127        1.27937e-06        2.55018e-18        1.79257e-19         5.2023e-17        1.13546e-16        0.000745975            0.12129        1.07551e-11        1.00196e-13        2.01987e-19            0.73276
106         0.00267502        2.51176e-05        4.25774e-06             101325           0.169512        4.25774e-06            2000.56                  0            0.99793           0.800069        1.55964e+06        2.20769e-05        1.38418e-06        0.000101447          0.0444643         0.00117527          0.0994266        1.26908e-06        2.11807e-18         1.4882e-19        4.37926e-17        9.55417e-17        0.000724818           0.121323        1.00481e-11        9.49537e-14        1.73297e-19            0.73276
107         0.00270014        2.51176e-05        4.25723e-06             101325           0.169492        4.25723e-06            2000.84                  0           0.998137           0.742967        1.41598e+06        2.15293e-05        1.33296e-06         9.8971e-05          0.0444576         0.00116138          0.0994393        1.25993e-06        1.77391e-18         1.2459e-19        3.71385e-17        8.10018e-17        0.000705555           0.121353        9.43141e-12        9.03128e-14        1.50156e-19            0.73276
108         0.00272526        2.51176e-05        4.25676e-06             101325           0.169473        4.25676e-06             2001.1                  0           0.998326           0.688057        1.28468e+06         2.1033e-05        1.28714e-06        9.67289e-05          0.0444516         0.00114863          0.0994508        1.25181e-06         1.4979e-18        1.05168e-19        3.17261e-17        6.91855e-17        0.000688044           0.121381        8.89273e-12        8.62031e-14         1.3136e-19            0.73276
109         0.00275038        2.51176e-05        4.25634e-06             101325           0.169457        4.25634e-06            2001.33                  0           0.998498           0.635419        1.16453e+06        2.05839e-05        1.24617e-06         9.4701e-05          0.0444461         0.00113696          0.0994614         1.2446e-06        1.27499e-18        8.94888e-20        2.72958e-17        5.95202e-17        0.000672148           0.121406        8.42158e-12        8.25626e-14        1.15987e-19            0.73276
110         0.00277549        2.51176e-05        4.25596e-06             101325           0.169441        4.25596e-06            2001.55                  0           0.998654           0.585137        1.05451e+06        2.01779e-05        1.20953e-06        9.28691e-05          0.0444413          0.0011263           0.099471        1.23822e-06        1.09363e-18        7.67375e-20        2.36455e-17        5.15609e-17         0.00065774           0.121428        8.00899e-12         7.9337e-14        1.03326e-19            0.73276
111         0.00280061        2.51176e-05        4.25561e-06             101325           0.169428        4.25561e-06            2001.74                  0           0.998795           0.537289             953733        1.98115e-05         1.1768e-06        9.12162e-05          0.0444369         0.00111658          0.0994797        1.23257e-06        9.44968e-19        6.62886e-20         2.0617e-17        4.49603e-17        0.000644701           0.121449        7.64728e-12        7.64787e-14        9.28265e-20            0.73276
112         0.00282573        2.51176e-05         4.2553e-06             101325           0.169415         4.2553e-06            2001.91                  0           0.998923           0.491942             861434        1.94813e-05        1.14757e-06        8.97266e-05           0.044433         0.00110774          0.0994876        1.22756e-06        8.22148e-19         5.7659e-20        1.80865e-17        3.94464e-17        0.000632919           0.121467        7.32984e-12        7.39454e-14        8.40579e-20            0.73276
113         0.00285085        2.51176e-05        4.25502e-06             101325           0.169404        4.25502e-06            2002.07                  0           0.999039            0.44914             776944         1.9184e-05        1.12147e-06        8.83859e-05          0.0444295         0.00109971          0.0994947        1.22313e-06        7.19858e-19        5.04743e-20        1.59562e-17        3.48053e-17        0.000622287           0.121484        7.05101e-12        7.17001e-14        7.66839e-20            0.73276
114         0.00287596        2.51176e-05        4.25477e-06             101325           0.169394        4.25477e-06            2002.21                  0           0.999143           0.408911             699667        1.89167e-05        1.09819e-06        8.71806e-05          0.0444264         0.00109243          0.0995012        1.21922e-06        6.33964e-19        4.44428e-20        1.41489e-17        3.08684e-17        0.000612708           0.121499        6.80589e-12        6.97101e-14        7.04398e-20            0.73276
115         0.00290108        2.51176e-05        4.25454e-06             101325           0.169385        4.25454e-06            2002.34                  0           0.999237           0.371252             629063        1.86768e-05        1.07744e-06        8.60984e-05          0.0444236         0.00108586           0.099507        1.21575e-06        5.61233e-19         3.9337e-20        1.26037e-17        2.75023e-17         0.00060409           0.121513        6.59027e-12        6.79465e-14        6.51164e-20            0.73276
116          0.0029262        2.51176e-05        4.25434e-06             101325           0.169377        4.25434e-06            2002.45                  0           0.999322           0.336146             564644        1.84617e-05        1.05894e-06         8.5128e-05          0.0444211         0.00107992          0.0995122        1.21269e-06         4.9913e-19        3.49784e-20        1.12721e-17        2.46012e-17        0.000596349           0.121525         6.4005e-12        6.63839e-14        6.05477e-20            0.73276
117         0.00295132        2.51176e-05        4.25415e-06             101325           0.169369        4.25415e-06            2002.56                  0           0.999398            0.30355             505958        1.82691e-05        1.04247e-06        8.42589e-05          0.0444188         0.00107456          0.0995169        1.20999e-06        4.45662e-19        3.12268e-20        1.01157e-17        2.20813e-17        0.000589404           0.121536         6.2334e-12        6.49996e-14        5.66013e-20            0.73276
118         0.00297643        2.51176e-05        4.25399e-06             101325           0.169363        4.25399e-06            2002.65                  0           0.999467           0.273402             452585        1.80968e-05        1.02782e-06        8.34815e-05          0.0444169         0.00106975          0.0995211         1.2076e-06        3.99257e-19        2.79714e-20        9.10364e-18        1.98758e-17        0.000583184           0.121545        6.08623e-12        6.37737e-14        5.31714e-20            0.73276
119         0.00300155        2.51176e-05        4.25384e-06             101325           0.169357        4.25384e-06            2002.73                  0           0.999528           0.245624             404132         1.7943e-05         1.0148e-06         8.2787e-05          0.0444151         0.00106543          0.0995249         1.2055e-06        3.58673e-19        2.51249e-20        8.21164e-18        1.79315e-17         0.00057762           0.121554        5.95658e-12        6.26884e-14        5.01731e-20            0.73276
120         0.00302667        2.51176e-05        4.25371e-06             101325           0.169352        4.25371e-06             2002.8                  0           0.999582           0.220124             360229        1.78058e-05        1.00323e-06        8.21673e-05          0.0444135         0.00106155          0.0995283        1.20364e-06        3.22923e-19        2.26179e-20        7.42015e-18        1.62057e-17        0.000572651           0.121562        5.84237e-12        6.17281e-14        4.75379e-20            0.73276
121         0.00305179        2.51176e-05         4.2536e-06             101325           0.169347         4.2536e-06            2002.87                  0           0.999631           0.196799             320529        1.76837e-05        9.92958e-07        8.16152e-05          0.0444121         0.00105809          0.0995313          1.202e-06        2.91224e-19        2.03954e-20        6.71355e-18        1.46647e-17        0.000568219           0.121569        5.74176e-12        6.08788e-14        4.52102e-20            0.73276
122          0.0030769        2.51176e-05        4.25349e-06             101325           0.169343        4.25349e-06            2002.93                  0           0.999675           0.175534             284700         1.7575e-05        9.83853e-07        8.11238e-05          0.0444109         0.00105499           0.099534        1.20055e-06         2.6295e-19        1.84133e-20        6.07932e-18        1.32811e-17        0.000564272           0.121575        5.65315e-12        6.01282e-14        4.31452e-20            0.73276
123         0.00310202        2.51176e-05         4.2534e-06             101325            0.16934         4.2534e-06            2002.98                  0           0.999714           0.156213             252431        1.74784e-05        9.75788e-07        8.06872e-05          0.0444098         0.00105223          0.0995364        1.19928e-06        2.37602e-19        1.66366e-20        5.50737e-18        1.20331e-17        0.000560761           0.121581        5.57513e-12        5.94652e-14        4.13059e-20            0.73276
124         0.00312714        2.51176e-05        4.25332e-06             101325           0.169336        4.25332e-06            2003.02                  0           0.999748           0.138713             223430        1.73928e-05        9.68651e-07        8.02996e-05          0.0444089         0.00104978          0.0995385        1.19816e-06        2.14775e-19        1.50368e-20        4.98957e-18        1.09029e-17        0.000557644           0.121586        5.50645e-12        5.88799e-14         3.9662e-20            0.73276
125         0.00315226        2.51176e-05        4.25325e-06             101325           0.169333        4.25325e-06            2003.06                  0           0.999779           0.122911             197419        1.73169e-05        9.62342e-07         7.9956e-05           0.044408         0.00104759          0.0995404        1.19717e-06        1.94145e-19        1.35911e-20        4.51931e-18        9.87618e-18        0.000554879            0.12159        5.44603e-12        5.83638e-14        3.81887e-20            0.73276
126         0.00317737        2.51176e-05        4.25318e-06             101325           0.169331        4.25318e-06             2003.1                  0           0.999806           0.108683             174138        1.72498e-05         9.5677e-07        7.96519e-05          0.0444072         0.00104566          0.0995421         1.1963e-06        1.75446e-19        1.22809e-20        4.09118e-18        8.94123e-18        0.000552431           0.121594         5.3929e-12        5.79089e-14        3.68651e-20            0.73276
127         0.00320249        2.51176e-05        4.25313e-06             101325           0.169329        4.25313e-06            2003.13                  0            0.99983          0.0959091             153343        1.71905e-05        9.51854e-07        7.93831e-05          0.0444066         0.00104394          0.0995436        1.19554e-06        1.58459e-19        1.10908e-20        3.70072e-18        8.08835e-18        0.000550266           0.121597        5.34621e-12        5.75083e-14        3.56738e-20            0.73276
128         0.00322761        2.51176e-05        4.25308e-06             101325           0.169327        4.25308e-06            2003.16                  0           0.999851          0.0844718             134807        1.71381e-05        9.47523e-07        7.91457e-05           0.044406         0.00104242          0.0995449        1.19487e-06        1.43005e-19        1.00081e-20        3.34421e-18        7.30947e-18        0.000548354             0.1216         5.3052e-12         5.7156e-14        3.46002e-20            0.73276
129         0.00325273        2.51176e-05        4.25303e-06             101325           0.169325        4.25303e-06            2003.18                  0            0.99987          0.0742574             118317         1.7092e-05        9.43711e-07        7.89364e-05          0.0444055         0.00104108           0.099546        1.19428e-06        1.28932e-19        9.02225e-21        3.01852e-18        6.59779e-18        0.000546668           0.121603        5.26923e-12        5.68464e-14        3.36318e-20            0.73276
130         0.00327785        2.51176e-05        4.25299e-06             101325           0.169323        4.25299e-06            2003.21                  0           0.999886          0.0651582             103677        1.70514e-05         9.4036e-07        7.87522e-05           0.044405          0.0010399           0.099547        1.19377e-06        1.16111e-19        8.12417e-21        2.72097e-18        5.94747e-18        0.000545183           0.121605        5.23768e-12        5.65745e-14        3.27579e-20            0.73276
131         0.00330296        2.51176e-05        4.25296e-06             101325           0.169322        4.25296e-06            2003.22                  0           0.999901          0.0570724            90704.5        1.70157e-05        9.37417e-07        7.85902e-05          0.0444046         0.00103886          0.0995479        1.19332e-06        1.04431e-19        7.30611e-21        2.44924e-18        5.35348e-18        0.000543877           0.121607        5.21005e-12         5.6336e-14        3.19691e-20            0.73276
132         0.00332808        2.51176e-05        4.25293e-06             101325           0.169321        4.25293e-06            2003.24                  0           0.999914          0.0499036            79232.1        1.69844e-05        9.34836e-07        7.84479e-05          0.0444043         0.00103794          0.0995487        1.19292e-06        9.37972e-20         6.5613e-21        2.20128e-18        4.81137e-18        0.000542731           0.121609        5.18586e-12        5.61272e-14        3.12573e-20            0.73276
133          0.0033532        2.51176e-05         4.2529e-06             101325            0.16932         4.2529e-06            2003.26                  0           0.999925          0.0435622            69105.4        1.69569e-05        9.32576e-07        7.83231e-05           0.044404         0.00103714          0.0995494        1.19258e-06        8.41232e-20        5.88376e-21        1.97526e-18        4.31718e-18        0.000541725           0.121611        5.16472e-12        5.59443e-14        3.06154e-20            0.73276
134         0.00337832        2.51176e-05        4.25288e-06             101325           0.169319        4.25288e-06            2003.27                  0           0.999935          0.0379651            60183.7        1.69329e-05        9.30598e-07        7.82139e-05          0.0444037         0.00103644            0.09955        1.19228e-06        7.53331e-20        5.26816e-21        1.76954e-18        3.86732e-18        0.000540845           0.121612        5.14625e-12        5.57846e-14         3.0037e-20            0.73276
135         0.00340343        2.51176e-05        4.25286e-06             101325           0.169318        4.25286e-06            2003.28                  0           0.999944          0.0330354              52338        1.69119e-05        9.28871e-07        7.81184e-05          0.0444035         0.00103582          0.0995505        1.19201e-06        6.73583e-20        4.70967e-21        1.58263e-18        3.45853e-18        0.000540075           0.121613        5.13014e-12        5.56451e-14        2.95164e-20            0.73276
136         0.00342855        2.51176e-05        4.25284e-06             101325           0.169317        4.25284e-06            2003.29                  0           0.999951          0.0287029              45452        1.68935e-05        9.27364e-07         7.8035e-05          0.0444033         0.00103528           0.099551        1.19179e-06         6.0136e-20         4.2039e-21        1.41313e-18         3.0878e-18        0.000539403           0.121614         5.1161e-12        5.55235e-14        2.90485e-20            0.73276
137         0.00345367        2.51176e-05        4.25283e-06             101325           0.169317        4.25283e-06             2003.3                  0           0.999958          0.0249035            39419.7        1.68776e-05        9.26051e-07        7.79623e-05          0.0444031         0.00103481          0.0995514        1.19159e-06        5.36089e-20        3.74682e-21        1.25977e-18        2.75234e-18        0.000538817           0.121615        5.10389e-12        5.54176e-14        2.86286e-20            0.73276
138         0.00347879        2.51176e-05        4.25282e-06             101325           0.169316        4.25282e-06             2003.3                  0           0.999963          0.0215786            34145.7        1.68637e-05        9.24909e-07         7.7899e-05          0.0444029          0.0010344          0.0995518        1.19141e-06        4.77238e-20        3.33471e-21        1.12136e-18        2.44956e-18        0.000538307           0.121616        5.09327e-12        5.53255e-14        2.82526e-20            0.73276
139          0.0035039        2.51176e-05        4.25281e-06             101325           0.169316        4.25281e-06            2003.31                  0           0.999968          0.0186754            29544.1        1.68516e-05        9.23917e-07         7.7844e-05          0.0444028         0.00103405          0.0995521        1.19126e-06         4.2432e-20        2.96415e-21        9.96792e-19        2.17705e-18        0.000537864           0.121617        5.08407e-12        5.52456e-14        2.79166e-20            0.73276
140         0.00352902        2.51176e-05         4.2528e-06             101325           0.169315         4.2528e-06            2003.32                  0           0.999973          0.0161461            25537.7        1.68411e-05        9.23058e-07        7.77964e-05          0.0444027         0.00103374          0.0995523        1.19113e-06        3.76879e-20        2.63196e-21        8.85038e-19        1.93255e-18         0.00053748           0.121617        5.07609e-12        5.51764e-14        2.76172e-20            0.73276
141         0.00355414        2.51176e-05        4.25279e-06             101325           0.169315        4.25279e-06            2003.32                  0           0.999976          0.0139482              22058        1.68321e-05        9.22315e-07        7.77552e-05          0.0444026         0.00103347          0.0995526        1.19102e-06        3.34501e-20        2.33521e-21        7.85143e-19        1.71399e-18        0.000537147           0.121618        5.06921e-12        5.51166e-14        2.73513e-20            0.73276
142         0.00357926        2.51176e-05        4.25278e-06             101325           0.169315        4.25278e-06            2003.33                  0            0.99998          0.0120437              19044        1.68243e-05        9.21675e-07        7.77196e-05          0.0444025         0.00103324          0.0995528        1.19092e-06          2.968e-20        2.07122e-21        6.96225e-19        1.51944e-18        0.000536861           0.121618        5.06327e-12         5.5065e-14        2.71159e-20            0.73276
143         0.00360437        2.51176e-05        4.25277e-06             101325           0.169315        4.25277e-06            2003.33                  0           0.999982          0.0103988            16441.7        1.68176e-05        9.21124e-07        7.76891e-05          0.0444024         0.00103304          0.0995529        1.19084e-06        2.63429e-20        1.83755e-21        6.17482e-19        1.34714e-18        0.000536615           0.121619        5.05817e-12        5.50208e-14        2.69085e-20            0.73276
144         0.00362949        2.51176e-05        4.25277e-06             101325           0.169314        4.25277e-06            2003.33                  0           0.999985         0.00898396              14204        1.68118e-05        9.20654e-07        7.76629e-05          0.0444024         0.00103288          0.0995531        1.19077e-06        2.34074e-20        1.63201e-21        5.48186e-19        1.19551e-18        0.000536404           0.121619        5.05381e-12        5.49829e-14        2.67268e-20            0.73276
145         0.00365461        2.51176e-05        4.25276e-06             101325           0.169314        4.25276e-06            2003.33                  0           0.999987         0.00777329            12289.5         1.6807e-05        9.20253e-07        7.76407e-05          0.0444023         0.00103273          0.0995532        1.19071e-06        2.08457e-20        1.45264e-21        4.87694e-19        1.06314e-18        0.000536225           0.121619        5.05011e-12        5.49507e-14        2.65689e-20            0.73276
146         0.00367973        2.51176e-05        4.25276e-06             101325           0.169314        4.25276e-06            2003.34                  0           0.999989         0.00674451            10662.8        1.68028e-05        9.19916e-07         7.7622e-05          0.0444023         0.00103261          0.0995533        1.19066e-06        1.86337e-20        1.29775e-21        4.35442e-19          9.488e-19        0.000536074           0.121619        5.04699e-12        5.49235e-14        2.64331e-20            0.73276
147         0.00370484        2.51176e-05        4.25276e-06             101325           0.169314        4.25276e-06            2003.34                  0            0.99999         0.00587864            9293.87        1.67994e-05        9.19635e-07        7.76063e-05          0.0444022         0.00103251          0.0995534        1.19062e-06        1.67509e-20        1.16591e-21        3.90957e-19        8.51454e-19        0.000535948            0.12162        5.04439e-12        5.49009e-14        2.63178e-20            0.73276
148         0.00372996        2.51176e-05        4.25275e-06             101325           0.169314        4.25275e-06            2003.34                  0           0.999991         0.00516004            8157.77        1.67966e-05        9.19405e-07        7.75936e-05          0.0444022         0.00103243          0.0995535        1.19058e-06        1.51819e-20        1.05606e-21         3.5388e-19        7.70318e-19        0.000535845            0.12162        5.04226e-12        5.48825e-14         2.6222e-20            0.73276
149         0.00375508        2.51176e-05        4.25275e-06             101325           0.169314        4.25275e-06            2003.34                  0           0.999992         0.00457592            7234.34        1.67944e-05        9.19223e-07        7.75834e-05          0.0444022         0.00103236          0.0995535        1.19055e-06        1.39155e-20        9.67384e-22        3.23948e-19        7.04814e-19        0.000535763            0.12162        5.04057e-12        5.48678e-14        2.61449e-20            0.73276
150          0.0037802        2.51176e-05        4.25275e-06             101325           0.169314        4.25275e-06            2003.34                  0           0.999993         0.00411668            6508.35        1.67927e-05        9.19085e-07        7.75757e-05          0.0444022         0.00103231          0.0995536        1.19053e-06        1.29442e-20        8.99372e-22        3.00987e-19        6.54568e-19        0.000535702            0.12162        5.03929e-12        5.48567e-14        2.60858e-20            0.73276
151         0.00380531        2.51176e-05        4.25275e-06             101325           0.169314        4.25275e-06            2003.34                  0           0.999994         0.00377565            5969.22        1.67915e-05        9.18989e-07        7.75704e-05          0.0444022         0.00103228          0.0995536        1.19052e-06        1.22652e-20        8.51835e-22        2.84937e-19        6.19444e-19        0.000535659            0.12162        5.03841e-12         5.4849e-14        2.60445e-20            0.73276
152         0.00383043        2.51176e-05        4.25275e-06             101325           0.169314        4.25275e-06            2003.34                  0           0.999994         0.00354898            5610.89        1.67909e-05        9.18935e-07        7.75674e-05          0.0444021         0.00103226          0.0995536        1.19051e-06        1.18802e-20        8.24876e-22        2.75834e-19        5.99523e-19        0.000535635            0.12162        5.03791e-12        5.48446e-14        2.60212e-20            0.73276
