# Time 0.000395
# eta = 0.002
# length = 0.000644989
#--- 	  	 LEM Line data  --- 
#(1) wafer              (2) x             (3) dx              (4) m              (5) p            (6) rho              (7) m              (8) T              (9) Z             (10) C          (11) dCdt       (12) heatRel                  (13) Y_H2                  (14) Y_H                  (15) Y_O                  (16) Y_O2                  (17) Y_OH                  (18) Y_H2O                  (19) Y_HO2                  (20) Y_CH2                  (21) Y_CH2(S)                  (22) Y_CH3                  (23) Y_CH4                  (24) Y_CO                  (25) Y_CO2                  (26) Y_HCO                  (27) Y_CH2O                  (28) Y_CH2OH                  (29) Y_N2
0        1.25588e-05        2.51177e-05        2.84149e-05             101325            1.13127        2.84149e-05            300.101                  0                  0                  0                  0        3.11637e-09        1.23158e-17        4.37807e-12            0.22259        9.19694e-13         4.7649e-06        5.52002e-09        2.00668e-18        1.03714e-19        4.09364e-08          0.0446399        9.07902e-08        5.67154e-06        1.33792e-18        1.41312e-08        2.24763e-22            0.73276
1        3.76765e-05        2.51177e-05        2.84089e-05             101325            1.13103        2.84089e-05            300.164                  0        4.93651e-05        7.18084e-08           0.278967        5.28736e-09        2.52573e-17        5.65297e-12           0.222584        1.33525e-12        7.76331e-06        8.75829e-09        4.68579e-18        2.42317e-19        6.70859e-08          0.0446385        1.54591e-07        9.23142e-06        3.13502e-18        2.37686e-08        5.26012e-22            0.73276
2        6.27941e-05        2.51177e-05        2.83967e-05             101325            1.13055        2.83967e-05            300.292                  0        7.81078e-05         1.0148e-07           0.565278        9.95714e-09         5.6404e-17         6.9922e-12           0.222574        2.03064e-12        1.38291e-05        1.50469e-08        1.29409e-17        6.69592e-19        1.20455e-07          0.0446358        2.92733e-07        1.64207e-05        8.70026e-18        4.42087e-08        1.45843e-21            0.73276
3        8.79118e-05        2.51177e-05        2.83738e-05             101325            1.12963        2.83738e-05            300.536                  0        0.000139482        1.56482e-07             1.4582        1.93983e-08        1.24668e-16        8.31863e-12           0.222553        3.19178e-12        2.53813e-05        2.66061e-08         3.7665e-17        1.95176e-18         2.2293e-07          0.0446305        5.74241e-07        3.00878e-05        2.54719e-17        8.49056e-08        4.27641e-21            0.73276
4        0.000113029        2.51177e-05        2.83324e-05             101325            1.12799        2.83324e-05            300.974                  0        0.000255952        2.51476e-07            4.17591        3.76599e-08        2.57399e-16        9.25459e-12           0.222517        5.07187e-12        4.62399e-05        4.67016e-08        1.09594e-16        5.69103e-18        4.09655e-07           0.044621        1.12434e-06        5.47083e-05        7.46966e-17        1.62161e-07        1.25975e-20            0.73276
5        0.000138147        2.51177e-05         2.8261e-05             101325            1.12514         2.8261e-05            301.735                  0        0.000465742        4.14934e-07            12.3068        7.20437e-08        4.82304e-16        9.37457e-12           0.222452        8.10161e-12        8.25512e-05        8.03199e-08        3.13671e-16        1.63471e-17        7.38052e-07          0.0446043        2.17332e-06        9.74448e-05        2.16121e-16        3.04389e-07        3.68109e-20            0.73276
6        0.000163265        2.51177e-05        2.81417e-05             101325            1.12039        2.81417e-05            303.013                  0        0.000830099        7.05313e-07            35.9165        1.35359e-07        8.13351e-16        8.42373e-12           0.222345        1.30456e-11         0.00014377        1.34752e-07        8.81819e-16        4.62324e-17        1.29802e-06          0.0445763         4.1348e-06        0.000169234        6.16983e-16         5.5947e-07        1.07066e-19            0.73276
7        0.000188382        2.51177e-05        2.79496e-05             101325            1.11275        2.79496e-05            305.095                  0          0.0014428         1.2515e-06            101.807        2.49494e-07        1.26566e-15        6.53937e-12           0.222169         2.1308e-11        0.000243778        2.20249e-07        2.44362e-15        1.29324e-16        2.22429e-06          0.0445305        7.73513e-06        0.000285976        1.74742e-15        1.00545e-06        3.13181e-19            0.73276
8          0.0002135        2.51177e-05        2.76524e-05             101325            1.10091        2.76524e-05            308.372                  0         0.00244077        2.35407e-06             277.26        4.50775e-07        1.99691e-15        4.27739e-12            0.22189        3.55708e-11        0.000401945        3.50737e-07        6.70573e-15        3.59977e-16        3.70949e-06          0.0444579        1.42182e-05        0.000469539        4.94396e-15        1.76501e-06        9.33997e-19            0.73276
9        0.000238618        2.51177e-05        2.72122e-05             101325            1.08339        2.72122e-05            313.358                  0         0.00401354        4.75007e-06            720.337        7.97519e-07        3.75381e-15        2.30985e-12           0.221466        6.10259e-11        0.000643768        5.44689e-07         1.8264e-14         1.0011e-15        6.01444e-06          0.0443466        2.56514e-05        0.000748126        1.40408e-14        3.02333e-06        2.87709e-18            0.73276
10        0.000263735        2.51177e-05        2.65914e-05             101325            1.05868        2.65914e-05            320.668                  0         0.00640794        1.03025e-05            1776.46        1.37967e-06        9.07499e-15        1.02059e-12            0.22084         1.0796e-10         0.00100063        8.26397e-07        4.94225e-14        2.78677e-15        9.47123e-06          0.0441821        4.53457e-05         0.00115541        4.01734e-14          5.047e-06        9.25522e-18            0.73276
11        0.000288853        2.51177e-05        2.57618e-05             101325            1.02565        2.57618e-05            330.986                  0          0.0099231        2.38418e-05            4146.25        2.32943e-06        2.57915e-14        3.71856e-13           0.219952         1.9719e-10         0.00150826        1.22814e-06        1.32655e-13        7.76393e-15        1.44735e-05          0.0439475        7.83681e-05         0.00172797        1.15843e-13        8.19937e-06        3.12858e-17            0.73276
12        0.000313971        2.51177e-05        2.47149e-05             101325           0.983965        2.47149e-05            344.993                  0          0.0148918        5.81064e-05            9152.73        3.83046e-06        7.82107e-14        1.18499e-13           0.218738        3.71526e-10         0.00220395        1.79379e-06        3.52547e-13        2.15989e-14        2.14511e-05          0.0436249        0.000132057         0.00250116        3.36364e-13        1.29455e-05        1.11048e-16            0.73276
13        0.000339088        2.51177e-05        2.34691e-05             101325           0.934367        2.34691e-05            363.283                  0          0.0216482        0.000146996            19145.9        6.12187e-06        2.42119e-13        5.13226e-14            0.21714        7.18604e-10         0.00312286         2.5841e-06        9.23973e-13        5.96547e-14        3.08328e-05          0.0431973        0.000216388         0.00350416        9.78883e-13        1.98403e-05        4.09421e-16            0.73276
14        0.000364206        2.51177e-05        2.20692e-05             101325           0.878632        2.20692e-05            386.292                  0          0.0304883        0.000380242              38119        9.49386e-06        7.47854e-13        9.13252e-14            0.21511        1.41272e-09         0.00429476        3.68337e-06        2.37133e-12        1.61939e-13        4.30045e-05          0.0426498        0.000344012          0.0047559        2.82937e-12        2.94976e-05        1.53641e-15            0.73276
15        0.000389324        2.51177e-05        2.05767e-05             101325           0.819214        2.05767e-05            414.255                  0          0.0416359        0.000989525            72700.1        1.42739e-05        2.26743e-12        3.47731e-13           0.212614         2.7824e-09         0.00574199        5.20659e-06        5.90307e-12        4.26403e-13        5.82786e-05          0.0419706        0.000529855         0.00626317        8.02469e-12        4.25454e-05        5.72522e-15            0.73276
16        0.000414441        2.51177e-05        1.90568e-05             101325           0.758703        1.90568e-05            447.212                  0           0.055224         0.00254561             133837        2.08067e-05        6.67973e-12        1.47384e-12           0.209633        5.40254e-09         0.00747941        7.30617e-06        1.41147e-11        1.07464e-12        7.68821e-05          0.0411515        0.000790354         0.00802145        2.20685e-11        5.95774e-05        2.07323e-14            0.73276
17        0.000439559        2.51177e-05         1.7566e-05             101325            0.69935         1.7566e-05            485.048                  0          0.0712991          0.0063628             239687         2.9432e-05        1.91449e-11         6.3776e-12           0.206157        1.01975e-08         0.00951572        1.01777e-05        3.21937e-11        2.56676e-12        9.89663e-05           0.040187         0.00114249           0.010018        5.83765e-11        8.11142e-05         7.2111e-14            0.73276
18        0.000464677        2.51177e-05        1.61457e-05             101325           0.642803        1.61457e-05            527.549                  0          0.0898419          0.0152293             420460         4.0467e-05        5.41042e-11        2.76565e-11           0.202185        1.85474e-08          0.0118557        1.40648e-05         6.9987e-11         5.7915e-12        0.000124633          0.0390733          0.0016029          0.0122358        1.48338e-10        0.000107577        2.41483e-13            0.73276
19        0.000489794        2.51177e-05        1.48213e-05             101325           0.590076        1.48213e-05             574.46                  0           0.110797          0.0345847             726536        5.41941e-05         1.5367e-10        1.18741e-10           0.197719        3.24735e-08          0.0145025        1.92625e-05        1.46289e-10        1.24247e-11        0.000153969          0.0378078         0.00218713           0.014657        3.64579e-10        0.000139276         7.9124e-13            0.73276
20        0.000514912        2.51177e-05        1.36048e-05             101325           0.541641        1.36048e-05            625.524                  0           0.134097           0.074409        1.24353e+06        7.08562e-05        4.44462e-10        4.98883e-10           0.192757        5.52641e-08          0.0174589        2.61181e-05        3.00664e-10        2.58429e-11        0.000187079          0.0363881         0.00290926          0.0172657        8.79617e-10        0.000176407         2.5945e-12            0.73276
21        0.000540029        2.51177e-05        1.24981e-05             101325           0.497583        1.24981e-05            680.513                  0           0.159687           0.153102        2.12629e+06        9.06548e-05         1.3073e-09        2.02569e-09             0.1873        9.37182e-08          0.0207287        3.50273e-05        6.31516e-10        5.39871e-11        0.000224122          0.0348114         0.00378162          0.0200491        2.12562e-09        0.000219054        8.64499e-12            0.73276
22        0.000565147        2.51177e-05        1.14974e-05             101325           0.457742        1.14974e-05            739.233                  0           0.187531            0.30892        3.68861e+06        0.000113753        3.85614e-09        7.85044e-09           0.181342        1.65442e-07          0.0243166        4.64175e-05        1.42001e-09        1.18617e-10         0.00026534          0.0330748          0.0048147          0.0229986        5.24376e-09        0.000267189        2.92032e-11            0.73276
23        0.000590265        2.51177e-05        1.05953e-05             101325           0.421826        1.05953e-05            801.534                  0           0.217616           0.639283        6.65122e+06        0.000140278        1.12069e-08        2.87276e-08           0.174878        3.20492e-07           0.028228        6.07083e-05        3.51311e-09        2.83731e-10        0.000311105          0.0311748         0.00601708          0.0261088        1.33285e-08        0.000320673        9.83044e-11            0.73276
24        0.000615382        2.51177e-05        9.78302e-06             101325           0.389488        9.78302e-06            867.294                  0           0.249948            1.43256        1.28085e+07        0.000170321        3.16409e-08         9.8535e-08             0.1679        7.00594e-07          0.0324684        7.82263e-05        9.42393e-09        7.36486e-10        0.000361969          0.0291083         0.00739526          0.0293771        3.47002e-08        0.000379255        3.22895e-10            0.73276
25          0.0006405        2.51177e-05        9.05165e-06             101325            0.36037        9.05165e-06             936.41                  0           0.284548            3.57453        2.67258e+07        0.000203939        8.61137e-08        3.15771e-07           0.160404        1.68934e-06          0.0370411         9.9043e-05        2.62437e-08        1.99921e-09        0.000418728          0.0268726         0.00895324          0.0328023        9.08824e-08        0.000442555        1.01771e-09            0.73276
26        0.000665618        2.51177e-05         8.3927e-06             101325           0.334135         8.3927e-06            1008.78                  0           0.321429            9.68419        5.97961e+07        0.000241141        2.25356e-07        9.45958e-07           0.152391        4.26569e-06           0.041945        0.000122686        7.26914e-08        5.43756e-09        0.000482361          0.0244673          0.0106916          0.0363829        2.34268e-07        0.000509994        3.04471e-09            0.73276
27        0.000690735        2.51177e-05        7.79862e-06             101325           0.310484        7.79862e-06            1084.25                  0           0.360581            26.9687        1.39272e+08        0.000281863        5.67052e-07        2.65734e-06           0.143873        1.07757e-05          0.0471714        0.000147689        1.94586e-07        1.43656e-08        0.000553609          0.0218952          0.0126064           0.040116        5.83079e-07        0.000580643        8.58956e-09           0.732759
28        0.000715853        2.51177e-05        7.26301e-06             101325           0.289159        7.26301e-06             1162.6                  0           0.401945            73.5969         3.2663e+08        0.000325947        1.37115e-06        7.02972e-06           0.134867        2.64851e-05          0.0527034        0.000171058         4.9502e-07        3.61853e-08        0.000631649          0.0191634           0.014689          0.0439993        1.38144e-06        0.000652911        2.27514e-08           0.732759
29        0.000740971        2.51177e-05        6.78082e-06             101325           0.269962        6.78082e-06            1243.39                  0           0.445432            190.909        7.50096e+08        0.000372984        3.17433e-06         1.7568e-05           0.125406        6.23568e-05          0.0585082        0.000188012        1.18251e-06        8.57758e-08        0.000711067          0.0162893          0.0169224          0.0480318        3.07815e-06          0.0007237        5.62741e-08           0.732758
30        0.000766088        2.51177e-05        6.34892e-06             101325           0.252767        6.34892e-06            1325.78                  0           0.490869            461.104        1.64697e+09        0.000421882        6.97777e-06        4.14906e-05           0.115559        0.000139074           0.064515        0.000192973        2.61312e-06        1.88438e-07        0.000776962           0.013314           0.019269            0.05221        6.35526e-06        0.000786568        1.28541e-07           0.732758
31        0.000791206        2.51177e-05        5.96689e-06             101325           0.237558        5.96689e-06            1408.18                  0           0.537864            1016.28        3.37104e+09        0.000469969        1.43646e-05        9.22974e-05           0.105473        0.000290397          0.0705783        0.000182368         5.2036e-06        3.73852e-07        0.000801292          0.0103253          0.0216449          0.0565245        1.18752e-05        0.000828417        2.64756e-07           0.732757
32        0.000816324        2.51177e-05        5.63794e-06             101325           0.224461        5.63794e-06            1487.64                  0            0.58559            1991.95        6.22806e+09        0.000511554        2.71418e-05        0.000191875          0.0954507        0.000559256          0.0764325        0.000157206        8.90916e-06        6.39946e-07        0.000750361         0.00748053           0.023875           0.060953        1.93408e-05        0.000826113        4.69591e-07           0.732756
33        0.000841441        2.51177e-05        5.36843e-06             101325           0.213731        5.36843e-06            1559.67                  0           0.632519            3358.42        9.94445e+09        0.000537293        4.59327e-05        0.000367571          0.0860021        0.000975784          0.0816829        0.000123139         1.2253e-05        8.85199e-07        0.000613998         0.00499888          0.0256558          0.0654497        2.61135e-05        0.000752493        6.69908e-07           0.732756
34        0.000866559        2.51177e-05        5.16318e-06             101325            0.20556        5.16318e-06            1619.56                  0           0.676374            4712.67        1.30486e+10        0.000538514         6.8371e-05        0.000635109          0.0777511         0.00151955          0.0859234        8.83808e-05        1.28733e-05        9.42245e-07        0.000433059         0.00307777          0.0266299          0.0699328        2.80851e-05        0.000604738          7.308e-07           0.732756
35        0.000891677        2.51177e-05        5.01815e-06             101325           0.199786        5.01815e-06            1665.15                  0           0.714829            5438.39        1.36648e+10        0.000516678        8.99073e-05        0.000969234          0.0711312         0.00210642          0.0889622        5.97863e-05        1.05842e-05        7.88522e-07        0.000270042         0.00177158          0.0266225          0.0742819        2.42294e-05        0.000426417        6.23395e-07           0.732756
36        0.000916794        2.51177e-05        4.91977e-06             101325           0.195869        4.91977e-06            1698.16                  0           0.746745            5290.84        1.17118e+10        0.000484004        0.000107178         0.00130603          0.0661692          0.0026386          0.0909167        3.98503e-05        7.33751e-06        5.56712e-07        0.000155702        0.000975201          0.0257834          0.0783694        1.76641e-05        0.000271319        4.46641e-07           0.732757
37        0.000941912        2.51177e-05        4.85224e-06             101325            0.19318        4.85224e-06            1722.22                  0           0.772535            4575.59        8.74971e+09          0.0004525        0.000119314         0.00158878            0.06258         0.00306336          0.0920783        2.73874e-05          4.613e-06        3.55692e-07        8.61871e-05        0.000523609          0.0244378          0.0821058         1.1569e-05        0.000161801        2.88525e-07           0.732758
38         0.00096703        2.51177e-05        4.80334e-06             101325           0.191233        4.80334e-06            1740.61                  0            0.79339            3718.03        6.08695e+09        0.000427536        0.000126893         0.00179521          0.0599918         0.00337714          0.0927375        2.00287e-05        2.75651e-06        2.15413e-07        4.68122e-05        0.000277725          0.0228806          0.0854565        7.12562e-06        9.30739e-05        1.76191e-07           0.732758
39        0.000992147        2.51177e-05        4.76542e-06             101325           0.189724        4.76542e-06            1755.55                  0            0.81052             2955.3        4.16612e+09        0.000409369        0.000130864         0.00192933          0.0580878         0.00359943          0.0931079        1.57639e-05        1.60532e-06        1.26837e-07        2.52325e-05        0.000146585          0.0213017          0.0884281        4.24226e-06        5.25363e-05        1.04412e-07           0.732759
40         0.00101726        2.51177e-05        4.73411e-06             101325           0.188477        4.73411e-06            1768.35                  0           0.824873            2351.89        2.92267e+09         0.00039628        0.000132106         0.00200538          0.0566411         0.00375316          0.0933251        1.32686e-05        9.23174e-07        7.35992e-08        1.35789e-05        7.73113e-05           0.019801          0.0910492        2.47995e-06         2.9381e-05        6.08985e-08           0.732759
41         0.00104238        2.51177e-05          4.707e-06             101325           0.187398          4.707e-06            1779.76                  0           0.837127            1894.21         2.1549e+09        0.000386353        0.000131328          0.0020384          0.0555019         0.00385728           0.093468         1.1759e-05        5.27977e-07        4.24022e-08        7.32083e-06        4.08473e-05          0.0184214          0.0933573        1.43712e-06        1.63704e-05        3.52321e-08            0.73276
42          0.0010675        2.51177e-05        4.68277e-06             101325           0.186433        4.68277e-06            1790.19                  0           0.847758            1548.78        1.68359e+09        0.000378096        0.000129075          0.0020408           0.054574         0.00392565          0.0935801        1.07942e-05        3.01518e-07        2.43582e-08        3.96228e-06        2.16539e-05          0.0171746          0.0953912         8.3093e-07         9.1173e-06        2.03095e-08            0.73276
43         0.00109262        2.51177e-05        4.66066e-06             101325           0.185553        4.66066e-06            1799.88                  0           0.857101            1284.61        1.38627e+09        0.000370515        0.000125761         0.00202184           0.053796         0.00396792          0.0936842        1.01314e-05        1.72349e-07        1.39877e-08         2.1557e-06        1.15296e-05          0.0160567          0.0971877        4.81902e-07        5.08599e-06        1.16963e-08            0.73276
44         0.00111774        2.51177e-05        4.64024e-06             101325            0.18474        4.64024e-06            1808.97                  0           0.865401            1078.43        1.18841e+09        0.000363017        0.000121699         0.00198815          0.0531283         0.00399073           0.093791        9.63832e-06         9.8744e-08        8.04179e-09        1.17993e-06        6.17048e-06          0.0150567          0.0987803        2.81796e-07        2.84539e-06        6.74046e-09            0.73276
45         0.00114285        2.51177e-05        4.62121e-06             101325           0.183983        4.62121e-06            1817.54                  0           0.872843            914.066        1.04727e+09        0.000355291        0.000117128          0.0019444          0.0525444         0.00399869          0.0939052        9.24282e-06        5.67518e-08        4.63307e-09        6.50106e-07        3.32104e-06          0.0141614           0.100199        1.67129e-07        1.59777e-06        3.89092e-09            0.73276
46         0.00116797        2.51177e-05        4.60338e-06             101325           0.183273        4.60338e-06            1825.66                  0           0.879569            780.546        9.39119e+08          0.0003472        0.000112227         0.00189382          0.0520262         0.00399502          0.0940279        8.90535e-06        3.27354e-08        2.67632e-09        3.60677e-07        1.79824e-06          0.0133573           0.101468        1.01243e-07        9.00983e-07        2.25113e-09            0.73276
47         0.00119309        2.51177e-05        4.58661e-06             101325           0.182605        4.58661e-06            1833.38                  0           0.885693            670.406         8.5097e+08        0.000338716        0.000107135         0.00183873           0.051561         0.00398204          0.0941587        8.60392e-06        1.89552e-08         1.5506e-09        2.01529e-07        9.79854e-07          0.0126319           0.102611        6.31575e-08        5.10361e-07        1.30583e-09            0.73276
48         0.00121821        2.51177e-05        4.57079e-06             101325           0.181975        4.57079e-06            1840.73                  0           0.891308            578.461        7.75738e+08        0.000329866        0.000101956         0.00178073          0.0511391         0.00396146          0.0942966        8.32612e-06        1.10192e-08         9.0122e-10        1.13415e-07        5.37408e-07          0.0119741           0.103647        4.09242e-08         2.9045e-07        7.59629e-10            0.73276
49         0.00124332        2.51177e-05        4.55582e-06             101325           0.181379        4.55582e-06            1847.75                  0           0.896489            501.004        7.09509e+08        0.000320707        9.67699e-05           0.001721          0.0507536         0.00393457            0.09444        8.06474e-06        6.43113e-09          5.255e-10        6.42843e-08        2.96713e-07          0.0113741           0.104591        2.77512e-08        1.66085e-07        4.43192e-10            0.73276
50         0.00126844        2.51177e-05        4.54162e-06             101325           0.180814        4.54162e-06            1854.46                  0           0.901298            435.294        6.50059e+08        0.000311305        9.16353e-05         0.00166041          0.0503987         0.00390238          0.0945875        7.81546e-06        3.76809e-09        3.07425e-10         3.6695e-08        1.64929e-07          0.0108235           0.105456        1.97797e-08        9.54247e-08        2.59347e-10            0.73276
51         0.00129356        2.51177e-05        4.52813e-06             101325           0.180277        4.52813e-06            1860.89                  0           0.905787            379.243        5.96068e+08        0.000301729        8.65969e-05         0.00159956          0.0500701         0.00386568           0.094738        7.57561e-06        2.21627e-09        1.80441e-10        2.10921e-08        9.22995e-08          0.0103153           0.106255        1.48149e-08        5.50881e-08        1.52224e-10            0.73276
52         0.00131868        2.51177e-05        4.51528e-06             101325           0.179765        4.51528e-06            1867.06                  0           0.909999            331.216          5.467e+08        0.000292041        8.16872e-05         0.00153893          0.0497642         0.00382513          0.0948903        7.34342e-06        1.30845e-09        1.06258e-10        1.22059e-08        5.20057e-08         0.00984348           0.106997        1.16057e-08        3.19527e-08        8.96185e-11            0.73276
53         0.00134379        2.51177e-05        4.50303e-06             101325           0.179278        4.50303e-06            1872.98                  0           0.913971            289.905        5.01378e+08        0.000282298        7.69295e-05         0.00147888           0.049478         0.00378124          0.0950434        7.11773e-06        7.75346e-10        6.27787e-11        7.11019e-09        2.95012e-08         0.00940292           0.107689        9.43643e-09        1.86208e-08        5.29218e-11            0.73276
54         0.00136891        2.51177e-05        4.49133e-06             101325           0.178812        4.49133e-06            1878.68                  0           0.917733            254.247        4.59676e+08         0.00027255        7.23399e-05         0.00141966          0.0492091         0.00373446          0.0951965        6.89769e-06        4.61119e-10         3.7213e-11        4.16846e-09         1.6848e-08         0.00898941           0.108339        7.89544e-09        1.09025e-08        3.13474e-11            0.73276
55         0.00139403        2.51177e-05        4.48014e-06             101325           0.178366        4.48014e-06            1884.16                  0            0.92131            223.369        4.21253e+08        0.000262839        6.79291e-05         0.00136148          0.0489556         0.00368517           0.095349        6.68269e-06        2.75229e-10        2.21317e-11        2.45911e-09        9.68614e-09         0.00859942           0.108952        6.74453e-09        6.41371e-09        1.86257e-11            0.73276
56         0.00141915        2.51177e-05        4.46943e-06             101325            0.17794        4.46943e-06            1889.44                  0           0.924722            196.547        3.85825e+08        0.000253201        6.37036e-05         0.00130449          0.0487157         0.00363367          0.0955004        6.47229e-06        1.64866e-10        1.32066e-11        1.45955e-09        5.60557e-09            0.00823           0.109532        5.84444e-09        3.79125e-09        1.11016e-11            0.73276
57         0.00144426        2.51177e-05        4.45915e-06             101325           0.177531        4.45915e-06            1894.53                  0           0.927988            173.181        3.53144e+08        0.000243666        5.96663e-05         0.00124879          0.0484882         0.00358025          0.0956501        6.26614e-06        9.91118e-11        7.90758e-12        8.71438e-10        3.26532e-09         0.00787868           0.110084         5.1127e-09        2.25228e-09        6.63829e-12            0.73276
58         0.00146938        2.51177e-05         4.4493e-06             101325           0.177138         4.4493e-06            1899.44                  0           0.931123            152.767        3.22992e+08        0.000234259         5.5818e-05         0.00119448          0.0482717         0.00352514          0.0957979        6.06398e-06        5.97986e-11         4.7512e-12        5.23339e-10        1.91445e-09         0.00754343           0.110611        4.49956e-09         1.3451e-09        3.98249e-12            0.73276
59          0.0014945        2.51177e-05        4.43984e-06             101325           0.176762        4.43984e-06            1904.19                  0           0.934138            134.884        2.95172e+08           0.000225        5.21574e-05          0.0011416          0.0480654         0.00346855          0.0959435        5.86562e-06        3.62117e-11        2.86489e-12        3.16096e-10        1.12966e-09         0.00722257           0.111115        3.97429e-09        8.07927e-10        2.39732e-12            0.73276
60         0.00151962        2.51177e-05        4.43075e-06             101325             0.1764        4.43075e-06            1908.77                  0           0.937043            119.179        2.69507e+08        0.000215907        4.86818e-05         0.00109021          0.0478685         0.00341067          0.0960866        5.67094e-06        2.20105e-11        1.73381e-12        1.92007e-10        6.70843e-10         0.00691471           0.111599        3.51728e-09        4.88386e-10        1.44817e-12            0.73276
61         0.00154474        2.51177e-05        4.42201e-06             101325           0.176052        4.42201e-06            1913.19                  0           0.939847            105.354        2.45837e+08        0.000206995        4.53876e-05         0.00104034          0.0476802         0.00335167          0.0962271        5.47984e-06        1.34298e-11        1.05326e-12        1.17291e-10        4.00912e-10          0.0066187           0.112064        3.11553e-09        2.97402e-10        8.78001e-13            0.73276
62         0.00156985        2.51177e-05        4.41361e-06             101325           0.175717        4.41361e-06            1917.47                  0           0.942557            93.1584        2.24013e+08        0.000198275        4.22703e-05        0.000992006             0.0475         0.00329169          0.0963647        5.29227e-06        8.22653e-12        6.42338e-13        7.20535e-11        2.41116e-10         0.00633361           0.112512           2.76e-09        1.82684e-10        5.34332e-13            0.73276
63         0.00159497        2.51177e-05        4.40553e-06             101325           0.175396        4.40553e-06             1921.6                  0           0.945179            82.3801        2.03904e+08        0.000189758        3.93248e-05        0.000945215          0.0473275         0.00323089          0.0964995        5.10823e-06        5.05961e-12         3.9332e-13        4.45138e-11        1.45932e-10         0.00605868           0.112944        2.44408e-09        1.13406e-10        3.26465e-13            0.73276
64         0.00162009        2.51177e-05        4.39776e-06             101325           0.175086        4.39776e-06            1925.59                  0           0.947716            72.8395        1.85384e+08        0.000181451        3.65459e-05        0.000899976          0.0471622         0.00316939          0.0966312        4.92772e-06        3.12484e-12         2.4185e-13        2.76565e-11        8.88851e-11          0.0057933           0.113361        2.16274e-09        7.13217e-11        2.00283e-13            0.73276
65         0.00164521        2.51177e-05        4.39029e-06             101325           0.174789        4.39029e-06            1929.44                  0           0.950173            64.3838        1.68341e+08        0.000173362        3.39278e-05        0.000856285          0.0470037         0.00310732          0.0967599         4.7508e-06        1.93824e-12        1.49359e-13        1.72817e-11        5.44846e-11         0.00553696           0.113763        1.91192e-09        4.55843e-11        1.23398e-13            0.73276
66         0.00167032        2.51177e-05         4.3831e-06             101325           0.174503         4.3831e-06            1933.17                  0           0.952553            56.8826        1.52672e+08        0.000165497        3.14647e-05         0.00081414           0.046852         0.00304479          0.0968854        4.57752e-06        1.20759e-12        9.26549e-14        1.08615e-11        3.36126e-11         0.00528927           0.114152        1.68829e-09        2.97211e-11        7.63674e-14            0.73276
67         0.00169544        2.51177e-05         4.3762e-06             101325           0.174228         4.3762e-06            1936.76                  0           0.954857            50.2241        1.38279e+08        0.000157861        2.91507e-05         0.00077353          0.0467065         0.00298193          0.0970077        4.40798e-06        7.55832e-13        5.77468e-14        6.86663e-12        2.08707e-11         0.00504992           0.114529        1.48897e-09        1.98522e-11        4.74816e-14            0.73276
68         0.00172056        2.51177e-05        4.36956e-06             101325           0.173964        4.36956e-06            1940.22                  0           0.957088            44.3118        1.25072e+08        0.000150457        2.69798e-05        0.000734444          0.0465673         0.00291883          0.0971268        4.24227e-06        4.75325e-13        3.61642e-14          4.367e-12        1.30439e-11         0.00481863           0.114892        1.31147e-09        1.36424e-11         2.9665e-14            0.73276
69         0.00174568        2.51177e-05        4.36319e-06             101325            0.17371        4.36319e-06            1943.56                  0           0.959248            39.0623         1.1297e+08        0.000143288        2.49461e-05        0.000696868          0.0464341         0.00285561          0.0972426         4.0805e-06        3.00388e-13        2.27611e-14        2.79415e-12        8.20617e-12         0.00459523           0.115243        1.15358e-09        9.67985e-12        1.86274e-14            0.73276
70         0.00177079        2.51177e-05        4.35707e-06             101325           0.173466        4.35707e-06            1946.78                  0           0.961337             34.403        1.01894e+08        0.000136357        2.30437e-05        0.000660786          0.0463068         0.00279237           0.097355         3.9228e-06        1.90795e-13        1.43993e-14        1.79883e-12        5.19723e-12         0.00437954           0.115582        1.01332e-09        7.10713e-12        1.17581e-14            0.73276
71         0.00179591        2.51177e-05        4.35119e-06             101325           0.173232        4.35119e-06            1949.88                  0           0.963357            30.2703        9.17715e+07        0.000129666        2.12666e-05         0.00062618          0.0461851         0.00272922          0.0974642         3.7693e-06        1.21817e-13        9.15774e-15        1.16531e-12        3.31389e-12         0.00417144           0.115909        8.88905e-10        5.40102e-12        7.46259e-15            0.73276
72         0.00182103        2.51177e-05        4.34556e-06             101325           0.173008        4.34556e-06            1952.86                  0           0.965308            26.6082        8.25347e+07        0.000123216        1.96091e-05        0.000593029          0.0460691         0.00266626          0.0975701        3.62014e-06        7.81939e-14        5.85605e-15        7.59726e-13        2.12752e-12         0.00397082           0.116224        7.78733e-10        4.24061e-12        4.76323e-15            0.73276
73         0.00184615        2.51177e-05        4.34017e-06             101325           0.172794        4.34017e-06            1955.72                  0           0.967191             23.367        7.41198e+07        0.000117007        1.80654e-05        0.000561311          0.0459585          0.0026036          0.0976726        3.47543e-06        5.04688e-14        3.76579e-15        4.98511e-13        1.37537e-12         0.00377759           0.116527        6.81334e-10        3.42796e-12         3.0582e-15            0.73276
74         0.00187126        2.51177e-05          4.335e-06             101325           0.172588          4.335e-06            1958.47                  0           0.969007            20.5026        6.64669e+07         0.00011104        1.66299e-05        0.000531004          0.0458533         0.00254133          0.0977718        3.33533e-06        3.27583e-14         2.4356e-15         3.2926e-13        8.95387e-13         0.00359167            0.11682        5.95381e-10        2.84025e-12        1.97551e-15            0.73276
75         0.00189638        2.51177e-05        4.33007e-06             101325           0.172391        4.33007e-06            1961.11                  0           0.970756            17.9756        5.95195e+07        0.000105312        1.52971e-05        0.000502083          0.0457534         0.00247955          0.0978676        3.19995e-06        2.13859e-14        1.58458e-15        2.18922e-13        5.87066e-13           0.003413             0.1171        5.19664e-10         2.4007e-12        1.28421e-15            0.73276
76          0.0019215        2.51177e-05        4.32535e-06             101325           0.172203        4.32535e-06            1963.63                  0           0.972438            15.7506        5.32246e+07        9.98246e-05        1.40614e-05         0.00047452          0.0456585         0.00241838          0.0979601        3.06941e-06        1.40443e-14        1.03716e-15        1.46543e-13        3.87689e-13         0.00324149            0.11737        4.53085e-10        2.06095e-12        8.40306e-16            0.73276
77         0.00194662        2.51177e-05        4.32084e-06             101325           0.172024        4.32084e-06            1966.05                  0           0.974055            13.7955         4.7532e+07        9.45745e-05        1.29176e-05        0.000448289          0.0455687          0.0023579          0.0980493        2.94383e-06        9.27881e-15        6.83044e-16        9.87652e-14         2.5789e-13         0.00307706           0.117628        3.94649e-10        1.79019e-12        5.53577e-16            0.73276
78         0.00197174        2.51177e-05        4.31655e-06             101325           0.171853        4.31655e-06            1968.36                  0           0.975607            12.0815        4.23945e+07        8.95597e-05        1.18606e-05        0.000423359          0.0454837         0.00229821          0.0981352        2.82329e-06        6.16823e-15        4.52671e-16        6.70249e-14        1.72812e-13         0.00291965           0.117875        3.43451e-10        1.56859e-12        3.67246e-16            0.73276
79         0.00199685        2.51177e-05        4.31245e-06             101325            0.17169        4.31245e-06            1970.57                  0           0.977094            10.5826        3.77677e+07        8.47774e-05        1.08852e-05        0.000399701          0.0454035         0.00223941          0.0982178        2.70787e-06        4.12625e-15        3.01924e-16        4.58028e-14        1.16663e-13         0.00276916           0.118112        2.98676e-10        1.38318e-12          2.454e-16            0.73276
80         0.00202197        2.51177e-05        4.30856e-06             101325           0.171535        4.30856e-06            1972.67                  0           0.978517            9.27505        3.36097e+07        8.02243e-05        9.98656e-06        0.000377282           0.045328         0.00218159          0.0982972        2.59764e-06        2.77794e-15        2.02694e-16        3.15207e-14         7.9348e-14         0.00262549           0.118337        2.59585e-10        1.22532e-12        1.65206e-16            0.73276
81         0.00204709        2.51177e-05        4.30486e-06             101325           0.171388        4.30486e-06            1974.68                  0           0.979877            8.13731         2.9881e+07        7.58965e-05        9.15996e-06        0.000356069          0.0452569         0.00212484          0.0983733        2.49263e-06         1.8824e-15        1.36981e-16        2.18459e-14        5.43762e-14         0.00248855           0.118552        2.25514e-10         1.0891e-12        1.12075e-16            0.73276
82         0.00207221        2.51177e-05        4.30135e-06             101325           0.171248        4.30135e-06            1976.58                  0           0.981175             7.1499        2.65447e+07        7.17897e-05        8.40076e-06        0.000336027          0.0451902         0.00206925          0.0984463        2.39288e-06        1.28399e-15        9.31957e-17        1.52487e-14        3.75467e-14         0.00235821           0.118757        1.95867e-10        9.70405e-13         7.6633e-17            0.73276
83         0.00209732        2.51177e-05        4.29802e-06             101325           0.171115        4.29802e-06            1978.39                  0           0.982412            6.29512        2.35658e+07        6.78991e-05        7.70455e-06        0.000317121          0.0451276          0.0020149           0.098516        2.29837e-06         8.8169e-16        6.38392e-17        1.07201e-14        2.61241e-14         0.00223434           0.118952        1.70109e-10        8.66255e-13        5.28246e-17            0.73276
84         0.00212244        2.51177e-05        4.29486e-06             101325            0.17099        4.29486e-06            1980.11                  0            0.98359            5.55695        2.09117e+07        6.42196e-05        7.06705e-06        0.000299314          0.0450691         0.00196188          0.0985827        2.20908e-06        6.09549e-16        4.40323e-17        7.59053e-15         1.8316e-14         0.00211681           0.119136        1.47761e-10        7.74427e-13        3.67161e-17            0.73276
85         0.00214756        2.51177e-05        4.29188e-06             101325           0.170871        4.29188e-06            1981.74                  0           0.984708            4.92091        1.85521e+07        6.07457e-05        6.48417e-06        0.000282569          0.0450145         0.00191025          0.0986463        2.12497e-06        4.24303e-16        3.05831e-17         5.4133e-15        1.29403e-14         0.00200547           0.119311        1.28398e-10        6.93201e-13         2.5737e-17            0.73276
86         0.00217268        2.51177e-05        4.28907e-06             101325           0.170759        4.28907e-06            1983.28                  0           0.985769            4.37393        1.64585e+07        5.74713e-05        5.95199e-06        0.000266847          0.0449636         0.00186008          0.0987069        2.04596e-06        2.97405e-16        2.13918e-17        3.88837e-15        9.21275e-15         0.00190017           0.119477        1.11642e-10        6.21207e-13        1.81977e-17            0.73276
87         0.00219779        2.51177e-05        4.28641e-06             101325           0.170653        4.28641e-06            1984.73                  0           0.986774            3.90425        1.46043e+07        5.43902e-05        5.46677e-06         0.00025211          0.0449162         0.00181144          0.0987645        1.97197e-06         2.0992e-16        1.50694e-17        2.81309e-15         6.6094e-15         0.00180072           0.119633        9.71573e-11        5.57322e-13        1.29809e-17            0.73276
88         0.00222291        2.51177e-05        4.28391e-06             101325           0.170554        4.28391e-06             1986.1                  0           0.987725            3.50136         1.2965e+07        5.14959e-05        5.02497e-06        0.000238316          0.0448722         0.00176439          0.0988193        1.90287e-06        1.49217e-16        1.06918e-17        2.04977e-15        4.77811e-15         0.00170697            0.11978        8.46476e-11        5.00598e-13        9.34292e-18            0.73276
89         0.00224803        2.51177e-05        4.28156e-06             101325            0.17046        4.28156e-06            1987.39                  0           0.988622            3.15583         1.1518e+07        4.87817e-05        4.62321e-06        0.000225428          0.0448314         0.00171897          0.0988712        1.83855e-06        1.06823e-16        7.64072e-18        1.50424e-15        3.48066e-15         0.00161872           0.119919        7.38523e-11        4.50224e-13        6.78602e-18            0.73276
90         0.00227315        2.51177e-05        4.27935e-06             101325           0.170372        4.27935e-06            1988.61                  0           0.989468            2.85931        1.02423e+07        4.62406e-05        4.25831e-06        0.000213403          0.0447937         0.00167522          0.0989203        1.77884e-06        7.70208e-17        5.49999e-18        1.11174e-15        2.55483e-15         0.00153578           0.120049        6.45422e-11        4.05491e-13        4.97458e-18            0.73276
91         0.00229827        2.51177e-05        4.27728e-06             101325            0.17029        4.27728e-06            1989.75                  0           0.990265            2.60442        9.11885e+06        4.38655e-05        3.92728e-06        0.000202203          0.0447589         0.00163319          0.0989667        1.72358e-06        5.59331e-17        3.98795e-18        8.27466e-16        1.88947e-15         0.00145797           0.120171        5.65169e-11        3.65777e-13        3.68094e-18            0.73276
92         0.00232338        2.51177e-05        4.27534e-06             101325           0.170213        4.27534e-06            1990.81                  0           0.991013            2.38464        8.13005e+06        4.16493e-05         3.6273e-06        0.000191786          0.0447267         0.00159289          0.0990106        1.67258e-06        4.09128e-17        2.91279e-18        6.20201e-16        1.40789e-15         0.00138507           0.120286         4.9601e-11        3.30531e-13         2.7496e-18            0.73276
93          0.0023485        2.51177e-05        4.27353e-06             101325            0.17014        4.27353e-06            1991.81                  0           0.991715             2.1943        7.26004e+06        3.95847e-05        3.35574e-06        0.000182114          0.0446972         0.00155436          0.0990518        1.62566e-06        3.01434e-17        2.14314e-18        4.68088e-16        1.05688e-15          0.0013169           0.120393         4.3642e-11        2.99261e-13        2.07367e-18            0.73276
94         0.00237362        2.51177e-05        4.27183e-06             101325           0.170073        4.27183e-06            1992.75                  0           0.992372            2.02848        6.49444e+06        3.76645e-05        3.11014e-06        0.000173146            0.04467         0.00151758          0.0990907        1.58261e-06        2.23704e-17        1.58847e-18        3.55723e-16        7.99238e-16         0.00125323           0.120493        3.85073e-11        2.71528e-13        1.57911e-18            0.73276
95         0.00239874        2.51177e-05        4.27026e-06             101325            0.17001        4.27026e-06            1993.62                  0           0.992987            1.88292        5.82034e+06        3.58814e-05         2.8882e-06        0.000164843           0.044645         0.00148258          0.0991271        1.54321e-06        1.67231e-17        1.18605e-18        2.72183e-16        6.08829e-16         0.00119388           0.120586        3.40817e-11        2.46939e-13        1.21432e-18            0.73276
96         0.00242385        2.51177e-05        4.26879e-06             101325           0.169952        4.26879e-06            1994.43                  0           0.993562            1.75402        5.22617e+06        3.42282e-05        2.68782e-06        0.000157169          0.0446221         0.00144934          0.0991613        1.50726e-06        1.25928e-17        8.92136e-19        2.09677e-16        4.67144e-16         0.00113864           0.120673         3.0266e-11        2.25144e-13        9.43081e-19            0.73276
97         0.00244897        2.51177e-05        4.26742e-06             101325           0.169897        4.26742e-06            1995.19                  0           0.994097            1.63871        4.70166e+06         3.2698e-05        2.50704e-06        0.000150084          0.0446012         0.00141785          0.0991932        1.47454e-06        9.55221e-18        6.76028e-19        1.62615e-16        3.61005e-16         0.00108729           0.120754        2.69743e-11        2.05829e-13        7.39784e-19            0.73276
98         0.00247409        2.51177e-05        4.26615e-06             101325           0.169847        4.26615e-06            1995.89                  0           0.994595            1.53445        4.23773e+06        3.12836e-05        2.34404e-06        0.000143554          0.0445821         0.00138809          0.0992231        1.44483e-06        7.29906e-18        5.16074e-19        1.26961e-16        2.80967e-16         0.00103965           0.120828        2.41326e-11        1.88713e-13        5.86199e-19            0.73276
99         0.00249921        2.51177e-05        4.26498e-06             101325             0.1698        4.26498e-06            1996.54                  0           0.995058            1.43915        3.82639e+06        2.99784e-05        2.19716e-06        0.000137543          0.0445646         0.00136004          0.0992509        1.41791e-06        5.61853e-18          3.969e-19        9.97863e-17        2.20219e-16         0.00099551           0.120898        2.16773e-11        1.73548e-13        4.69258e-19            0.73276
100         0.00252432        2.51177e-05        4.26389e-06             101325           0.169757        4.26389e-06            1997.14                  0           0.995487            1.35109        3.46067e+06        2.87757e-05        2.06489e-06        0.000132018          0.0445487         0.00133364          0.0992768        1.39359e-06        4.35697e-18        3.07529e-19        7.89496e-17        1.73817e-16        0.000954679           0.120962        1.95538e-11         1.6011e-13        3.79527e-19            0.73276
101         0.00254944        2.51177e-05        4.26289e-06             101325           0.169717        4.26289e-06             1997.7                  0           0.995885            1.26892        3.13452e+06        2.76691e-05        1.94583e-06        0.000126945          0.0445342         0.00130888          0.0993009        1.37166e-06        3.40385e-18        2.40071e-19        6.28792e-17        1.38151e-16        0.000916966           0.121021        1.77153e-11        1.48202e-13        3.10147e-19            0.73276
102         0.00257456        2.51177e-05        4.26196e-06             101325            0.16968        4.26196e-06            1998.21                  0           0.996252            1.19157        2.84271e+06        2.66524e-05        1.83871e-06        0.000122295           0.044521          0.0012857          0.0993232        1.35192e-06        2.67916e-18        1.88826e-19        5.04136e-17        1.10569e-16        0.000882187           0.121076        1.61217e-11        1.37648e-13        2.56099e-19            0.73276
103         0.00259968        2.51177e-05        4.26111e-06             101325           0.169646        4.26111e-06            1998.69                  0           0.996592            1.11823        2.58074e+06        2.57197e-05        1.74238e-06        0.000118037          0.0445091         0.00126404          0.0993438        1.33419e-06        2.12468e-18        1.49649e-19        4.06896e-17        8.91112e-17        0.000850163           0.121126        1.47385e-11        1.28293e-13        2.13684e-19            0.73276
104         0.00262479        2.51177e-05        4.26033e-06             101325           0.169615        4.26033e-06            1999.12                  0           0.996905            1.04831        2.34478e+06        2.48652e-05        1.65577e-06        0.000114143          0.0444982         0.00124386          0.0993629        1.31828e-06        1.69778e-18        1.19509e-19        3.30622e-17        7.23195e-17         0.00082072           0.121172        1.35364e-11        1.19997e-13        1.80157e-19            0.73276
105         0.00264991        2.51177e-05        4.25961e-06             101325           0.169586        4.25961e-06            1999.52                  0           0.997193           0.981377        2.13155e+06        2.40835e-05        1.57794e-06        0.000110587          0.0444884          0.0012251          0.0993805        1.30405e-06        1.36707e-18        9.61759e-20        2.70466e-17        5.91033e-17         0.00079369           0.121215        1.24903e-11         1.1264e-13        1.53466e-19            0.73276
106         0.00267503        2.51177e-05        4.25895e-06             101325            0.16956        4.25895e-06            1999.89                  0           0.997457           0.917148        1.93828e+06        2.33694e-05        1.50802e-06        0.000107342          0.0444795          0.0012077          0.0993967        1.29131e-06        1.10929e-18        7.80004e-20        2.22766e-17        4.86421e-17        0.000768913           0.121254        1.15786e-11        1.06113e-13         1.3207e-19            0.73276
107         0.00270015        2.51177e-05        4.25834e-06             101325           0.169536        4.25834e-06            2000.23                  0             0.9977           0.855443        1.76261e+06        2.27179e-05        1.44523e-06        0.000104386          0.0444714          0.0011916          0.0994116        1.27994e-06        9.07122e-19        6.37545e-20         1.8474e-17         4.0315e-17        0.000746236           0.121289        1.07829e-11         1.0032e-13        1.14803e-19            0.73276
108         0.00272527        2.51177e-05        4.25779e-06             101325           0.169514        4.25779e-06            2000.53                  0           0.997923           0.796166        1.60257e+06        2.21244e-05        1.38886e-06        0.000101696          0.0444642         0.00117672          0.0994253         1.2698e-06        7.47588e-19        5.25191e-20        1.54263e-17        3.36494e-17         0.00072551           0.121322        1.00876e-11        9.51785e-14        1.00775e-19            0.73276
109         0.00275038        2.51177e-05        4.25729e-06             101325           0.169494        4.25729e-06            2000.81                  0           0.998126           0.739278        1.45648e+06        2.15844e-05        1.33827e-06        9.92511e-05          0.0444576         0.00116301          0.0994379        1.26077e-06        6.20917e-19        4.36026e-20        1.29705e-17        2.82838e-17        0.000706596           0.121352        9.47911e-12        9.06126e-14        8.93043e-20            0.73276
110          0.0027755        2.51177e-05        4.25683e-06             101325           0.169476        4.25683e-06            2001.07                  0           0.998312           0.684781         1.3229e+06        2.10937e-05        1.29288e-06        9.70312e-05          0.0444517          0.0011504          0.0994493        1.25273e-06        5.19707e-19        3.64816e-20        1.09806e-17          2.394e-17        0.000689362           0.121379        8.94595e-12        8.65573e-14        7.98663e-20            0.73276
111         0.00280062        2.51177e-05        4.25641e-06             101325           0.169459        4.25641e-06             2001.3                  0           0.998481           0.632699        1.20063e+06        2.06485e-05        1.25218e-06        9.50181e-05          0.0444464         0.00113883          0.0994598        1.24557e-06        4.38322e-19         3.0758e-20        9.35929e-18        2.04031e-17         0.00067368           0.121403        8.47821e-12        8.29545e-14        7.20529e-20            0.73276
112         0.00282574        2.51177e-05        4.25603e-06             101325           0.169444        4.25603e-06            2001.51                  0           0.998635           0.583067        1.08862e+06        2.02451e-05         1.2157e-06        9.31947e-05          0.0444416         0.00112824          0.0994693        1.23921e-06         3.7245e-19        2.61273e-20        8.03055e-18         1.7506e-17        0.000659432           0.121426        8.06738e-12        7.97532e-14         6.5546e-20            0.73276
113         0.00285085        2.51177e-05        4.25569e-06             101325            0.16943        4.25569e-06             2001.7                  0           0.998775           0.535921             985984          1.988e-05        1.18301e-06        9.15452e-05          0.0444373         0.00111855           0.099478        1.23357e-06        3.18777e-19        2.23554e-20        6.93505e-18        1.51184e-17        0.000646505           0.121446        7.70616e-12        7.69083e-14        6.00955e-20            0.73276
114         0.00287597        2.51177e-05        4.25538e-06             101325           0.169418        4.25538e-06            2001.88                  0           0.998903           0.491291             891939          1.955e-05        1.15373e-06        9.00546e-05          0.0444334         0.00110972          0.0994859        1.22855e-06        2.74739e-19        1.92618e-20        6.02621e-18        1.31381e-17        0.000634794           0.121464        7.38824e-12        7.43797e-14        5.55044e-20            0.73276
115         0.00290109        2.51177e-05         4.2551e-06             101325           0.169407         4.2551e-06            2002.04                  0           0.999018           0.449193             805799        1.92521e-05        1.12753e-06        8.87094e-05          0.0444299         0.00110168           0.099493         1.2241e-06        2.38349e-19        1.67062e-20         5.2673e-18        1.14848e-17          0.0006242           0.121481        7.10819e-12        7.21323e-14        5.16162e-20            0.73276
116         0.00292621        2.51177e-05        4.25484e-06             101325           0.169396        4.25484e-06            2002.18                  0           0.999122           0.409629             726954        1.89836e-05        1.10409e-06        8.74966e-05          0.0444268         0.00109437          0.0994995        1.22015e-06        2.08058e-19        1.45795e-20        4.62932e-18         1.0095e-17         0.00061463           0.121496        6.86132e-12        7.01349e-14        4.83059e-20            0.73276
117         0.00295132        2.51177e-05        4.25461e-06             101325           0.169387        4.25461e-06            2002.31                  0           0.999217           0.372584             654852        1.87419e-05        1.08313e-06        8.64048e-05           0.044424         0.00108774          0.0995054        1.21666e-06        1.82655e-19        1.27964e-20        4.08926e-18        8.91854e-18        0.000605997            0.12151        6.64355e-12        6.83598e-14        4.54736e-20            0.73276
118         0.00297644        2.51177e-05        4.25441e-06             101325           0.169379        4.25441e-06            2002.42                  0           0.999302           0.338025             588994        1.85245e-05         1.0644e-06        8.54228e-05          0.0444215         0.00108174          0.0995106        1.21355e-06        1.61187e-19          1.129e-20        3.62883e-18        7.91551e-18         0.00059822           0.121522        6.45135e-12        6.67825e-14        4.30386e-20            0.73276
119         0.00300156        2.51177e-05        4.25422e-06             101325           0.169372        4.25422e-06            2002.52                  0           0.999378           0.305903             528920        1.83293e-05        1.04767e-06        8.45409e-05          0.0444193         0.00107632          0.0995154        1.21081e-06        1.42906e-19        1.00075e-20        3.23347e-18        7.05412e-18        0.000591225           0.121533        6.28166e-12        6.53813e-14        4.09355e-20            0.73276
120         0.00302668        2.51177e-05        4.25405e-06             101325           0.169365        4.25405e-06            2002.62                  0           0.999447           0.276153             474204        1.81543e-05        1.03275e-06        8.37497e-05          0.0444173         0.00107143          0.0995197        1.20837e-06        1.27219e-19        8.90715e-21        2.89154e-18        6.30902e-18        0.000584942           0.121543        6.13178e-12         6.4137e-14        3.91113e-20            0.73276
121         0.00305179        2.51177e-05        4.25391e-06             101325           0.169359        4.25391e-06             2002.7                  0           0.999509           0.248698             424451        1.79975e-05        1.01945e-06        8.30408e-05          0.0444155         0.00106702          0.0995235        1.20622e-06        1.13658e-19         7.9561e-21        2.59374e-18        5.65994e-18        0.000579306           0.121552        5.99939e-12        6.30323e-14        3.75226e-20            0.73276
122         0.00307691        2.51177e-05        4.25377e-06             101325           0.169354        4.25377e-06            2002.78                  0           0.999565           0.223448             379289        1.78572e-05         1.0076e-06        8.24065e-05          0.0444139         0.00106306           0.099527        1.20431e-06        1.01848e-19        7.12806e-21         2.3326e-18        5.09064e-18        0.000574257           0.121559        5.88244e-12        6.20521e-14        3.61338e-20            0.73276
123         0.00310203        2.51177e-05        4.25365e-06             101325           0.169349        4.25365e-06            2002.84                  0           0.999614           0.200302             338368         1.7732e-05        9.97047e-07        8.18395e-05          0.0444125         0.00105951          0.0995301        1.20263e-06        9.14935e-20        6.40216e-21        2.10213e-18         4.5881e-18        0.000569741           0.121567        5.77913e-12        6.11827e-14        3.49154e-20            0.73276
124         0.00312715        2.51177e-05        4.25355e-06             101325           0.169345        4.25355e-06             2002.9                  0           0.999659           0.179153             301358        1.76202e-05        9.87665e-07        8.13335e-05          0.0444113         0.00105632          0.0995329        1.20114e-06        8.23563e-20         5.7617e-21        1.89752e-18        4.14181e-18        0.000565707           0.121573        5.68788e-12         6.0412e-14        3.38433e-20            0.73276
125         0.00315227        2.51177e-05        4.25345e-06             101325           0.169341        4.25345e-06            2002.96                  0           0.999699            0.15989             267950        1.75205e-05        9.79329e-07        8.08823e-05          0.0444102         0.00105347          0.0995353        1.19982e-06        7.42461e-20         5.1933e-21        1.71487e-18        3.74333e-18        0.000562109           0.121579         5.6073e-12        5.97293e-14        3.28971e-20            0.73276
126         0.00317738        2.51177e-05        4.25337e-06             101325           0.169338        4.25337e-06               2003                  0           0.999734           0.142397             237852        1.74319e-05        9.71929e-07        8.04806e-05          0.0444092         0.00105093          0.0995375        1.19866e-06        6.70096e-20         4.6862e-21        1.55104e-18        3.38583e-18        0.000558904           0.121584        5.53617e-12        5.91249e-14          3.206e-20            0.73276
127          0.0032025        2.51177e-05        4.25329e-06             101325           0.169335        4.25329e-06            2003.04                  0           0.999766           0.126558             210787        1.73531e-05        9.65368e-07        8.01235e-05          0.0444083         0.00104866          0.0995395        1.19763e-06        6.05231e-20        4.23171e-21        1.40349e-18        3.06375e-18        0.000556052           0.121588         5.4734e-12        5.85902e-14        3.13177e-20            0.73276
128         0.00322762        2.51177e-05        4.25322e-06             101325           0.169332        4.25322e-06            2003.08                  0           0.999794           0.112256             186498        1.72832e-05        9.59555e-07        7.98063e-05          0.0444075         0.00104664          0.0995412        1.19673e-06         5.4686e-20        3.82276e-21        1.27012e-18        2.77258e-18        0.000553519           0.121592        5.41805e-12        5.81176e-14        3.06582e-20            0.73276
129         0.00325274        2.51177e-05        4.25317e-06             101325            0.16933        4.25317e-06            2003.11                  0           0.999819          0.0993784             164743        1.72212e-05        9.54411e-07        7.95249e-05          0.0444069         0.00104485          0.0995428        1.19593e-06        4.94165e-20        3.45361e-21        1.14924e-18         2.5086e-18        0.000551272           0.121596        5.36926e-12        5.77002e-14        3.00715e-20            0.73276
130         0.00327785        2.51177e-05        4.25311e-06             101325           0.169328        4.25311e-06            2003.14                  0           0.999841          0.0878127             145295        1.71663e-05        9.49864e-07        7.92758e-05          0.0444062         0.00104326          0.0995442        1.19523e-06        4.46471e-20        3.11952e-21        1.03944e-18        2.26875e-18        0.000549281           0.121599        5.32629e-12        5.73319e-14        2.95487e-20            0.73276
131         0.00330297        2.51177e-05        4.25307e-06             101325           0.169326        4.25307e-06            2003.17                  0            0.99986          0.0774517             127942        1.71177e-05        9.45849e-07        7.90553e-05          0.0444057         0.00104185          0.0995454        1.19461e-06        4.03221e-20        2.81658e-21         9.3954e-19         2.0505e-18         0.00054752           0.121601        5.28846e-12        5.70072e-14        2.90825e-20            0.73276
132         0.00332809        2.51177e-05        4.25303e-06             101325           0.169324        4.25303e-06            2003.19                  0           0.999878          0.0681925             112489        1.70749e-05        9.42308e-07        7.88606e-05          0.0444052          0.0010406          0.0995464        1.19406e-06        3.63947e-20         2.5415e-21        8.48561e-19         1.8517e-18        0.000545964           0.121604        5.25519e-12        5.67213e-14        2.86665e-20            0.73276
133         0.00335321        2.51177e-05        4.25299e-06             101325           0.169323        4.25299e-06            2003.21                  0           0.999893          0.0599378            98753.6        1.70371e-05        9.39189e-07        7.86889e-05          0.0444048         0.00103949          0.0995474        1.19358e-06        3.28256e-20        2.29154e-21        7.65667e-19        1.67053e-18        0.000544591           0.121606        5.22596e-12        5.64697e-14        2.82951e-20            0.73276
134         0.00337832        2.51177e-05        4.25296e-06             101325           0.169322        4.25296e-06            2003.23                  0           0.999907          0.0525959            86568.5        1.70038e-05        9.36444e-07        7.85375e-05          0.0444045         0.00103852          0.0995482        1.19316e-06        2.95814e-20        2.06434e-21        6.90142e-19        1.50544e-18        0.000543381           0.121608         5.2003e-12        5.62486e-14        2.79636e-20            0.73276
135         0.00340344        2.51177e-05        4.25293e-06             101325            0.16932        4.25293e-06            2003.25                  0           0.999918          0.0460803              75779        1.69745e-05        9.34033e-07        7.84044e-05          0.0444041         0.00103766           0.099549         1.1928e-06        2.66331e-20        1.85787e-21        6.21363e-19        1.35508e-18        0.000542317            0.12161        5.17779e-12        5.60545e-14        2.76676e-20            0.73276
136         0.00342856        2.51177e-05        4.25291e-06             101325           0.169319        4.25291e-06            2003.26                  0           0.999929          0.0403111            66243.6        1.69488e-05        9.31917e-07        7.82875e-05          0.0444039         0.00103691          0.0995496        1.19247e-06        2.39555e-20        1.67037e-21        5.58787e-19        1.21826e-18        0.000541382           0.121611        5.15808e-12        5.58844e-14        2.74035e-20            0.73276
137         0.00345368        2.51177e-05        4.25289e-06             101325           0.169319        4.25289e-06            2003.27                  0           0.999938           0.035214            57832.8        1.69263e-05        9.30062e-07        7.81849e-05          0.0444036         0.00103625          0.0995502        1.19219e-06        2.15264e-20        1.50027e-21        5.01928e-19        1.09393e-18        0.000540563           0.121612        5.14083e-12        5.57354e-14         2.7168e-20            0.73276
138         0.00347879        2.51177e-05        4.25287e-06             101325           0.169318        4.25287e-06            2003.28                  0           0.999946          0.0307211            50428.9        1.69066e-05         9.2844e-07        7.80951e-05          0.0444034         0.00103567          0.0995507        1.19195e-06        1.93263e-20        1.34621e-21        4.50356e-19         9.8115e-19        0.000539845           0.121613        5.12576e-12        5.56051e-14        2.69583e-20            0.73276
139         0.00350391        2.51177e-05        4.25285e-06             101325           0.169317        4.25285e-06            2003.29                  0           0.999953          0.0267699            43925.2        1.68894e-05        9.27023e-07        7.80166e-05          0.0444032         0.00103516          0.0995511        1.19173e-06        1.73376e-20        1.20696e-21        4.03682e-19        8.79069e-19        0.000539218           0.121614        5.11262e-12        5.54915e-14        2.67718e-20            0.73276
140         0.00352903        2.51177e-05        4.25284e-06             101325           0.169317        4.25284e-06             2003.3                  0           0.999959          0.0233037            38225.1        1.68743e-05        9.25788e-07        7.79482e-05           0.044403         0.00103472          0.0995515        1.19154e-06        1.55445e-20        1.08141e-21        3.61554e-19        7.86924e-19        0.000538671           0.121615        5.10117e-12        5.53924e-14        2.66062e-20            0.73276
141         0.00355415        2.51177e-05        4.25282e-06             101325           0.169316        4.25282e-06            2003.31                  0           0.999965          0.0202709            33241.8        1.68613e-05        9.24714e-07        7.78886e-05          0.0444029         0.00103434          0.0995518        1.19138e-06        1.39329e-20        9.68567e-22        3.23655e-19        7.04024e-19        0.000538195           0.121616        5.09123e-12        5.53064e-14        2.64596e-20            0.73276
142         0.00357927        2.51177e-05        4.25281e-06             101325           0.169316        4.25281e-06            2003.31                  0           0.999969          0.0176254            28897.4        1.68499e-05        9.23783e-07        7.78369e-05          0.0444028           0.001034          0.0995521        1.19124e-06        1.24902e-20        8.67547e-22        2.89698e-19        6.29741e-19        0.000537782           0.121617        5.08261e-12        5.52318e-14        2.63301e-20            0.73276
143         0.00360438        2.51177e-05        4.25281e-06             101325           0.169315        4.25281e-06            2003.32                  0           0.999973          0.0153258            25123.1        1.68401e-05        9.22978e-07        7.77923e-05          0.0444027         0.00103371          0.0995524        1.19112e-06        1.12048e-20        7.77552e-22        2.59425e-19        5.63515e-19        0.000537425           0.121617        5.07517e-12        5.51674e-14        2.62163e-20            0.73276
144          0.0036295        2.51177e-05         4.2528e-06             101325           0.169315         4.2528e-06            2003.32                  0           0.999977          0.0133354            21857.6        1.68317e-05        9.22286e-07        7.77538e-05          0.0444026         0.00103346          0.0995526        1.19101e-06        1.00669e-20        6.97877e-22        2.32608e-19        5.04844e-19        0.000537118           0.121618        5.06878e-12         5.5112e-14        2.61167e-20            0.73276
145         0.00365462        2.51177e-05        4.25279e-06             101325           0.169315        4.25279e-06            2003.33                  0            0.99998          0.0116221            19047.7        1.68245e-05        9.21695e-07         7.7721e-05          0.0444025         0.00103325          0.0995527        1.19093e-06        9.06755e-21        6.27908e-22        2.09045e-19        4.53291e-19        0.000536856           0.121618        5.06332e-12        5.50646e-14        2.60302e-20            0.73276
146         0.00367974        2.51177e-05        4.25278e-06             101325           0.169315        4.25278e-06            2003.33                  0           0.999982           0.010158              16647        1.68184e-05        9.21194e-07        7.76931e-05          0.0444024         0.00103307          0.0995529        1.19085e-06        8.19942e-21        5.67125e-22        1.88566e-19        4.08486e-19        0.000536633           0.121619        5.05869e-12        5.50246e-14        2.59558e-20            0.73276
147         0.00370485        2.51177e-05        4.25278e-06             101325           0.169314        4.25278e-06            2003.33                  0           0.999985         0.00891941            14616.3        1.68133e-05        9.20775e-07        7.76698e-05          0.0444024         0.00103292           0.099553        1.19079e-06        7.45644e-21        5.15106e-22        1.71034e-19        3.70125e-19        0.000536447           0.121619        5.05483e-12         5.4991e-14        2.58928e-20            0.73276
148         0.00372997        2.51177e-05        4.25278e-06             101325           0.169314        4.25278e-06            2003.33                  0           0.999986         0.00788646            12922.9        1.68091e-05        9.20431e-07        7.76507e-05          0.0444023          0.0010328          0.0995531        1.19074e-06        6.83396e-21        4.71523e-22         1.5634e-19        3.37974e-19        0.000536294           0.121619        5.05165e-12        5.49635e-14        2.58403e-20            0.73276
149         0.00375509        2.51177e-05        4.25277e-06             101325           0.169314        4.25277e-06            2003.34                  0           0.999988         0.00704341              11541        1.68058e-05        9.20156e-07        7.76355e-05          0.0444023          0.0010327          0.0995532        1.19069e-06         6.3288e-21        4.36154e-22        1.44413e-19        3.11877e-19        0.000536173           0.121619        5.04912e-12        5.49416e-14        2.57981e-20            0.73276
150         0.00378021        2.51177e-05        4.25277e-06             101325           0.169314        4.25277e-06            2003.34                  0           0.999989         0.00637826            10450.6        1.68032e-05        9.19948e-07        7.76239e-05          0.0444023         0.00103262          0.0995533        1.19066e-06        5.93968e-21        4.08911e-22        1.35224e-19         2.9177e-19         0.00053608           0.121619         5.0472e-12        5.49249e-14        2.57657e-20            0.73276
151         0.00380532        2.51177e-05        4.25277e-06             101325           0.169314        4.25277e-06            2003.34                  0            0.99999         0.00588281            9638.45        1.68015e-05        9.19803e-07        7.76158e-05          0.0444023         0.00103257          0.0995533        1.19064e-06        5.66683e-21        3.89807e-22        1.28779e-19        2.77669e-19        0.000536016           0.121619        5.04587e-12        5.49134e-14         2.5743e-20            0.73276
152         0.00383044        2.51177e-05        4.25277e-06             101325           0.169314        4.25277e-06            2003.34                  0            0.99999         0.00555276            9097.43        1.68005e-05        9.19722e-07        7.76113e-05          0.0444022         0.00103254          0.0995534        1.19063e-06        5.51164e-21        3.78942e-22        1.25114e-19        2.69648e-19        0.000535979            0.12162        5.04512e-12        5.49068e-14        2.57302e-20            0.73276
