# Time 0.00045
# eta = 0.002
# length = 0.000574755
#--- 	  	 LEM Line data  --- 
#(1) wafer              (2) x             (3) dx              (4) m              (5) p            (6) rho              (7) m              (8) T              (9) Z             (10) C          (11) dCdt       (12) heatRel                  (13) Y_H2                  (14) Y_H                  (15) Y_O                  (16) Y_O2                  (17) Y_OH                  (18) Y_H2O                  (19) Y_HO2                  (20) Y_CH2                  (21) Y_CH2(S)                  (22) Y_CH3                  (23) Y_CH4                  (24) Y_CO                  (25) Y_CO2                  (26) Y_HCO                  (27) Y_CH2O                  (28) Y_CH2OH                  (29) Y_N2
0        1.25589e-05        2.51178e-05        2.84071e-05             101325            1.13095        2.84071e-05            300.186                  0                  0                  0                  0        6.63699e-09        2.13811e-17        4.06274e-12           0.222583        8.20356e-13        8.78292e-06        9.37532e-09         3.3576e-18        1.73633e-19        7.69116e-08          0.0446381        1.96868e-07        1.04141e-05        2.27669e-18        2.90217e-08        3.77047e-22            0.73276
1        3.76768e-05        2.51178e-05        2.83973e-05             101325            1.13056        2.83973e-05            300.289                  0        9.09123e-05        6.46297e-08           0.641569        1.08175e-08           4.01e-17        5.04091e-12           0.222574        1.21375e-12        1.36854e-05        1.42636e-08        7.62238e-18        3.94513e-19        1.20536e-07          0.0446358        3.23017e-07         1.6205e-05         5.1864e-18        4.67226e-08        8.58874e-22            0.73276
2        6.27946e-05        2.51178e-05         2.8379e-05             101325            1.12983         2.8379e-05            300.482                  0        0.000137244        9.33617e-08            1.29805        1.93112e-08        7.83047e-17        5.79112e-12           0.222558        1.89958e-12        2.29102e-05        2.30809e-08        2.03766e-17        1.05572e-18        2.03459e-07          0.0446316        5.82375e-07        2.70717e-05        1.39383e-17         8.1927e-08        2.30943e-21            0.73276
3        8.79124e-05        2.51178e-05        2.83461e-05             101325            1.12852        2.83461e-05            300.831                  0        0.000230204        1.49069e-07            3.22573        3.57828e-08        1.49732e-16         6.2737e-12           0.222528        3.09849e-12        3.95864e-05        3.84944e-08        5.80179e-17        3.01188e-18        3.54688e-07           0.044624        1.09158e-06        4.66615e-05        3.99659e-17        1.48767e-07        6.64234e-21            0.73276
4         0.00011303        2.51178e-05        2.82898e-05             101325            1.12628        2.82898e-05             301.43                  0        0.000397571        2.50942e-07            8.70348        6.63976e-08        2.68524e-16        6.28644e-12           0.222478        5.13631e-12        6.82275e-05        6.40809e-08        1.66615e-16        8.67547e-18        6.16936e-07          0.0446109         2.0521e-06        8.01902e-05        1.15884e-16        2.69951e-07        1.93892e-20            0.73276
5        0.000138148        2.51178e-05        2.81972e-05             101325             1.1226        2.81972e-05            302.419                  0        0.000684138        4.37605e-07            23.9047        1.21864e-07        4.44985e-16        5.70046e-12           0.222394         8.5624e-12         0.00011572        1.05074e-07        4.72428e-16        2.47039e-17        1.05644e-06          0.0445891         3.8225e-06        0.000135547        3.33015e-16        4.83301e-07        5.64062e-20            0.73276
6        0.000163266        2.51178e-05        2.80501e-05             101325            1.11674        2.80501e-05            304.004                  0         0.00115784        7.89084e-07            64.7315        2.20298e-07        6.93562e-16        4.56901e-12            0.22226        1.43155e-11        0.000192142        1.68873e-07        1.31186e-15        6.90874e-17        1.77189e-06           0.044554        7.02638e-06        0.000224141        9.41935e-16        8.49845e-07        1.63127e-19            0.73276
7        0.000188384        2.51178e-05         2.7824e-05             101325            1.10774         2.7824e-05            306.473                  0         0.00191742        1.47991e-06            170.102        3.91558e-07        1.09291e-15        3.16063e-12            0.22205        2.40392e-11        0.000311621        2.65643e-07        3.56418e-15        1.89708e-16         2.9045e-06           0.044499        1.27229e-05        0.000361717        2.62447e-15          1.465e-06        4.71491e-19            0.73276
8        0.000213502        2.51178e-05        2.74892e-05             101325            1.09441        2.74892e-05            310.203                  0          0.0031001        2.90804e-06            430.082        6.83427e-07        1.97578e-15        1.84933e-12           0.221732        4.07066e-11        0.000493058        4.09054e-07        9.48862e-15        5.12943e-16        4.64745e-06          0.0444154        2.26628e-05        0.000568883        7.22823e-15        2.47284e-06        1.37537e-18            0.73276
9        0.000238619        2.51178e-05        2.70131e-05             101325            1.07546        2.70131e-05            315.666                  0         0.00488732        6.01402e-06            1040.93        1.16977e-06        4.41204e-15        9.00844e-13           0.221264        6.98614e-11        0.000760444        6.17297e-07        2.48207e-14        1.37125e-15        7.25204e-06          0.0442919        3.96468e-05        0.000871009        1.97773e-14        4.08252e-06        4.09731e-18            0.73276
10        0.000263737        2.51178e-05        2.63653e-05             101325            1.04967        2.63653e-05            323.415                  0         0.00750583        1.30786e-05            2404.28        1.96013e-06        1.15299e-14        3.64336e-13           0.220597         1.2228e-10         0.00114249         9.1465e-07        6.40414e-14        3.64297e-15         1.1027e-05           0.044115        6.79796e-05         0.00129715        5.40801e-14        6.58409e-06        1.26216e-17            0.73276
11        0.000288855        2.51178e-05        2.55253e-05             101325            1.01622        2.55253e-05            334.047                  0           0.011221        2.97781e-05            5292.69        3.20918e-06        3.24641e-14        1.24476e-13           0.219676        2.19439e-10         0.00167132        1.33396e-06        1.63574e-13        9.65639e-15        1.63277e-05          0.0438693        0.000113967         0.00187781        1.48571e-13        1.03589e-05         4.0569e-17            0.73276
12        0.000313973        2.51178e-05        2.44898e-05             101325           0.974996        2.44898e-05            348.153                  0          0.0163208        7.04976e-05            11109.3        5.12317e-06        9.44113e-14        4.11771e-14           0.218446        4.04679e-10         0.00238038        1.92041e-06        4.14173e-13        2.55649e-14        2.35336e-05          0.0435388        0.000186338         0.00264171        4.10887e-13        1.58791e-05         1.3631e-16            0.73276
13        0.000339091        2.51178e-05        2.32775e-05             101325           0.926732        2.32775e-05            366.256                  0           0.023091        0.000172066            22282.9        7.95999e-06         2.7852e-13        2.99945e-14           0.216854        7.64652e-10         0.00330177        2.73671e-06        1.03728e-12        6.73387e-14        3.30185e-05          0.0431076        0.000296435         0.00361242        1.14068e-12        2.36906e-05        4.74842e-16            0.73276
14        0.000364209        2.51178e-05        2.19276e-05             101325           0.872988        2.19276e-05             388.76                  0          0.0317876        0.000428296            42874.9        1.20205e-05        8.21703e-13        8.39256e-14           0.214856        1.46761e-09         0.00446387        3.86939e-06        2.55396e-12        1.74936e-13        4.51196e-05          0.0425615        0.000458015          0.0048056        3.15436e-12        3.43803e-05        1.68589e-15            0.73276
15        0.000389326        2.51178e-05        2.04925e-05             101325           0.815855        2.04925e-05            415.918                  0          0.0426133         0.00107271            79550.7        1.76313e-05        2.39407e-12        3.38287e-13           0.212415        2.82425e-09         0.00588976        5.43556e-06        6.12821e-12        4.42895e-13        6.01148e-05          0.0418885        0.000686631         0.00622798         8.5959e-12        4.85331e-05        5.97298e-15            0.73276
16        0.000414444        2.51178e-05         1.9028e-05             101325            0.75755         1.9028e-05            447.832                  0          0.0557051         0.00266236             143195        2.51233e-05        6.83536e-12         1.4465e-12           0.209509        5.37127e-09         0.00759689        7.58954e-06        1.42024e-11        1.07963e-12        7.82164e-05          0.0410792        0.000998707         0.00787819        2.28411e-11        6.66875e-05        2.07325e-14            0.73276
17        0.000439562        2.51178e-05        1.75837e-05             101325            0.70005        1.75837e-05             484.48                  0           0.071137         0.00644821             251628        3.48106e-05        1.91766e-11        6.29749e-12           0.206122        9.96922e-09         0.00959773        1.05288e-05        3.15926e-11        2.51126e-12        9.95812e-05          0.0401265         0.00141053         0.00974893        5.87667e-11        8.93027e-05        6.98475e-14            0.73276
18         0.00046468        2.51178e-05        1.61978e-05             101325           0.644871        1.61978e-05            525.746                  0          0.0889339          0.0150442             434152        4.69743e-05        5.35433e-11        2.74619e-11           0.202244         1.7915e-08          0.0119012        1.44988e-05        6.74197e-11        5.55797e-12        0.000124333          0.0390252         0.00193738          0.0118299        1.46265e-10        0.000116738        2.29255e-13            0.73276
19        0.000489798        2.51178e-05        1.48952e-05             101325           0.593013        1.48952e-05             571.47                  0           0.109091          0.0335312             739324        6.18548e-05        1.51433e-10        1.18504e-10           0.197868        3.11489e-08          0.0145141         1.9797e-05         1.3925e-10        1.17796e-11        0.000152591          0.0377708         0.00259299          0.0141103        3.54567e-10        0.000149248        7.45226e-13            0.73276
20        0.000514916        2.51178e-05        1.36895e-05             101325           0.545013        1.36895e-05            621.469                  0           0.131593          0.0713104        1.24983e+06        7.96494e-05        4.38658e-10        5.00297e-10            0.19299        5.29144e-08          0.0174423        2.67731e-05        2.84724e-10         2.4377e-11        0.000184502            0.03636         0.00338924          0.0165809        8.49501e-10        0.000186982        2.45041e-12            0.73276
21        0.000540033        2.51178e-05        1.25853e-05             101325           0.501051        1.25853e-05            675.571                  0           0.156429           0.146057        2.11679e+06        0.000100515        1.29739e-09        2.04195e-09           0.187602         9.0059e-08          0.0206917        3.58251e-05        5.99298e-10        5.10388e-11        0.000220266           0.034789         0.00433609          0.0192348        2.05208e-09        0.000229986        8.24692e-12            0.73276
22        0.000565151        2.51178e-05         1.1581e-05             101325           0.461068         1.1581e-05            733.619                  0           0.183599           0.295451        3.65144e+06        0.000124572         3.8587e-09        7.96088e-09           0.181697          1.605e-07          0.0242684        4.73821e-05        1.36003e-09        1.13192e-10         0.00026017          0.0330545          0.0054417          0.0220681        5.09145e-09        0.000278213        2.82173e-11            0.73276
23        0.000590269        2.51178e-05        1.06715e-05             101325           0.424859        1.06715e-05            795.477                  0           0.213119           0.617432        6.58054e+06        0.000151912        1.13247e-08        2.93318e-08           0.175266         3.1551e-07          0.0281786        6.18625e-05        3.41125e-09        2.74609e-10        0.000304628           0.031153         0.00671242          0.0250793         1.3076e-08        0.000331517        9.61641e-11            0.73276
24        0.000615387        2.51178e-05         9.8498e-06             101325           0.392144         9.8498e-06            861.027                  0           0.245018             1.4057        1.27385e+07        0.000182598        3.22993e-08        1.01349e-07           0.168303        7.01107e-07          0.0324275        7.95859e-05        9.28048e-09        7.23442e-10        0.000354236          0.0290811         0.00815274          0.0282688        3.44744e-08        0.000389653        3.19194e-10            0.73276
25        0.000640505        2.51178e-05        9.10813e-06             101325           0.362616        9.10813e-06            930.159                  0           0.279326            3.57051        2.68404e+07        0.000216663        8.87349e-08        3.27154e-07           0.160801        1.71456e-06          0.0370186        0.000100604        2.61489e-08        1.98839e-09        0.000409834          0.0268366         0.00976499          0.0316376        9.14251e-08        0.000452254        1.01462e-09            0.73276
26        0.000665623        2.51178e-05        8.43892e-06             101325           0.335973        8.43892e-06            1002.75                  0           0.316068            9.82227        6.07373e+07        0.000254104        2.34068e-07        9.86521e-07           0.152762        4.37386e-06            0.04195        0.000124406        7.30725e-08        5.45887e-09         0.00047246           0.024419          0.0115484          0.0351854        2.38244e-07        0.000518767        3.05598e-09            0.73276
27        0.000690741        2.51178e-05        7.83519e-06             101325           0.311937        7.83519e-06            1078.63                  0           0.355235            27.6613        1.42907e+08         0.00029485        5.92596e-07         2.7864e-06           0.144199        1.11243e-05          0.0472119        0.000149456        1.96846e-07        1.45175e-08        0.000542906          0.0218317          0.0134978          0.0389096        5.98075e-07         0.00058829        8.66657e-09           0.732759
28        0.000715858        2.51178e-05        7.29089e-06             101325           0.290268        7.29089e-06            1157.54                  0           0.396764            76.0626        3.37719e+08        0.000338736        1.43908e-06        7.40147e-06           0.135133        2.74572e-05          0.0527853        0.000172659        5.02857e-07        3.67255e-08         0.00062035          0.0190828          0.0156035          0.0428073        1.42551e-06        0.000659247        2.30427e-08           0.732759
29        0.000740976        2.51178e-05        6.80123e-06             101325           0.270773        6.80123e-06               1239                  0           0.440549            198.246        7.79373e+08        0.000385348        3.34032e-06        1.85491e-05           0.125599        6.47918e-05          0.0586344         0.00018914        1.20383e-06        8.72521e-08        0.000699205          0.0161907          0.0178475           0.046876        3.18728e-06         0.00072853         5.7127e-08           0.732758
30        0.000766094        2.51178e-05        6.36322e-06             101325           0.253335        6.36322e-06             1322.1                  0           0.486398             479.96        1.71522e+09         0.00043357        7.35003e-06         4.3878e-05           0.115672        0.000144592           0.064684        0.000193319        2.66001e-06         1.9168e-07        0.000764101          0.0131989          0.0201905          0.0511105        6.58507e-06         0.00078957        1.30551e-07           0.732758
31        0.000791212        2.51178e-05        5.97663e-06             101325           0.237944        5.97663e-06            1405.15                  0           0.533882            1057.83        3.50947e+09        0.000480655        1.51205e-05        9.76469e-05           0.105509        0.000301618          0.0707808         0.00018179        5.27997e-06         3.7912e-07        0.000786366          0.0101988          0.0225456          0.0554985        1.22731e-05         0.00082887        2.68268e-07           0.732757
32         0.00081633        2.51178e-05        5.64493e-06             101325           0.224738        5.64493e-06            1485.03                  0            0.58212            2067.69        6.46093e+09        0.000520754         2.8497e-05        0.000202807          0.0954265        0.000579291          0.0766482        0.000155818        8.96838e-06        6.44046e-07        0.000732468         0.00735314          0.0247314          0.0600133        1.98556e-05        0.000822632         4.7257e-07           0.732756
33        0.000841448        2.51178e-05        5.37457e-06             101325           0.213974        5.37457e-06            1557.14                  0           0.629498            3465.88         1.0239e+10        0.000544409        4.80191e-05          0.0003875          0.0859532         0.00100627          0.0818809        0.000121293        1.21661e-05        8.79273e-07        0.000594373         0.00488518          0.0264379          0.0646025        2.65064e-05         0.00074378        6.65732e-07           0.732756
34        0.000866565        2.51178e-05        5.17001e-06             101325            0.20583        5.17001e-06            1616.69                  0           0.673655            4822.55        1.32805e+10        0.000543304        7.11224e-05        0.000666407            0.07772         0.00155809          0.0860738        8.65609e-05        1.25702e-05        9.21134e-07        0.000415354         0.00298967           0.027311          0.0691758        2.80998e-05        0.000591944        7.14954e-07           0.732756
35        0.000891683        2.51178e-05        5.02634e-06             101325            0.20011        5.02634e-06            1661.76                  0           0.712245            5514.53        1.37272e+10        0.000519823         9.3159e-05         0.00101073          0.0711471         0.00214702          0.0890501        5.83597e-05         1.0184e-05         7.6006e-07        0.000256974         0.00171165          0.0271962          0.0736042        2.39087e-05        0.000413314        6.01373e-07           0.732756
36        0.000916801        2.51178e-05        4.92922e-06             101325           0.196244        4.92922e-06            1694.28                  0           0.744187            5326.24        1.16424e+10        0.000486697        0.000110826         0.00135401          0.0662384         0.00267606          0.0909453         3.8918e-05        6.98364e-06        5.31003e-07        0.000147315        0.000938079          0.0262653          0.0777557        1.72384e-05         0.00026083        4.26312e-07           0.732757
37        0.000941919        2.51178e-05        4.86258e-06             101325           0.193591        4.86258e-06            1717.95                  0           0.769969            4589.41        8.64688e+09        0.000455672        0.000123325         0.00164008          0.0626937         0.00309592          0.0920591        2.68661e-05        4.35695e-06        3.36739e-07        8.11956e-05        0.000501846           0.024852          0.0815412        1.11984e-05         0.00015455        2.73297e-07           0.732758
38        0.000967037        2.51178e-05        4.81426e-06             101325           0.191667        4.81426e-06            1736.06                  0           0.790815            3728.73        6.01098e+09        0.000431634        0.000131257         0.00184835          0.0601376         0.00340562          0.0926824        1.97903e-05        2.58831e-06        2.02774e-07        4.39434e-05        0.000265321          0.0232485          0.0849284        6.85519e-06        8.84361e-05        1.65915e-07           0.732758
39        0.000992155        2.51178e-05        4.77674e-06             101325           0.190173        4.77674e-06            1750.78                  0           0.807937            2970.97        4.13188e+09        0.000414514        0.000135569         0.00198403          0.0582552         0.00362557           0.093026        1.57038e-05        1.49987e-06        1.18816e-07        2.36074e-05        0.000139605          0.0216392          0.0879263        4.06125e-06        4.96854e-05        9.78325e-08           0.732759
40         0.00101727        2.51178e-05        4.74574e-06             101325           0.188939        4.74574e-06             1763.4                  0           0.822278            2373.75        2.92394e+09        0.000402447        0.000137135         0.00206188           0.056823         0.00377866          0.0932225        1.33167e-05        8.58518e-07        6.86337e-08        1.26618e-05        7.34001e-05          0.0201193          0.0905652        2.36435e-06        2.76628e-05        5.67968e-08           0.732759
41         0.00104239        2.51178e-05         4.7189e-06             101325            0.18787         4.7189e-06            1774.63                  0            0.83451            1920.92        2.18097e+09        0.000393474         0.00013666         0.00209708           0.055694         0.00388353          0.0933486        1.18727e-05        4.88727e-07        3.93644e-08        6.80227e-06        3.86541e-05          0.0187285          0.0928838        1.36535e-06        1.53442e-05        3.27092e-08           0.732759
42         0.00106751        2.51178e-05        4.69493e-06             101325           0.186916        4.69493e-06            1784.89                  0           0.845104            1578.59        1.72545e+09        0.000386099         0.00013469         0.00210198          0.0547742         0.00395371          0.0934466        1.09486e-05         2.7777e-07         2.2509e-08        3.66751e-06        2.04194e-05          0.0174765          0.0949219        7.87246e-07        8.50636e-06        1.87672e-08            0.73276
43         0.00109263        2.51178e-05        4.67311e-06             101325           0.186047        4.67311e-06             1794.4                  0           0.854393             1316.1        1.43777e+09        0.000379339        0.000131637         0.00208579          0.0540034          0.0039986          0.0935379        1.03124e-05        1.57975e-07        1.28633e-08         1.9869e-06         1.0831e-05          0.0163579          0.0967172        4.55764e-07        4.72215e-06        1.07554e-08            0.73276
44         0.00111774        2.51178e-05        4.65298e-06             101325           0.185246        4.65298e-06            1803.29                  0           0.862622            1110.64        1.24567e+09        0.000372619        0.000127818         0.00205507          0.0533427         0.00402464           0.093633        9.83813e-06        9.00238e-08        7.35734e-09        1.08245e-06        5.77239e-06           0.015361          0.0983037        2.66459e-07         2.6282e-06        6.16637e-09            0.73276
45         0.00114286        2.51178e-05        4.63427e-06             101325           0.184501        4.63427e-06            1811.66                  0           0.869975            946.396        1.10795e+09        0.000365639         0.00012347         0.00201441          0.0527661         0.00403632           0.093736        9.45739e-06        5.14436e-08        4.21552e-09        5.93298e-07        3.09254e-06          0.0144718          0.0997116        1.58378e-07        1.46769e-06        3.54011e-09            0.73276
46         0.00116798        2.51178e-05        4.61678e-06             101325           0.183805        4.61678e-06            1819.57                  0           0.876597            812.655        1.00182e+09        0.000358274        0.000118775         0.00196702          0.0522557         0.00403679          0.0938479        9.13266e-06        2.94916e-08        2.42086e-09        3.27266e-07        1.66606e-06          0.0136764           0.100967        9.64818e-08        8.22749e-07        2.03627e-09            0.73276
47          0.0011931        2.51178e-05        4.60037e-06             101325           0.183152        4.60037e-06            1827.06                  0           0.882603            702.116        9.14863e+08        0.000350501        0.000113873         0.00191516          0.0517988          0.0040283          0.0939681        8.84312e-06        1.69649e-08        1.39382e-09        1.81699e-07        9.02793e-07          0.0129619           0.102093        6.08021e-08        4.63109e-07        1.17391e-09            0.73276
48         0.00121822        2.51178e-05        4.58493e-06             101325           0.182537        4.58493e-06            1834.19                  0           0.888085            609.694          8.403e+08        0.000342355        0.000108867         0.00186042          0.0513859         0.00401255          0.0940954          8.577e-06        9.79325e-09        8.04703e-10        1.01542e-07        4.92128e-07          0.0123169           0.103108        4.00108e-08        2.61784e-07        6.78416e-10            0.73276
49         0.00124333        2.51178e-05        4.57035e-06             101325           0.181956        4.57035e-06            1840.97                  0           0.893122            531.737        7.74405e+08        0.000333892        0.000103838         0.00180395          0.0510098         0.00399079          0.0942284        8.32743e-06        5.67311e-09        4.65894e-10        5.71162e-08        2.69902e-07          0.0117313           0.104029        2.76958e-08         1.4862e-07        3.93061e-10            0.73276
50         0.00126845        2.51178e-05        4.55655e-06             101325           0.181407        4.55655e-06            1847.43                  0           0.897777            465.532        7.15056e+08        0.000325182        9.88459e-05         0.00174658          0.0506648         0.00396404          0.0943656        8.09026e-06         3.2977e-09        2.70502e-10        3.23332e-08        1.48935e-07          0.0111966            0.10487         2.0229e-08        8.47391e-08         2.2832e-10            0.73276
51         0.00129357        2.51178e-05        4.54347e-06             101325           0.180886        4.54347e-06            1853.61                  0           0.902103                409        6.60989e+08        0.000316291        9.39337e-05         0.00168893          0.0503465         0.00393306          0.0945058        7.86289e-06        1.92337e-09        1.57502e-10        1.84183e-08        8.26909e-08          0.0107052           0.105642        1.55552e-08        4.85239e-08        1.32969e-10            0.73276
52         0.00131869        2.51178e-05        4.53103e-06             101325           0.180391        4.53103e-06            1859.53                  0           0.906146            360.507        6.11397e+08        0.000307282        8.91344e-05         0.00163144           0.050051          0.0038985          0.0946478        7.64358e-06        1.12548e-09        9.19655e-11        1.05558e-08        4.61934e-08          0.0102512           0.106356        1.25074e-08        2.79047e-08        7.76399e-11            0.73276
53          0.0013438        2.51178e-05        4.51919e-06             101325            0.17992        4.51919e-06             1865.2                  0           0.909943             318.74         5.6572e+08         0.00029821        8.44709e-05         0.00157445          0.0497754         0.00386087          0.0947907        7.43112e-06        6.60701e-10        5.38494e-11        6.08536e-09        2.59624e-08         0.00982911           0.107019        1.04211e-08        1.61153e-08        4.54508e-11            0.73276
54         0.00136892        2.51178e-05         4.5079e-06             101325            0.17947         4.5079e-06            1870.65                  0           0.913525            282.629        5.23539e+08        0.000289122         7.9959e-05         0.00151821          0.0495172          0.0038206          0.0949338        7.22463e-06        3.89072e-10        3.16191e-11        3.52823e-09          1.468e-08         0.00943458           0.107639        8.91526e-09        9.34633e-09        2.66761e-11            0.73276
55         0.00139404        2.51178e-05        4.49711e-06             101325            0.17904        4.49711e-06            1875.88                  0           0.916921            251.291        4.84518e+08        0.000280058         7.5609e-05         0.00146289          0.0492743         0.00377805          0.0950764        7.02344e-06        2.29823e-10         1.8618e-11        2.05694e-09        8.35007e-09         0.00906386           0.108222        7.77034e-09        5.44392e-09        1.56976e-11            0.73276
56         0.00141916        2.51178e-05        4.48678e-06             101325           0.178629        4.48678e-06            1880.92                  0           0.920151            223.995        4.48375e+08        0.000271049         7.1427e-05         0.00140862          0.0490448         0.00373352          0.0952181        6.82701e-06        1.36169e-10        1.09935e-11        1.20562e-09        4.77752e-09         0.00871382           0.108772         6.8583e-09        3.18501e-09        9.26167e-12            0.73276
57         0.00144428        2.51178e-05        4.47688e-06             101325           0.178235        4.47688e-06            1885.78                  0           0.923235            200.133        4.14864e+08        0.000262123        6.74157e-05         0.00135552          0.0488273         0.00368727          0.0953584        6.63493e-06        8.09253e-11        6.50991e-12        7.10315e-10        2.74932e-09         0.00838182           0.109293        6.10347e-09        1.87221e-09        5.47908e-12            0.73276
58         0.00146939        2.51178e-05        4.46738e-06             101325           0.177857        4.46738e-06            1890.47                  0            0.92619            179.195        3.83769e+08        0.000253302        6.35758e-05         0.00130363          0.0486205          0.0036395           0.095497        6.44686e-06        4.82405e-11        3.86608e-12        4.20623e-10         1.5912e-09         0.00806565            0.10979        5.46029e-09         1.1062e-09        3.25024e-12            0.73276
59         0.00149451        2.51178e-05        4.45826e-06             101325           0.177494        4.45826e-06               1895                  0           0.929029            160.755        3.54895e+08        0.000244602        5.99057e-05         0.00125301          0.0484235         0.00359041          0.0956337        6.26251e-06        2.88453e-11        2.30276e-12        2.50317e-10        9.26123e-10         0.00776346           0.110265        4.90058e-09        6.57439e-10        1.93351e-12            0.73276
60         0.00151963        2.51178e-05        4.44948e-06             101325           0.177144        4.44948e-06            1899.37                  0           0.931763            144.456        3.28068e+08        0.000236038        5.64027e-05         0.00120369          0.0482351         0.00354016          0.0957683        6.08165e-06        1.73019e-11        1.37577e-12        1.49694e-10        5.42038e-10          0.0074737            0.11072        4.40636e-09        3.93447e-10        1.15356e-12            0.73276
61         0.00154475        2.51178e-05        4.44103e-06             101325           0.176808        4.44103e-06            1903.61                  0           0.934401            129.998        3.03132e+08        0.000227621        5.30634e-05         0.00115567          0.0480548         0.00348888          0.0959007         5.9041e-06        1.04111e-11        8.24515e-13        8.99535e-11        3.18996e-10         0.00719507           0.111158        3.96564e-09        2.37476e-10        6.90315e-13            0.73276
62         0.00156986        2.51178e-05        4.43289e-06             101325           0.176484        4.43289e-06            1907.71                  0           0.936954             117.13        2.79946e+08         0.00021936        4.98835e-05         0.00110898          0.0478818          0.0034367          0.0960307        5.72971e-06        6.28523e-12        4.95739e-13        5.43142e-11        1.88764e-10         0.00692651            0.11158         3.5701e-09        1.44894e-10        4.14397e-13            0.73276
63         0.00159498        2.51178e-05        4.42504e-06             101325           0.176171        4.42504e-06            1911.68                  0           0.939425             105.64        2.58381e+08        0.000211261        4.68583e-05          0.0010636          0.0477157         0.00338372          0.0961583        5.55836e-06        3.80717e-12         2.9906e-13        3.29524e-11         1.1231e-10         0.00666711           0.111988        3.21362e-09        8.96536e-11         2.4958e-13            0.73276
64          0.0016201        2.51178e-05        4.41747e-06             101325            0.17587        4.41747e-06            1915.52                  0           0.941823            95.3502         2.3832e+08        0.000203331        4.39829e-05         0.00101954          0.0475559         0.00333005          0.0962835        5.38997e-06        2.31413e-12        1.81036e-13        2.00884e-11        6.71867e-11         0.00641613           0.112382        2.89154e-09        5.64959e-11        1.50832e-13            0.73276
65         0.00164522        2.51178e-05        4.41016e-06             101325           0.175579        4.41016e-06            1919.25                  0           0.944151            86.1092         2.1966e+08        0.000195574        4.12522e-05        0.000976784          0.0474021         0.00327578          0.0964061        5.22447e-06        1.41165e-12        1.09984e-13        1.23055e-11        4.04121e-11         0.00617296           0.112764         2.6001e-09          3.645e-11        9.14824e-14            0.73276
66         0.00167034        2.51178e-05         4.4031e-06             101325           0.175298         4.4031e-06            1922.86                  0           0.946413            77.7902        2.02302e+08        0.000187992        3.86613e-05        0.000935321          0.0472539         0.00322098          0.0965261        5.06184e-06        8.64305e-13         6.7067e-14        7.57478e-12        2.44405e-11         0.00593711           0.113135        2.33621e-09        2.42227e-11        5.56959e-14            0.73276
67         0.00169545        2.51178e-05        4.39629e-06             101325           0.175027        4.39629e-06            1926.37                  0           0.948612            70.2852         1.8616e+08         0.00018059        3.62049e-05        0.000895138          0.0471111         0.00316572          0.0966436        4.90206e-06        5.31209e-13        4.10545e-14        4.68576e-12        1.48625e-11         0.00570816           0.113494        2.09722e-09        1.66793e-11        3.40436e-14            0.73276
68         0.00172057        2.51178e-05         4.3897e-06             101325           0.174764         4.3897e-06            1929.76                  0           0.950752            63.5024        1.71154e+08         0.00017337        3.38782e-05        0.000856221          0.0469735          0.0031101          0.0967585        4.74513e-06        3.27775e-13        2.52317e-14        2.91314e-12        9.08811e-12         0.00548578           0.113844        1.88081e-09        1.19564e-11        2.08964e-14            0.73276
69         0.00174569        2.51178e-05        4.38335e-06             101325           0.174511        4.38335e-06            1933.06                  0           0.952833            57.3633         1.5721e+08        0.000166333        3.16761e-05        0.000818556          0.0468408         0.00305416          0.0968708        4.59107e-06        2.03074e-13        1.55712e-14         1.8203e-12        5.58824e-12         0.00526971           0.114183        1.68496e-09        8.94241e-12        1.28836e-14            0.73276
70         0.00177081        2.51178e-05         4.3772e-06             101325           0.174267         4.3772e-06            1936.25                  0           0.954859            51.8003        1.44259e+08        0.000159482        2.95938e-05        0.000782127          0.0467128         0.00299799          0.0969804        4.43992e-06        1.26345e-13        9.65057e-15        1.14332e-12        3.45557e-12         0.00505973           0.114513        1.50783e-09        6.97109e-12        7.98097e-15            0.73276
71         0.00179593        2.51178e-05        4.37127e-06             101325           0.174031        4.37127e-06            1939.34                  0            0.95683            46.7553         1.3224e+08        0.000152816        2.76267e-05        0.000746919          0.0465896         0.00294164          0.0970875        4.29175e-06        7.89484e-14        6.00751e-15        7.21882e-13          2.149e-12         0.00485569           0.114834        1.34779e-09        5.64175e-12         4.9689e-15            0.73276
72         0.00182104        2.51178e-05        4.36555e-06             101325           0.173803        4.36555e-06            1942.34                  0           0.958747            42.1778        1.21093e+08        0.000146338        2.57701e-05        0.000712915          0.0464708         0.00288519           0.097192        4.14659e-06        4.95525e-14        3.75669e-15        4.58228e-13        1.34416e-12         0.00465746           0.115145        1.20332e-09        4.71221e-12        3.11033e-15            0.73276
73         0.00184616        2.51178e-05        4.36002e-06             101325           0.173583        4.36002e-06            1945.24                  0           0.960611            38.0235        1.10764e+08        0.000140049        2.40196e-05          0.0006801          0.0463565         0.00282869          0.0972938        4.00454e-06        3.12449e-14        2.36018e-15        2.92452e-13        8.45667e-13         0.00446494           0.115447        1.07307e-09        4.03534e-12        1.95828e-15            0.73276
74         0.00187128        2.51178e-05        4.35469e-06             101325            0.17337        4.35469e-06            1948.05                  0           0.962423            34.2536        1.01203e+08        0.000133948        2.23708e-05        0.000648457          0.0462466         0.00277221          0.0973931        3.86568e-06        1.97942e-14        1.48993e-15        1.87682e-13        5.35191e-13         0.00427804           0.115741        9.55775e-10        3.52128e-12        1.24071e-15            0.73276
75          0.0018964        2.51178e-05        4.34954e-06             101325           0.173165        4.34954e-06            1950.77                  0           0.964184            30.8338        9.23614e+07        0.000128036        2.08193e-05        0.000617971          0.0461409         0.00271583          0.0974897        3.73008e-06        1.26008e-14        9.45208e-16        1.21124e-13        3.40733e-13         0.00409673           0.116026        8.50296e-10        3.11472e-12        7.91469e-16            0.73276
76         0.00192151        2.51178e-05        4.34458e-06             101325           0.172968        4.34458e-06            1953.39                  0           0.965893            27.7334        8.41949e+07        0.000122315        1.93612e-05        0.000588626          0.0460394         0.00265959          0.0975837        3.59784e-06         8.0613e-15        6.02667e-16        7.86157e-14        2.18248e-13         0.00392096           0.116302        7.55573e-10        2.78138e-12        5.08665e-16            0.73276
77         0.00194663        2.51178e-05         4.3398e-06             101325           0.172778         4.3398e-06            1955.93                  0           0.967551            24.9248         7.6661e+07        0.000116782        1.79923e-05        0.000560404          0.0459421         0.00260357          0.0976751        3.46907e-06        5.18338e-15         3.8625e-16        5.13219e-14        1.40652e-13         0.00375069            0.11657        6.70633e-10        2.49976e-12         3.2959e-16            0.73276
78         0.00197175        2.51178e-05        4.33521e-06             101325           0.172595        4.33521e-06            1958.38                  0           0.969158            22.3832        6.97201e+07        0.000111439        1.67087e-05        0.000533289          0.0458488         0.00254785          0.0977639        3.34385e-06        3.35018e-15        2.48857e-16        3.37011e-14        9.12093e-14          0.0035859           0.116829        5.94581e-10        2.25619e-12        2.15477e-16            0.73276
79         0.00199687        2.51178e-05        4.33078e-06             101325           0.172419        4.33078e-06            1960.74                  0           0.970714            20.0861        6.33341e+07        0.000106285        1.55064e-05        0.000507263          0.0457595         0.00249247            0.09785        3.22228e-06        2.17679e-15          1.612e-16        2.22623e-14        5.95194e-14         0.00342658           0.117079        5.26591e-10        2.04183e-12        1.42261e-16            0.73276
80         0.00202199        2.51178e-05        4.32653e-06             101325           0.172249        4.32653e-06            1963.02                  0            0.97222            18.0126        5.74673e+07        0.000101319        1.43818e-05        0.000482309          0.0456742         0.00243752          0.0979336        3.10445e-06        1.42201e-15        1.04994e-16        1.47948e-14        3.90873e-14         0.00327269           0.117321        4.65903e-10        1.85084e-12        9.49332e-17            0.73276
81          0.0020471        2.51178e-05        4.32244e-06             101325           0.172086        4.32244e-06            1965.21                  0           0.973675             16.144        5.20856e+07        9.65401e-05        1.33311e-05        0.000458408          0.0455928         0.00238306          0.0980146        2.99045e-06        9.34043e-16        6.87678e-17        9.89227e-15        2.58345e-14         0.00312423           0.117554        4.11819e-10        1.67922e-12        6.40919e-17            0.73276
82         0.00207222        2.51178e-05        4.31852e-06             101325            0.17193        4.31852e-06            1967.32                  0            0.97508            14.4626        4.71566e+07        9.19472e-05        1.23506e-05        0.000435541          0.0455151         0.00232917           0.098093        2.88036e-06        6.16953e-16        4.52971e-17         6.6551e-15        1.71862e-14         0.00298115           0.117779        3.63696e-10        1.52416e-12        4.38156e-17            0.73276
83         0.00209734        2.51178e-05        4.31476e-06             101325           0.171781        4.31476e-06            1969.35                  0           0.976436            12.9523        4.26497e+07        8.75388e-05         1.1437e-05        0.000413688          0.0454413          0.0022759          0.0981688        2.77425e-06        4.09822e-16        3.00094e-17        4.50516e-15        1.15081e-14         0.00284344           0.117995        3.20945e-10        1.38358e-12        3.03563e-17            0.73276
84         0.00212246        2.51178e-05        4.31115e-06             101325           0.171637        4.31115e-06            1971.29                  0           0.977741            11.5981        3.85354e+07        8.33131e-05        1.05867e-05         0.00039283          0.0453711         0.00222332           0.098242        2.67219e-06          2.738e-16        1.99978e-17        3.06891e-15         7.7569e-15         0.00271106           0.118203        2.83025e-10        1.25589e-12        2.13284e-17            0.73276
85         0.00214758        2.51178e-05         4.3077e-06             101325             0.1715         4.3077e-06            1973.16                  0           0.978997            10.3861        3.47859e+07        7.92678e-05        9.79645e-06        0.000372944          0.0453045         0.00217152          0.0983127        2.57423e-06        1.83992e-16        1.34053e-17        2.10377e-15        5.26333e-15         0.00258397           0.118403        2.49442e-10         1.1398e-12        1.52044e-17            0.73276
86         0.00217269        2.51178e-05        4.30441e-06             101325           0.171369        4.30441e-06            1974.94                  0           0.980205            9.30338        3.13748e+07        7.54007e-05        9.06288e-06         0.00035401          0.0452414         0.00212054          0.0983808         2.4804e-06        1.24373e-16        9.04017e-18        1.45132e-15        3.59531e-15          0.0024621           0.118594        2.19745e-10        1.03425e-12        1.09999e-17            0.73276
87         0.00219781        2.51178e-05        4.30126e-06             101325           0.171243        4.30126e-06            1976.65                  0           0.981363            8.33791        2.82768e+07         7.1709e-05        8.38287e-06        0.000336005          0.0451817         0.00207046          0.0984464        2.39074e-06        8.45758e-17         6.1335e-18        1.00762e-15        2.47248e-15         0.00234542           0.118777        1.93521e-10        9.38314e-13         8.0763e-18            0.73276
88         0.00222293        2.51178e-05        4.29825e-06             101325           0.171124        4.29825e-06            1978.29                  0           0.982474            7.47854        2.54681e+07        6.81897e-05        7.75332e-06        0.000318904          0.0451254         0.00202133          0.0985095        2.30526e-06        5.78606e-17        4.18697e-18        7.04055e-16        1.71183e-15         0.00223383           0.118953        1.70397e-10        8.51175e-13        6.01631e-18            0.73276
89         0.00224805        2.51178e-05        4.29539e-06             101325           0.171009        4.29539e-06            1979.85                  0           0.983537             6.7149        2.29261e+07        6.48395e-05        7.17125e-06        0.000302684          0.0450723         0.00197323          0.0985701        2.22395e-06        3.98258e-17        2.87591e-18        4.95104e-16        1.19324e-15         0.00212728            0.11912        1.50033e-10        7.72097e-13        4.54492e-18            0.73276
90         0.00227316        2.51178e-05        4.29266e-06             101325           0.170901        4.29266e-06            1981.33                  0           0.984554            6.03738        2.06292e+07         6.1655e-05        6.63377e-06        0.000287321          0.0450223         0.00192621          0.0986283         2.1468e-06        2.75813e-17        1.98773e-18        3.50406e-16        8.37419e-16         0.00202568            0.11928        1.32123e-10        7.00408e-13        3.47942e-18            0.73276
91         0.00229828        2.51178e-05        4.29007e-06             101325           0.170798        4.29007e-06            1982.75                  0           0.985524            5.43713        1.85573e+07        5.86323e-05         6.1381e-06        0.000272788          0.0449753         0.00188032          0.0986841        2.07377e-06          1.922e-17         1.3825e-18        2.49591e-16        5.91704e-16         0.00192893           0.119432        1.16389e-10        6.35487e-13        2.69725e-18            0.73276
92          0.0023234        2.51178e-05        4.28761e-06             101325             0.1707        4.28761e-06             1984.1                  0            0.98645            4.90595        1.66911e+07        5.57673e-05        5.68155e-06        0.000259059          0.0449313         0.00183561          0.0987374        2.00481e-06        1.34772e-17        9.67651e-19        1.78922e-16        4.20931e-16         0.00183693           0.119576        1.02582e-10        5.76763e-13        2.11541e-18            0.73276
93         0.00234852        2.51178e-05        4.28527e-06             101325           0.170607        4.28527e-06            1985.38                  0           0.987331            4.43632        1.50129e+07        5.30558e-05        5.26153e-06        0.000246108            0.04489         0.00179214          0.0987884        1.93987e-06        9.50978e-18          6.816e-19        1.29083e-16        3.01478e-16         0.00174957           0.119713        9.04774e-11        5.23702e-13        1.67703e-18            0.73276
94         0.00237364        2.51178e-05        4.28306e-06             101325           0.170519        4.28306e-06            1986.59                  0           0.988169            4.02133        1.35056e+07        5.04933e-05        4.87559e-06        0.000233907          0.0448515         0.00174995          0.0988371        1.87885e-06        6.75272e-18        4.83182e-19        9.37195e-17        2.17384e-16         0.00166675           0.119843        7.98746e-11        4.75811e-13        1.34276e-18            0.73276
95         0.00239875        2.51178e-05        4.28096e-06             101325           0.170435        4.28096e-06            1987.74                  0           0.988964            3.65468        1.21535e+07        4.80752e-05        4.52136e-06        0.000222429          0.0448155         0.00170908          0.0988836        1.82168e-06        4.82542e-18        3.44724e-19        6.84753e-17        1.57802e-16         0.00158832           0.119967        7.05942e-11        4.32631e-13          1.085e-18            0.73276
96         0.00242387        2.51178e-05        4.27898e-06             101325           0.170356        4.27898e-06            1988.83                  0           0.989718            3.33061         1.0942e+07        4.57966e-05        4.19659e-06        0.000211646          0.0447819         0.00166956          0.0989278        1.76824e-06        3.47015e-18        2.47524e-19        5.03455e-17        1.15316e-16         0.00151418           0.120083        6.24765e-11        3.93737e-13        8.84183e-19            0.73276
97         0.00244899        2.51178e-05        4.27712e-06             101325           0.170282        4.27712e-06            1989.86                  0           0.990433            3.04394         9.8573e+06        4.36527e-05        3.89915e-06         0.00020153          0.0447507         0.00163142          0.0989698        1.71841e-06        2.51144e-18        1.78877e-19        3.72467e-17        8.48276e-17         0.00144417           0.120193        5.53793e-11        3.58737e-13        7.26245e-19            0.73276
98         0.00247411        2.51178e-05        4.27536e-06             101325           0.170212        4.27536e-06            1990.83                  0           0.991108            2.78997        8.88682e+06        4.16383e-05          3.627e-06        0.000192053          0.0447217         0.00159469          0.0990097        1.67208e-06        1.82921e-18        1.30101e-19        2.77262e-17        6.28097e-17         0.00137818           0.120297        4.91766e-11        3.27267e-13        6.00963e-19            0.73276
99         0.00249922        2.51178e-05         4.2737e-06             101325           0.170146         4.2737e-06            1991.74                  0           0.991745            2.56448        8.01888e+06        3.97485e-05        3.37823e-06        0.000183185          0.0446948         0.00155939          0.0990475        1.62909e-06        1.34081e-18        9.52342e-20        2.07653e-17        4.68087e-17         0.00131605           0.120394         4.3757e-11        2.98992e-13        5.00811e-19            0.73276
100         0.00252434        2.51178e-05        4.27214e-06             101325           0.170084        4.27214e-06             1992.6                  0           0.992346            2.36372        7.24275e+06        3.79779e-05        3.15105e-06          0.0001749          0.0446699         0.00152552          0.0990832        1.58931e-06        9.89085e-19        7.01597e-20         1.5646e-17        3.51077e-17         0.00125765           0.120486        3.90221e-11        2.73606e-13        4.20182e-19            0.73276
101         0.00254946        2.51178e-05        4.27067e-06             101325           0.170026        4.27067e-06            1993.41                  0           0.992912            2.18434        6.54864e+06        3.63215e-05        2.94374e-06         0.00016717          0.0446468          0.0014931          0.0991171        1.55259e-06         7.3427e-19        5.20184e-20         1.1859e-17        2.64981e-17         0.00120282           0.120572        3.48853e-11        2.50827e-13        3.54852e-19            0.73276
102         0.00257458        2.51178e-05         4.2693e-06             101325           0.169971         4.2693e-06            1994.17                  0           0.993444            2.02339        5.92763e+06        3.47741e-05        2.75472e-06        0.000159966          0.0446255         0.00146213           0.099149        1.51877e-06        5.48562e-19        3.88141e-20        9.04142e-18        2.01243e-17         0.00115143           0.120653        3.12704e-11        2.30398e-13        3.01605e-19            0.73276
103          0.0025997        2.51178e-05        4.26802e-06             101325            0.16992        4.26802e-06            1994.88                  0           0.993943             1.8783        5.37162e+06        3.33304e-05         2.5825e-06        0.000153262          0.0446059         0.00143261          0.0991791         1.4877e-06        4.12415e-19        2.91455e-20        6.93321e-18        1.53772e-17         0.00110332           0.120728        2.81106e-11        2.12083e-13        2.57972e-19            0.73276
104         0.00262481        2.51178e-05        4.26681e-06             101325           0.169872        4.26681e-06            1995.54                  0           0.994412            1.74682        4.87331e+06        3.19855e-05         2.4257e-06         0.00014703          0.0445878         0.00140452          0.0992073         1.4592e-06        3.12011e-19        2.20236e-20         5.3469e-18        1.18206e-17         0.00105835           0.120799        2.53475e-11         1.9567e-13        2.22034e-19            0.73276
105         0.00264993        2.51178e-05        4.26569e-06             101325           0.169827        4.26569e-06            1996.17                  0            0.99485            1.62701        4.42615e+06        3.07342e-05        2.28302e-06        0.000141246          0.0445711         0.00137785          0.0992339        1.43314e-06         2.3753e-19        1.67465e-20        4.14669e-18        9.14027e-18         0.00101637           0.120865          2.293e-11        1.80965e-13        1.92295e-19            0.73276
106         0.00267505        2.51178e-05        4.26464e-06             101325           0.169785        4.26464e-06            1996.75                  0           0.995259            1.51722        4.02429e+06        2.95716e-05        2.15327e-06        0.000135883          0.0445558         0.00135259          0.0992588        1.40934e-06        1.81957e-19        1.28134e-20        3.23367e-18        7.10866e-18        0.000977241           0.120926        2.08134e-11        1.67793e-13        1.67575e-19            0.73276
107         0.00270017        2.51178e-05        4.26367e-06             101325           0.169747        4.26367e-06            1997.29                  0           0.995642            1.41602        3.66251e+06        2.84929e-05        2.03535e-06        0.000130917          0.0445418          0.0013287          0.0992822        1.38766e-06        1.40251e-19        9.86471e-21         2.5354e-18        5.56005e-18        0.000940815           0.120984         1.8959e-11        1.55995e-13        1.46939e-19            0.73276
108         0.00272529        2.51178e-05        4.26276e-06             101325            0.16971        4.26276e-06            1997.79                  0           0.995998            1.32224         3.3362e+06        2.74933e-05        1.92822e-06        0.000126323          0.0445289         0.00130616           0.099304        1.36793e-06        1.08773e-19        7.64141e-21        1.99857e-18        4.37306e-18        0.000906955           0.121037        1.73329e-11        1.45428e-13        1.29641e-19            0.73276
109          0.0027504        2.51178e-05        4.26192e-06             101325           0.169677        4.26192e-06            1998.26                  0           0.996329            1.23489        3.04128e+06        2.65682e-05        1.83094e-06         0.00012208          0.0445171         0.00128493          0.0993244        1.35003e-06        8.48791e-20        5.95544e-21        1.58375e-18        3.45832e-18        0.000875521           0.121086        1.59057e-11        1.35964e-13        1.15084e-19            0.73276
110         0.00277552        2.51178e-05        4.26114e-06             101325           0.169646        4.26114e-06            1998.69                  0           0.996638            1.15317        2.77417e+06        2.57133e-05        1.74265e-06        0.000118165          0.0445063         0.00126499          0.0993434         1.3338e-06        6.66407e-20        4.66975e-21        1.26159e-18        2.74965e-18        0.000846381           0.121132        1.46519e-11        1.27487e-13        1.02787e-19            0.73276
111         0.00280064        2.51178e-05        4.26041e-06             101325           0.169617        4.26041e-06            1999.09                  0           0.996924             1.0764        2.53175e+06         2.4924e-05        1.66255e-06        0.000114556          0.0444965         0.00124628           0.099361        1.31911e-06        5.26421e-20        3.68386e-21        1.01016e-18         2.1978e-18        0.000819403           0.121174        1.35492e-11        1.19894e-13        9.23616e-20            0.73276
112         0.00282576        2.51178e-05        4.25974e-06             101325            0.16959        4.25974e-06            1999.47                  0           0.997189            1.00406        2.31128e+06        2.41965e-05        1.58991e-06        0.000111234          0.0444875         0.00122878          0.0993774        1.30584e-06        4.18393e-20        2.92372e-21        8.12992e-19        1.76589e-18        0.000794461           0.121214        1.25784e-11        1.13091e-13        8.34906e-20            0.73276
113         0.00285087        2.51178e-05        4.25912e-06             101325           0.169566        4.25912e-06            1999.81                  0           0.997434           0.935731        2.11037e+06        2.35265e-05        1.52405e-06        0.000108178          0.0444793         0.00121243          0.0993927        1.29386e-06        3.34579e-20        2.33449e-21        6.57655e-19        1.42619e-18        0.000771432            0.12125        1.17228e-11        1.06996e-13        7.59164e-20            0.73276
114         0.00287599        2.51178e-05        4.25855e-06             101325           0.169543        4.25855e-06            2000.13                  0           0.997661           0.871068        1.92696e+06        2.29105e-05        1.46437e-06        0.000105372          0.0444718         0.00119718          0.0994068        1.28306e-06        2.69209e-20        1.87532e-21        5.34712e-19        1.15775e-18        0.000750198           0.121283        1.09679e-11        1.01533e-13         6.9428e-20            0.73276
115         0.00290111        2.51178e-05        4.25803e-06             101325           0.169522        4.25803e-06            2000.42                  0            0.99787           0.809812        1.75925e+06        2.23446e-05        1.41031e-06        0.000102797           0.044465           0.001183          0.0994198        1.27333e-06        2.17958e-20        1.51564e-21        4.36972e-19        9.44627e-19        0.000730645           0.121314        1.03011e-11         9.6637e-14         6.3852e-20            0.73276
116         0.00292623        2.51178e-05        4.25754e-06             101325           0.169503        4.25754e-06            2000.69                  0           0.998063           0.751763        1.60568e+06        2.18256e-05        1.36135e-06        0.000100436          0.0444588         0.00116983          0.0994319        1.26458e-06        1.77572e-20        1.23244e-21        3.58928e-19        7.74653e-19        0.000712663           0.121342        9.71149e-12        9.22477e-14        5.90453e-20            0.73276
117         0.00295135        2.51178e-05         4.2571e-06             101325           0.169485         4.2571e-06            2000.94                  0           0.998241           0.696761         1.4649e+06        2.13499e-05        1.31703e-06         9.8275e-05          0.0444532         0.00115762           0.099443        1.25672e-06        1.45587e-20        1.00835e-21        2.96344e-19         6.3849e-19        0.000696149           0.121368        9.18963e-12        8.83123e-14        5.48897e-20            0.73276
118         0.00297646        2.51178e-05        4.25669e-06             101325           0.169469        4.25669e-06            2001.16                  0           0.998404           0.644682        1.33571e+06        2.09147e-05        1.27693e-06        9.62983e-05          0.0444481         0.00114633          0.0994532        1.24966e-06         1.2013e-20        8.30136e-22        2.45945e-19        5.28938e-19        0.000681003           0.121392        8.72725e-12        8.47833e-14         5.1287e-20            0.73276
119         0.00300158        2.51178e-05        4.25632e-06             101325           0.169454        4.25632e-06            2001.37                  0           0.998553           0.595425        1.21709e+06        2.05168e-05        1.24065e-06        9.44924e-05          0.0444434          0.0011359          0.0994626        1.24333e-06        9.97679e-21        6.87713e-22        2.05188e-19        4.40417e-19        0.000667128           0.121414        8.31719e-12        8.16184e-14        4.81555e-20            0.73276
120          0.0030267        2.51178e-05        4.25598e-06             101325            0.16944        4.25598e-06            2001.56                  0           0.998691           0.548907        1.10813e+06        2.01536e-05        1.20786e-06        9.28442e-05          0.0444392         0.00112628          0.0994712        1.23764e-06        8.34018e-21        5.73335e-22        1.72094e-19        3.68586e-19        0.000654436           0.121434         7.9532e-12        7.87798e-14        4.54269e-20            0.73276
121         0.00305182        2.51178e-05        4.25567e-06             101325           0.169428        4.25567e-06            2001.74                  0           0.998816           0.505055        1.00803e+06        1.98224e-05        1.17823e-06        9.13417e-05          0.0444354         0.00111744          0.0994791        1.23255e-06        7.01837e-21        4.81034e-22        1.45109e-19        3.10052e-19        0.000642841           0.121452        7.62984e-12        7.62338e-14        4.30438e-20            0.73276
122         0.00307694        2.51178e-05        4.25538e-06             101325           0.169417        4.25538e-06             2001.9                  0           0.998931           0.463798             916075        1.95207e-05        1.15146e-06        8.99733e-05           0.044432         0.00110931          0.0994864        1.22799e-06        5.94562e-21        4.06186e-22        1.23014e-19        2.62153e-19         0.00063226           0.121468        7.34238e-12        7.39503e-14        4.09582e-20            0.73276
123         0.00310205        2.51178e-05        4.25512e-06             101325           0.169406        4.25512e-06            2002.04                  0           0.999036           0.425071             831630        1.92463e-05        1.12729e-06        8.87286e-05          0.0444289         0.00110186           0.099493         1.2239e-06        5.07075e-21        3.45196e-22        1.04848e-19        2.22789e-19        0.000622619           0.121483        7.08665e-12        7.19022e-14        3.91292e-20            0.73276
124         0.00312717        2.51178e-05        4.25489e-06             101325           0.169397        4.25489e-06            2002.17                  0           0.999131           0.388802             754120        1.89969e-05        1.10549e-06        8.75976e-05          0.0444261         0.00109504           0.099499        1.22025e-06        4.35377e-21        2.95254e-22        8.98478e-20          1.903e-19        0.000613845           0.121497        6.85903e-12        7.00655e-14        3.75225e-20            0.73276
125         0.00315229        2.51178e-05        4.25467e-06             101325           0.169388        4.25467e-06            2002.29                  0           0.999218           0.354921             683029        1.87706e-05        1.08582e-06        8.65709e-05          0.0444235          0.0010888          0.0995045        1.21697e-06        3.76328e-21        2.54157e-22        7.74084e-20        1.63368e-19         0.00060587            0.12151        6.65633e-12        6.84187e-14        3.61087e-20            0.73276
126         0.00317741        2.51178e-05        4.25448e-06             101325           0.169381        4.25448e-06             2002.4                  0           0.999297           0.323351             617880        1.85654e-05         1.0681e-06        8.56401e-05          0.0444213         0.00108312          0.0995095        1.21405e-06        3.27452e-21        2.20167e-22        6.70468e-20        1.40942e-19         0.00059863           0.121521        6.47576e-12        6.69423e-14         3.4863e-20            0.73276
127         0.00320252        2.51178e-05         4.2543e-06             101325           0.169374         4.2543e-06             2002.5                  0           0.999369            0.29401             558239        1.83796e-05        1.05214e-06        8.47971e-05          0.0444192         0.00107794          0.0995141        1.21143e-06        2.86792e-21        1.91913e-22        5.83765e-20        1.22183e-19        0.000592067           0.121531        6.31485e-12        6.56192e-14        3.37639e-20            0.73276
128         0.00322764        2.51178e-05        4.25414e-06             101325           0.169367        4.25414e-06            2002.59                  0           0.999434           0.266812             503701        1.82116e-05        1.03778e-06        8.40346e-05          0.0444173         0.00107322          0.0995182         1.2091e-06        2.52792e-21        1.68306e-22        5.10878e-20        1.06417e-19        0.000586125           0.121541        6.17144e-12        6.44338e-14        3.27932e-20            0.73276
129         0.00325276        2.51178e-05          4.254e-06             101325           0.169362          4.254e-06            2002.67                  0           0.999493           0.241667             453895        1.80598e-05        1.02486e-06        8.33455e-05          0.0444157         0.00106895          0.0995219        1.20701e-06        2.24215e-21        1.48478e-22        4.49313e-20        9.31035e-20        0.000580751           0.121549         6.0436e-12        6.33722e-14        3.19349e-20            0.73276
130         0.00327788        2.51178e-05        4.25387e-06             101325           0.169356        4.25387e-06            2002.74                  0           0.999547           0.218481             408470        1.79228e-05        1.01325e-06        8.27237e-05          0.0444142         0.00106507          0.0995253        1.20515e-06         2.0007e-21        1.31737e-22        3.97059e-20        8.18061e-20        0.000575899           0.121557        5.92966e-12        6.24218e-14        3.11756e-20            0.73276
131           0.003303        2.51178e-05        4.25375e-06             101325           0.169352        4.25375e-06            2002.81                  0           0.999595           0.197156             367101        1.77994e-05        1.00283e-06        8.21631e-05          0.0444128         0.00106156          0.0995283        1.20348e-06        1.79563e-21        1.17528e-22        3.52492e-20        7.21723e-20        0.000571522           0.121564        5.82811e-12        6.15715e-14        3.05034e-20            0.73276
132         0.00332811        2.51178e-05        4.25364e-06             101325           0.169347        4.25364e-06            2002.87                  0           0.999638           0.177594             329484        1.76884e-05        9.93477e-07        8.16584e-05          0.0444116         0.00105839          0.0995311          1.202e-06        1.62054e-21        1.05404e-22        3.14294e-20        6.39164e-20         0.00056758            0.12157        5.73763e-12        6.08112e-14         2.9908e-20            0.73276
133         0.00335323        2.51178e-05        4.25355e-06             101325           0.169344        4.25355e-06            2002.92                  0           0.999677           0.159696             295333        1.75886e-05        9.85097e-07        8.12046e-05          0.0444106         0.00105553          0.0995336        1.20068e-06        1.47031e-21        9.50065e-23        2.81396e-20        5.68069e-20        0.000564033           0.121575        5.65703e-12        6.01318e-14        2.93805e-20            0.73276
134         0.00337835        2.51178e-05        4.25346e-06             101325            0.16934        4.25346e-06            2002.97                  0           0.999713           0.143361             264380        1.74989e-05        9.77593e-07         8.0797e-05          0.0444096         0.00105295          0.0995358         1.1995e-06        1.34075e-21        8.60446e-23        2.52929e-20        5.06553e-20        0.000560848            0.12158        5.58526e-12        5.95252e-14        2.89131e-20            0.73276
135         0.00340347        2.51178e-05        4.25339e-06             101325           0.169337        4.25339e-06            2003.01                  0           0.999744           0.128492             236375        1.74186e-05        9.70882e-07        8.04315e-05          0.0444087         0.00105063          0.0995378        1.19845e-06         1.2285e-21        7.82832e-23        2.28185e-20        4.53083e-20        0.000557991           0.121585         5.5214e-12        5.89841e-14         2.8499e-20            0.73276
136         0.00342858        2.51178e-05        4.25332e-06             101325           0.169335        4.25332e-06            2003.05                  0           0.999773           0.114991             211083        1.73467e-05        9.64888e-07        8.01042e-05           0.044408         0.00104855          0.0995396        1.19752e-06        1.13082e-21        7.15315e-23        2.06586e-20        4.06409e-20        0.000555432           0.121589        5.46462e-12        5.85017e-14        2.81322e-20            0.73276
137          0.0034537        2.51178e-05        4.25326e-06             101325           0.169332        4.25326e-06            2003.08                  0           0.999798           0.102764             188285        1.72824e-05         9.5954e-07        7.98116e-05          0.0444073         0.00104669          0.0995412        1.19669e-06        1.04547e-21        6.56342e-23        1.87659e-20        3.65508e-20        0.000553144           0.121593        5.41417e-12        5.80724e-14        2.78074e-20            0.73276
138         0.00347882        2.51178e-05         4.2532e-06             101325            0.16933         4.2532e-06            2003.11                  0           0.999821          0.0917213             167779        1.72251e-05        9.54777e-07        7.95504e-05          0.0444067         0.00104502          0.0995426        1.19596e-06         9.7065e-22        6.04651e-23         1.7102e-20        3.29546e-20        0.000551102           0.121596         5.3694e-12        5.76906e-14        2.75201e-20            0.73276
139         0.00350394        2.51178e-05        4.25315e-06             101325           0.169328        4.25315e-06            2003.14                  0           0.999841          0.0817751             149375         1.7174e-05        9.50542e-07        7.93177e-05          0.0444061         0.00104353          0.0995439         1.1953e-06        9.04862e-22        5.59209e-23        1.56351e-20        2.97838e-20        0.000549283           0.121599        5.32973e-12        5.73518e-14        2.72661e-20            0.73276
140         0.00352906        2.51178e-05        4.25311e-06             101325           0.169326        4.25311e-06            2003.16                  0           0.999859          0.0728435             132899        1.71287e-05        9.46784e-07        7.91109e-05          0.0444057         0.00104221          0.0995451        1.19473e-06        8.46898e-22        5.19175e-23        1.43393e-20        2.69827e-20        0.000547666           0.121601        5.29463e-12        5.70516e-14         2.7042e-20            0.73276
141         0.00355417        2.51178e-05        4.25307e-06             101325           0.169325        4.25307e-06            2003.19                  0           0.999875          0.0648493             118191        1.70885e-05        9.43457e-07        7.89276e-05          0.0444052         0.00104103          0.0995461        1.19422e-06        7.95767e-22        4.83863e-23        1.31937e-20        2.45055e-20        0.000546234           0.121603        5.26365e-12        5.67863e-14        2.68445e-20            0.73276
142         0.00357929        2.51178e-05        4.25304e-06             101325           0.169323        4.25304e-06             2003.2                  0           0.999889          0.0577206             105104         1.7053e-05        9.40523e-07        7.87657e-05          0.0444049         0.00103999           0.099547        1.19377e-06        7.50663e-22        4.52714e-23        1.21808e-20         2.2315e-20        0.000544968           0.121605        5.23638e-12        5.65525e-14         2.6671e-20            0.73276
143         0.00360441        2.51178e-05        4.25301e-06             101325           0.169322        4.25301e-06            2003.22                  0           0.999902          0.0513912              93506        1.70217e-05        9.37944e-07        7.86233e-05          0.0444045         0.00103908          0.0995478        1.19338e-06         7.1093e-22        4.25273e-23        1.12867e-20        2.03809e-20        0.000543854           0.121607        5.21246e-12        5.63473e-14        2.65191e-20            0.73276
144         0.00362953        2.51178e-05        4.25298e-06             101325           0.169321        4.25298e-06            2003.24                  0           0.999913          0.0458007            83277.5        1.69944e-05         9.3569e-07        7.84986e-05          0.0444043         0.00103828          0.0995484        1.19303e-06        6.76039e-22        4.01173e-23        1.04999e-20        1.86788e-20         0.00054288           0.121609         5.1916e-12        5.61681e-14        2.63868e-20            0.73276
145         0.00365465        2.51178e-05        4.25296e-06             101325            0.16932        4.25296e-06            2003.25                  0           0.999922          0.0408953            74313.3        1.69707e-05        9.33733e-07        7.83903e-05           0.044404         0.00103758           0.099549        1.19274e-06        6.45566e-22        3.80125e-23        9.81165e-21        1.71894e-20        0.000542034            0.12161        5.17352e-12        5.60127e-14        2.62722e-20            0.73276
146         0.00367976        2.51178e-05        4.25294e-06             101325            0.16932        4.25294e-06            2003.26                  0           0.999931          0.0366272            66521.5        1.69503e-05        9.32051e-07        7.82971e-05          0.0444038         0.00103698          0.0995496        1.19248e-06        6.19183e-22        3.61899e-23        9.21476e-21        1.58975e-20        0.000541306           0.121611        5.15799e-12        5.58792e-14        2.61739e-20            0.73276
147         0.00370488        2.51178e-05        4.25292e-06             101325           0.169319        4.25292e-06            2003.27                  0           0.999938          0.0329561            59824.6         1.6933e-05        9.30624e-07         7.8218e-05          0.0444036         0.00103647            0.09955        1.19227e-06        5.96639e-22        3.46324e-23        8.70403e-21        1.47919e-20        0.000540688           0.121612        5.14484e-12        5.57661e-14        2.60908e-20            0.73276
148            0.00373        2.51178e-05        4.25291e-06             101325           0.169318        4.25291e-06            2003.28                  0           0.999944          0.0298488            54158.7        1.69186e-05        9.29439e-07        7.81522e-05          0.0444035         0.00103604          0.0995504        1.19209e-06         5.7776e-22         3.3328e-23        8.27578e-21        1.38646e-20        0.000540174           0.121613        5.13393e-12        5.56721e-14        2.60217e-20            0.73276
149         0.00375512        2.51178e-05         4.2529e-06             101325           0.169318         4.2529e-06            2003.28                  0           0.999949          0.0272791            49474.7         1.6907e-05        9.28483e-07        7.80992e-05          0.0444033          0.0010357          0.0995507        1.19194e-06        5.62435e-22         3.2269e-23         7.9278e-21        1.31111e-20         0.00053976           0.121614        5.12513e-12        5.55963e-14        2.59662e-20            0.73276
150         0.00378023        2.51178e-05        4.25289e-06             101325           0.169318        4.25289e-06            2003.29                  0           0.999953          0.0252288            45738.3        1.68981e-05         9.2775e-07        7.80585e-05          0.0444032         0.00103544          0.0995509        1.19183e-06        5.50616e-22        3.14522e-23        7.65919e-21        1.25294e-20        0.000539442           0.121614         5.1184e-12        5.55383e-14        2.59236e-20            0.73276
151         0.00380535        2.51178e-05        4.25288e-06             101325           0.169317        4.25288e-06            2003.29                  0           0.999956           0.023688            42930.5        1.68918e-05        9.27238e-07        7.80301e-05          0.0444032         0.00103525           0.099551        1.19176e-06         5.4231e-22        3.08781e-23        7.47031e-21        1.21203e-20         0.00053922           0.121614        5.11369e-12        5.54977e-14        2.58939e-20            0.73276
152         0.00383047        2.51178e-05        4.25288e-06             101325           0.169317        4.25288e-06            2003.29                  0           0.999958          0.0226547            41047.5        1.68883e-05        9.26946e-07        7.80139e-05          0.0444031         0.00103515          0.0995511        1.19171e-06        5.37568e-22        3.05505e-23        7.36245e-21        1.18867e-20        0.000539094           0.121615        5.11101e-12        5.54746e-14         2.5877e-20            0.73276
