# Time 0.000455
# eta = 0.002
# length = 0.000568289
#--- 	  	 LEM Line data  --- 
#(1) wafer              (2) x             (3) dx              (4) m              (5) p            (6) rho              (7) m              (8) T              (9) Z             (10) C          (11) dCdt       (12) heatRel                  (13) Y_H2                  (14) Y_H                  (15) Y_O                  (16) Y_O2                  (17) Y_OH                  (18) Y_H2O                  (19) Y_HO2                  (20) Y_CH2                  (21) Y_CH2(S)                  (22) Y_CH3                  (23) Y_CH4                  (24) Y_CO                  (25) Y_CO2                  (26) Y_HCO                  (27) Y_CH2O                  (28) Y_CH2OH                  (29) Y_N2
0        1.25589e-05        2.51179e-05        2.84062e-05             101325            1.13092        2.84062e-05            300.195                  0                  0                  0       5.11713e-310        7.05951e-09        2.21955e-17         4.0115e-12           0.222582        8.24694e-13        9.21661e-06        9.77131e-09        3.54744e-18        1.83464e-19        8.08452e-08          0.0446379        2.09843e-07        1.09239e-05        2.40859e-18        3.07516e-08        3.98475e-22            0.73276
1        3.76768e-05        2.51179e-05        2.83961e-05             101325            1.13051        2.83961e-05            300.302                  0        9.53892e-05        6.50322e-08           0.690242        1.14709e-08        4.13567e-17        4.96297e-12           0.222573        1.22222e-12        1.43121e-05        1.48192e-08        8.03728e-18        4.16021e-19        1.26267e-07          0.0446355        3.43345e-07        1.69396e-05        5.47611e-18        4.93411e-08        9.05957e-22            0.73276
2        6.27946e-05        2.51179e-05        2.83772e-05             101325            1.12976        2.83772e-05            300.502                  0        0.000143483        9.41306e-08            1.39352        2.03921e-08        7.99484e-17        5.67012e-12           0.222556        1.91698e-12         2.3842e-05        2.38689e-08        2.14255e-17        1.11019e-18        2.12093e-07          0.0446312        6.16667e-07        2.81584e-05         1.4677e-17        8.61156e-08         2.4296e-21            0.73276
3        8.79125e-05        2.51179e-05        2.83433e-05             101325            1.12841        2.83433e-05            300.861                  0        0.000239476         1.5071e-07            3.44589        3.76351e-08        1.51202e-16        6.09814e-12           0.222526        3.13355e-12         4.0997e-05        3.96253e-08        6.08375e-17        3.15873e-18        3.67964e-07          0.0446233         1.1517e-06        4.82955e-05        4.19755e-17         1.5567e-07         6.9704e-21            0.73276
4         0.00011303        2.51179e-05        2.82857e-05             101325            1.12612        2.82857e-05            301.473                  0        0.000411567        2.54459e-07            9.24079        6.95815e-08        2.68339e-16        6.05973e-12           0.222474        5.20366e-12        7.03437e-05        6.56875e-08        1.74231e-16        9.07388e-18        6.37196e-07          0.0446099        2.15804e-06        8.26201e-05        1.21401e-16        2.81314e-07        2.02973e-20            0.73276
5        0.000138148        2.51179e-05        2.81913e-05             101325            1.12236        2.81913e-05            302.482                  0        0.000705037        4.45026e-07            25.2171         1.2728e-07        4.41038e-16        5.44567e-12           0.222389        8.68488e-12        0.000118821        1.07305e-07        4.92517e-16        2.57617e-17        1.08668e-06          0.0445876        4.00775e-06        0.000139066        3.47889e-16        5.01728e-07        5.88936e-20            0.73276
6        0.000163266        2.51179e-05        2.80418e-05             101325            1.11641        2.80418e-05            304.094                  0         0.00118826         8.0449e-07            67.8453        2.29368e-07        6.85356e-16        4.32399e-12           0.222252        1.45269e-11        0.000196542        1.71882e-07        1.36288e-15        7.18001e-17        1.81572e-06           0.044552        7.34592e-06        0.000229058         9.8085e-16        8.79109e-07        1.69818e-19            0.73276
7        0.000188384        2.51179e-05         2.7813e-05             101325             1.1073         2.7813e-05            306.594                  0          0.0019602        1.51158e-06            177.161        4.06459e-07        1.08677e-15        2.96333e-12            0.22204        2.43885e-11        0.000317638        2.69576e-07        3.68821e-15        1.96402e-16        2.96583e-06          0.0444962        1.32648e-05        0.000368298        2.72287e-15        1.51036e-06        4.89207e-19            0.73276
8        0.000213502        2.51179e-05        2.74753e-05             101325            1.09386        2.74753e-05             310.36                  0         0.00315789        2.97306e-06            445.225        7.07392e-07        1.99215e-15        1.71846e-12           0.221718        4.12607e-11        0.000500953        4.14039e-07        9.77613e-15        5.28792e-16        4.72997e-06          0.0444117         2.3564e-05        0.000577259        7.46871e-15        2.54134e-06        1.42176e-18            0.73276
9         0.00023862        2.51179e-05        2.69966e-05             101325             1.0748        2.69966e-05             315.86                  0          0.0049619        6.14695e-06            1071.47         1.2074e-06        4.49612e-15        8.30291e-13           0.221247        7.07129e-11        0.000770346        6.23447e-07        2.54564e-14        1.40731e-15        7.35842e-06          0.0442873        4.11119e-05        0.000881059        2.03471e-14        4.18309e-06        4.21846e-18            0.73276
10        0.000263737        2.51179e-05        2.63469e-05             101325            1.04893        2.63469e-05             323.64                  0         0.00759718        1.33492e-05            2462.01        2.01768e-06        1.17753e-14          3.335e-13           0.220577         1.2356e-10         0.00115431         9.2208e-07        6.53846e-14        3.72198e-15        1.11578e-05          0.0441094        7.03007e-05         0.00130838        5.53963e-14        6.72733e-06        1.29395e-17            0.73276
11        0.000288855        2.51179e-05        2.55064e-05             101325            1.01547        2.55064e-05            334.294                  0          0.0113264        3.03253e-05            5394.88        3.29467e-06        3.30723e-14        1.13457e-13           0.219654        2.21328e-10         0.00168473        1.34282e-06        1.66284e-13        9.82302e-15        1.64801e-05          0.0438629        0.000117539         0.00188924        1.51541e-13        1.05565e-05        4.14067e-17            0.73276
12        0.000313973        2.51179e-05        2.44722e-05             101325           0.974294        2.44722e-05            348.403                  0          0.0164341        7.15909e-05              11279        5.24623e-06        9.58067e-14        3.78571e-14           0.218423        4.07381e-10         0.00239476        1.93095e-06        4.19345e-13         2.5899e-14        2.37009e-05          0.0435317        0.000191665         0.00265192        4.17399e-13        1.61428e-05        1.38491e-16            0.73276
13        0.000339091        2.51179e-05        2.32627e-05             101325           0.926142        2.32627e-05            366.488                  0          0.0232027        0.000174195            22548.1        8.13138e-06         2.8151e-13        2.90822e-14           0.216832        7.68256e-10          0.0033163        2.74928e-06        1.04638e-12        6.79571e-14        3.31899e-05          0.0431002        0.000304115         0.00361959        1.15432e-12        2.40306e-05        4.80232e-16            0.73276
14        0.000364209        2.51179e-05        2.19167e-05             101325           0.872556        2.19167e-05             388.95                  0          0.0318856        0.000432225            43266.8        1.22512e-05        8.27591e-13        8.35296e-14           0.214836        1.47166e-09         0.00447766        3.88446e-06        2.56782e-12        1.75923e-13        4.52803e-05          0.0425542        0.000468711         0.00480771        3.18074e-12        3.48042e-05        1.69754e-15            0.73276
15        0.000389327        2.51179e-05        2.04861e-05             101325           0.815601        2.04861e-05            416.044                  0          0.0426841         0.00107923            80099.2        1.79318e-05        2.40377e-12        3.37544e-13             0.2124        2.82685e-09         0.00590199        5.45371e-06        6.14352e-12        4.44012e-13         6.0248e-05          0.0418816        0.000701025         0.00622309        8.64025e-12         4.9044e-05        5.99043e-15            0.73276
16        0.000414445        2.51179e-05        1.90259e-05             101325           0.757464        1.90259e-05            447.878                  0          0.0557359         0.00267094             143918        2.55022e-05        6.84653e-12        1.44403e-12           0.209499        5.36752e-09         0.00760692        7.61143e-06         1.4203e-11        1.07953e-12        7.83045e-05           0.041073         0.00101744         0.00786461        2.28967e-11         6.7284e-05        2.07243e-14            0.73276
17        0.000439562        2.51179e-05        1.75851e-05             101325           0.700105        1.75851e-05            484.434                  0          0.0711173         0.00645308             252508        3.52738e-05        1.91764e-11        6.28922e-12           0.206119         9.9493e-09         0.00960519        1.05552e-05        3.15324e-11        2.50585e-12        9.96073e-05          0.0401212         0.00143416         0.00972542        5.87812e-11        8.99781e-05        6.96468e-14            0.73276
18         0.00046468        2.51179e-05        1.62018e-05             101325            0.64503        1.62018e-05            525.607                  0          0.0888565          0.0150258             435090        4.75248e-05        5.34922e-11        2.74356e-11           0.202247        1.78627e-08           0.011906        1.45305e-05        6.71949e-11        5.53774e-12        0.000124282          0.0390207         0.00196633          0.0117957        1.46062e-10        0.000117481        2.28238e-13            0.73276
19        0.000489798        2.51179e-05        1.49009e-05             101325           0.593239        1.49009e-05             571.24                  0           0.108952          0.0334418             740064        6.24917e-05        1.51233e-10        1.18426e-10           0.197879        3.10414e-08          0.0145164        1.98349e-05        1.38659e-10        1.17257e-11        0.000152452          0.0377672          0.0026275          0.0140653         3.5369e-10        0.000150043        7.41443e-13            0.73276
20        0.000514916        2.51179e-05        1.36961e-05             101325           0.545272        1.36961e-05            621.159                  0           0.131394          0.0710571        1.24986e+06        8.03683e-05        4.38087e-10        5.00104e-10           0.193006        5.27246e-08          0.0174425        2.68184e-05        2.83401e-10        2.42561e-11        0.000184265           0.036357         0.00342938          0.0165254        8.46914e-10         0.00018781        2.43836e-12            0.73276
21        0.000540034        2.51179e-05         1.2592e-05             101325           0.501318         1.2592e-05            675.193                  0           0.156172           0.145486        2.11527e+06        0.000101308        1.29611e-09        2.04178e-09           0.187624        8.97591e-08          0.0206903        3.58788e-05        5.96597e-10        5.07937e-11        0.000219927          0.0347866         0.00438175          0.0191695        2.04567e-09        0.000230827        8.21207e-12            0.73276
22        0.000565152        2.51179e-05        1.15875e-05             101325           0.461325        1.15875e-05            733.188                  0           0.183291           0.294346        3.64715e+06         0.00012543        3.85691e-09        7.96321e-09           0.181723        1.60074e-07           0.024266        4.74453e-05        1.35478e-09        1.12724e-10        0.000259727          0.0330524         0.00549257          0.0219942        5.07745e-09        0.000279044        2.81234e-11            0.73276
23         0.00059027        2.51179e-05        1.06775e-05             101325           0.425094        1.06775e-05             795.01                  0           0.212768           0.615544        6.57219e+06         0.00015282        1.13268e-08        2.93537e-08           0.175296        3.14992e-07          0.0281757        6.19361e-05        3.40138e-09         2.7375e-10        0.000304082          0.0311509         0.00676805          0.0249981        1.30494e-08        0.000332317        9.59279e-11            0.73276
24        0.000615387        2.51179e-05        9.85503e-06             101325           0.392352        9.85503e-06             860.54                  0           0.244633            1.40294        1.27263e+07        0.000183542        3.23274e-08        1.01477e-07           0.168334        7.00738e-07          0.0324249        7.96706e-05        9.26283e-09        7.21936e-10        0.000353592          0.0290789         0.00821255          0.0281818        3.44347e-08        0.000390402         3.1865e-10            0.73276
25        0.000640505        2.51179e-05         9.1126e-06             101325           0.362794         9.1126e-06            929.668                  0           0.278918            3.56782        2.68321e+07        0.000217627        8.88698e-08        3.27732e-07           0.160832        1.71529e-06          0.0370168        0.000100699        2.61209e-08          1.986e-09        0.000409099           0.026834         0.00982827          0.0315465        9.14006e-08        0.000452933        1.01351e-09            0.73276
26        0.000665623        2.51179e-05        8.44264e-06             101325           0.336121        8.44264e-06            1002.27                  0           0.315648            9.82508         6.0765e+07        0.000255072        2.34553e-07        9.88735e-07           0.152792        4.37877e-06          0.0419497        0.000124508        7.30411e-08        5.45601e-09        0.000471644          0.0244158          0.0116143           0.035092        2.38366e-07         0.00051936        3.05418e-09            0.73276
27        0.000690741        2.51179e-05         7.8382e-06             101325           0.312057         7.8382e-06            1078.18                  0           0.354814            27.6906        1.43071e+08        0.000295804        5.94082e-07        2.79378e-06           0.144226         1.1142e-05          0.0472135        0.000149558        1.96854e-07         1.4517e-08        0.000542026          0.0218277          0.0135656          0.0388157        5.98754e-07        0.000588783        8.66493e-09           0.732759
28        0.000715859        2.51179e-05        7.29326e-06             101325           0.290362        7.29326e-06            1157.12                  0           0.396353            76.1841        3.38289e+08        0.000339661        1.44313e-06        7.42335e-06           0.135157        2.75094e-05          0.0527892        0.000172749        5.03042e-07        3.67366e-08         0.00061942           0.019078          0.0156723          0.0427146        1.42777e-06        0.000659631        2.30453e-08           0.732759
29        0.000740977        2.51179e-05        6.80304e-06             101325           0.270845        6.80304e-06            1238.62                  0           0.440157            198.634        7.80968e+08        0.000386227        3.35038e-06        1.86081e-05           0.125619        6.49265e-05          0.0586409        0.000189201        1.20451e-06        8.72958e-08        0.000698236          0.0161849          0.0179163          0.0467861        3.19323e-06        0.000728796        5.71455e-08           0.732758
30        0.000766094        2.51179e-05        6.36457e-06             101325           0.253388        6.36457e-06            1321.77                  0           0.486033            480.999        1.71906e+09        0.000434387        7.37286e-06        4.40236e-05           0.115687        0.000144903           0.064693        0.000193335        2.66163e-06        1.91786e-07        0.000763079          0.0131922          0.0202584          0.0510248        6.59801e-06        0.000789706        1.30604e-07           0.732758
31        0.000791212        2.51179e-05        5.97763e-06             101325           0.237983        5.97763e-06            1404.86                  0           0.533551            1060.18        3.51742e+09        0.000481389        1.51673e-05        9.79769e-05            0.10552        0.000302257          0.0707918        0.000181753         5.2824e-06        3.79277e-07        0.000785246          0.0101916          0.0226113          0.0554184        1.22958e-05        0.000828842        2.68356e-07           0.732757
32         0.00081633        2.51179e-05         5.6457e-06             101325           0.224768         5.6457e-06            1484.78                  0           0.581824            2072.06        6.47446e+09        0.000521379        2.85816e-05        0.000203487          0.0954326        0.000580437            0.07666        0.000155736        8.96858e-06        6.44043e-07        0.000731218         0.00734588          0.0247935          0.0599396        1.98852e-05        0.000822369        4.72555e-07           0.732756
33        0.000841448        2.51179e-05        5.37524e-06             101325           0.214001        5.37524e-06            1556.89                  0           0.629236             3472.2        1.02562e+10        0.000544893         4.8151e-05        0.000388751          0.0859572         0.00100801          0.0818918        0.000121186        1.21569e-05        8.78615e-07        0.000593081         0.00487871          0.0264947          0.0645357        2.65287e-05        0.000743216        6.65243e-07           0.732756
34        0.000866566        2.51179e-05        5.17068e-06             101325           0.205857        5.17068e-06            1616.43                  0           0.673418            4829.18        1.32941e+10         0.00054364        7.12996e-05        0.000668388          0.0777245         0.00156029          0.0860818        8.64565e-05        1.25485e-05        9.19607e-07        0.000414232         0.00298465          0.0273608          0.0691158        2.81001e-05        0.000591154        7.13795e-07           0.732756
35        0.000891684        2.51179e-05        5.02706e-06             101325           0.200139        5.02706e-06            1661.47                  0           0.712023            5519.42        1.37312e+10        0.000520057        9.33736e-05         0.00101339          0.0711536         0.00214934          0.0890546        5.82787e-05        1.01578e-05        7.58185e-07        0.000256163         0.00170822          0.0272388          0.0735503        2.38896e-05        0.000412521        5.99916e-07           0.732756
36        0.000916802        2.51179e-05        4.92999e-06             101325           0.196274        4.92999e-06            1693.97                  0           0.743973            5328.95        1.16389e+10        0.000486905        0.000111073         0.00135714          0.0662475          0.0026782          0.0909462        3.88659e-05        6.96119e-06        5.29367e-07        0.000146799        0.000935947          0.0263017          0.0777069        1.72133e-05          0.0002602        4.25017e-07           0.732757
37        0.000941919        2.51179e-05        4.86339e-06             101325           0.193623        4.86339e-06            1717.62                  0            0.76976            4590.99        8.64164e+09        0.000455912        0.000123602         0.00164349          0.0627049         0.00309779          0.0920571         2.6838e-05        4.34092e-06        3.35551e-07        8.08896e-05        0.000500588          0.0248837          0.0814965        1.11766e-05        0.000154115        2.72341e-07           0.732758
38        0.000967037        2.51179e-05         4.8151e-06             101325             0.1917         4.8151e-06            1735.71                  0            0.79061            3730.18        6.00739e+09        0.000431934        0.000131562         0.00185194          0.0601503         0.00340728          0.0926782        1.97789e-05        2.57784e-06        2.01986e-07        4.37677e-05          0.0002646          0.0232768          0.0848869        6.83922e-06        8.81573e-05        1.65274e-07           0.732758
39        0.000992155        2.51179e-05         4.7776e-06             101325           0.190207         4.7776e-06            1750.42                  0           0.807735             2972.7        4.13076e+09        0.000414883          0.0001359         0.00198778          0.0582689         0.00362712            0.09302        1.57028e-05        1.49332e-06        1.18318e-07        2.35077e-05        0.000139196          0.0216652          0.0878872        4.05051e-06        4.95134e-05        9.74234e-08           0.732759
40         0.00101727        2.51179e-05        4.74661e-06             101325           0.188974        4.74661e-06            1763.03                  0           0.822078            2375.81         2.9249e+09        0.000402885        0.000137492          0.0020658          0.0568374         0.00378022          0.0932152        1.33222e-05        8.54501e-07        6.83253e-08        1.26055e-05        7.31694e-05          0.0201437          0.0905279        2.35746e-06        2.75588e-05         5.6542e-08           0.732759
41         0.00104239        2.51179e-05        4.71979e-06             101325           0.187906        4.71979e-06            1774.25                  0           0.834311            1923.22        2.18339e+09        0.000393978         0.00013704         0.00210118          0.0557089         0.00388518          0.0933402        1.18821e-05        4.86287e-07        3.91757e-08        6.77037e-06        3.85239e-05          0.0187519          0.0928477        1.36106e-06        1.52818e-05        3.25525e-08           0.732759
42         0.00106751        2.51179e-05        4.69583e-06             101325           0.186952        4.69583e-06             1784.5                  0           0.844905            1581.02        1.72881e+09        0.000386663        0.000135091         0.00210628          0.0547894         0.00395551          0.0934371        1.09604e-05        2.76293e-07        2.23941e-08        3.64934e-06        2.03457e-05          0.0174992          0.0948865        7.84628e-07        8.46908e-06        1.86713e-08            0.73276
43         0.00109263        2.51179e-05        4.67402e-06             101325           0.186084        4.67402e-06            1793.99                  0           0.854192             1318.6         1.4417e+09        0.000379962        0.000132059         0.00209031          0.0540189          0.0040006          0.0935276        1.03258e-05        1.57081e-07        1.27933e-08        1.97648e-06         1.0789e-05          0.0163804           0.096682        4.54197e-07        4.69987e-06        1.06969e-08            0.73276
44         0.00111774        2.51179e-05        4.65391e-06             101325           0.185283        4.65391e-06            1802.87                  0           0.862417            1113.14        1.24995e+09        0.000373297        0.000128257         0.00205981          0.0533586         0.00402689          0.0936218        9.85276e-06         8.9481e-08        7.31474e-09        1.07642e-06        5.74836e-06          0.0153835          0.0982684        2.65543e-07        2.61487e-06        6.13062e-09            0.73276
45         0.00114286        2.51179e-05        4.63522e-06             101325           0.184539        4.63522e-06            1811.23                  0           0.869765            948.871        1.11244e+09         0.00036637        0.000123926         0.00201939          0.0527824         0.00403884           0.093724        9.47296e-06         5.1113e-08        4.18951e-09        5.89783e-07        3.07868e-06          0.0144946          0.0996758        1.57861e-07        1.45968e-06        3.51825e-09            0.73276
46         0.00116798        2.51179e-05        4.61776e-06             101325           0.183844        4.61776e-06            1819.12                  0           0.876381             815.09        1.00644e+09        0.000359058        0.000119248         0.00197223          0.0522725          0.0040396          0.0938351        9.14907e-06        2.92895e-08        2.40495e-09        3.25197e-07        1.65801e-06          0.0136997           0.100931        9.62078e-08        8.17923e-07        2.02289e-09            0.73276
47          0.0011931        2.51179e-05        4.60138e-06             101325           0.183192        4.60138e-06             1826.6                  0           0.882378            704.506        9.19561e+08        0.000351337         0.00011436         0.00192061          0.0518162         0.00403143          0.0939546        8.86034e-06         1.6841e-08        1.38406e-09        1.80471e-07        8.98085e-07           0.012986           0.102055        6.06749e-08        4.60189e-07        1.16569e-09            0.73276
48         0.00121822        2.51179e-05        4.58596e-06             101325           0.182578        4.58596e-06            1833.71                  0           0.887852            612.039         8.4505e+08        0.000343242        0.000109369         0.00186612          0.0514039         0.00401602          0.0940811        8.59503e-06        9.71696e-09        7.98693e-10        1.00807e-07        4.89354e-07          0.0123418           0.103069        3.99718e-08        2.60011e-07        6.73357e-10            0.73276
49         0.00124333        2.51179e-05        4.57141e-06             101325           0.181998        4.57141e-06            1840.47                  0           0.892879            534.039        7.79188e+08        0.000334832        0.000104353          0.0018099          0.0510285         0.00399464          0.0942133         8.3463e-06        5.62597e-09        4.62184e-10        5.66724e-08        2.68256e-07          0.0117572           0.103988        2.77095e-08        1.47539e-07        3.89939e-10            0.73276
50         0.00126845        2.51179e-05        4.55764e-06             101325            0.18145        4.55764e-06            1846.92                  0           0.897523            467.795        7.19859e+08        0.000326173        9.93729e-05         0.00175278          0.0506842         0.00396827          0.0943497        8.11001e-06        3.26848e-09        2.68206e-10        3.20634e-08        1.47952e-07          0.0112235           0.104828        2.02738e-08        8.40776e-08        2.26389e-10            0.73276
51         0.00129357        2.51179e-05        4.54459e-06             101325           0.180931        4.54459e-06            1853.08                  0           0.901837            411.229        6.65803e+08        0.000317334        9.44721e-05         0.00169538          0.0503666         0.00393771          0.0944891        7.88355e-06         1.9052e-09        1.56077e-10        1.82532e-08        8.20997e-08          0.0107335           0.105598        1.56178e-08        4.81177e-08        1.31773e-10            0.73276
52         0.00131869        2.51179e-05        4.53219e-06             101325           0.180437        4.53219e-06            1858.98                  0           0.905868            362.706        6.16214e+08        0.000308378        8.96832e-05         0.00163814          0.0500719         0.00390358          0.0946303        7.66519e-06        1.11415e-09        9.10791e-11         1.0454e-08        4.58357e-08          0.0102807           0.106309        1.25801e-08        2.76544e-08        7.68963e-11            0.73276
53         0.00134381        2.51179e-05        4.52038e-06             101325           0.179967        4.52038e-06            1864.63                  0           0.909651            320.911        5.70533e+08        0.000299358        8.50291e-05          0.0015814          0.0497972          0.0038664          0.0947725        7.45373e-06        6.53615e-10        5.32966e-11        6.02232e-09        2.57447e-08            0.00986           0.106971        1.04988e-08        1.59605e-08        4.49877e-11            0.73276
54         0.00136892        2.51179e-05        4.50912e-06             101325           0.179519        4.50912e-06            1870.06                  0            0.91322            284.774        5.28341e+08        0.000290322        8.05258e-05         0.00152539          0.0495398          0.0038266          0.0949148        7.24826e-06        3.84629e-10        3.12735e-11        3.48896e-09        1.45468e-08         0.00946691           0.107588        8.99524e-09        9.25036e-09        2.63871e-11            0.73276
55         0.00139404        2.51179e-05        4.49836e-06             101325            0.17909        4.49836e-06            1875.28                  0           0.916602            253.412        4.89303e+08        0.000281309        7.61833e-05         0.00147031          0.0492977         0.00378455          0.0950566        7.04813e-06         2.2703e-10        1.84014e-11        2.03235e-09         8.2681e-09         0.00909768           0.108168        7.85072e-09        5.38423e-09        1.55169e-11            0.73276
56         0.00141916        2.51179e-05        4.48807e-06             101325            0.17868        4.48807e-06             1880.3                  0           0.919818            226.093        4.53135e+08        0.000272352        7.20078e-05         0.00141629           0.049069         0.00374053          0.0951975        6.85279e-06        1.34409e-10        1.08575e-11        1.19015e-09        4.72682e-09         0.00874917           0.108716        6.93796e-09        3.14779e-09        9.14837e-12            0.73276
57         0.00144428        2.51179e-05         4.4782e-06             101325           0.178288         4.4782e-06            1885.13                  0           0.922887            202.207        4.19592e+08        0.000263476        6.80021e-05         0.00136341          0.0488524          0.0036948           0.095337        6.66182e-06        7.98134e-11        6.42425e-12        7.00539e-10        2.71781e-09         0.00841871           0.109235        6.18172e-09        1.84895e-09         5.4079e-12            0.73276
58         0.00146939        2.51179e-05        4.46874e-06             101325           0.177911        4.46874e-06             1889.8                  0           0.925828            181.243        3.88457e+08        0.000254705        6.41664e-05         0.00131174          0.0486465         0.00364759          0.0954749        6.47487e-06        4.75364e-11        3.81201e-12        4.14419e-10        1.57153e-09          0.0081041            0.10973        5.53667e-09        1.09163e-09        3.20542e-12            0.73276
59         0.00149451        2.51179e-05        4.45964e-06             101325           0.177549        4.45964e-06            1894.31                  0           0.928652            162.777        3.59535e+08        0.000246053        6.04994e-05         0.00126133          0.0484502         0.00359906          0.0956108        6.29165e-06        2.83983e-11        2.26855e-12        2.46363e-10        9.13783e-10         0.00780346           0.110202         4.9748e-09        6.48305e-10        1.90522e-12            0.73276
60         0.00151963        2.51179e-05        4.45089e-06             101325             0.1772        4.45089e-06            1898.67                  0           0.931371            146.449        3.32654e+08        0.000237536        5.69984e-05         0.00121221          0.0482627         0.00354938          0.0957447        6.11193e-06        1.70174e-11        1.35407e-12        1.47166e-10        5.34263e-10         0.00751523           0.110655        4.47821e-09        3.87718e-10        1.13567e-12            0.73276
61         0.00154475        2.51179e-05        4.44247e-06             101325           0.176865        4.44247e-06            1902.89                  0           0.933996            131.959        3.07655e+08        0.000229164        5.36599e-05         0.00116439          0.0480831          0.0034987          0.0958763        5.93551e-06        1.02296e-11        8.10714e-13        8.83295e-11        3.14076e-10         0.00723812            0.11109        4.03499e-09        2.33885e-10        6.78962e-13            0.73276
62         0.00156987        2.51179e-05        4.43436e-06             101325           0.176542        4.43436e-06            1906.97                  0           0.936534            119.057        2.84398e+08        0.000220946        5.04794e-05         0.00111787          0.0479109         0.00344712          0.0960057        5.76225e-06        6.16906e-12        4.86938e-13        5.32672e-11        1.85637e-10         0.00697103            0.11151        3.63684e-09        1.42652e-10        4.07177e-13            0.73276
63         0.00159498        2.51179e-05        4.42654e-06             101325           0.176231        4.42654e-06            1910.92                  0           0.938993            107.529        2.62755e+08        0.000212889        4.74524e-05         0.00107265          0.0477454         0.00339476          0.0961326        5.59201e-06        3.73264e-12        2.93431e-13        3.22749e-11        1.10315e-10         0.00671305           0.111915        3.27769e-09        8.82632e-11        2.44976e-13            0.73276
64          0.0016201        2.51179e-05        4.41899e-06             101325            0.17593        4.41899e-06            1914.75                  0           0.941377            97.1978        2.42609e+08        0.000204997         4.4574e-05         0.00102874          0.0475862          0.0033417          0.0962571         5.4247e-06        2.26618e-12        1.77426e-13        1.96483e-11        6.59076e-11         0.00646343           0.112308        2.95287e-09        5.56448e-11        1.47888e-13            0.73276
65         0.00164522        2.51179e-05         4.4117e-06             101325            0.17564         4.4117e-06            1918.46                  0           0.943692            87.9127        2.23856e+08        0.000197275        4.18391e-05        0.000986112           0.047433         0.00328805          0.0963791        5.26026e-06         1.3807e-12        1.07661e-13        1.20185e-11        3.95886e-11         0.00622156           0.112688        2.65866e-09        3.59411e-11        8.95944e-14            0.73276
66         0.00167034        2.51179e-05        4.40466e-06             101325            0.17536        4.40466e-06            1922.07                  0           0.945943            79.5464        2.06399e+08        0.000189727        3.92426e-05        0.000944762          0.0472853         0.00323387          0.0964985        5.09864e-06        8.44271e-13        6.55678e-14        7.38688e-12        2.39081e-11         0.00598692           0.113056        2.39198e-09        2.39312e-11        5.44815e-14            0.73276
67         0.00169545        2.51179e-05        4.39786e-06             101325           0.175089        4.39786e-06            1925.56                  0           0.948131            71.9911        1.90152e+08        0.000182354        3.67796e-05        0.000904676          0.0471429         0.00317925          0.0966155        4.93982e-06        5.18198e-13        4.00837e-14        4.56226e-12        1.45168e-11          0.0057591           0.113414        2.15019e-09         1.6526e-11        3.32602e-14            0.73276
68         0.00172057        2.51179e-05        4.39129e-06             101325           0.174828        4.39129e-06            1928.94                  0            0.95026            65.1551        1.75034e+08         0.00017516         3.4445e-05        0.000865838          0.0470056         0.00312424          0.0967299        4.78379e-06        3.19297e-13        2.46009e-14        2.83163e-12        8.86263e-12         0.00553775           0.113762        1.93099e-09         1.1891e-11        2.03895e-14            0.73276
69         0.00174569        2.51179e-05        4.38495e-06             101325           0.174575        4.38495e-06            1932.23                  0           0.952333            58.9601        1.60973e+08        0.000168146        3.22339e-05        0.000828233          0.0468732         0.00306892          0.0968417        4.63058e-06         1.9753e-13        1.51599e-14        1.76629e-12        5.44052e-12         0.00532262             0.1141        1.73237e-09        8.93246e-12        1.25547e-14            0.73276
70         0.00177081        2.51179e-05        4.37881e-06             101325           0.174331        4.37881e-06            1935.41                  0            0.95435            53.3388        1.47901e+08        0.000161314        3.01416e-05        0.000791845          0.0467455         0.00301336           0.096951        4.48022e-06        1.22707e-13        9.38136e-15        1.10737e-12        3.35836e-12         0.00511347           0.114429        1.55251e-09        6.99592e-12        7.76688e-15            0.73276
71         0.00179593        2.51179e-05        4.37289e-06             101325           0.174095        4.37289e-06             1938.5                  0           0.956313            48.2335        1.35756e+08        0.000154664        2.81634e-05        0.000756658          0.0466224         0.00295761          0.0970577        4.33274e-06        7.65521e-14        5.83065e-15        6.97857e-13        2.08473e-12         0.00491014           0.114748        1.38977e-09        5.68801e-12        4.82916e-15            0.73276
72         0.00182104        2.51179e-05        4.36716e-06             101325           0.173867        4.36716e-06            1941.49                  0           0.958224            43.5938         1.2448e+08        0.000148197        2.62948e-05        0.000722656          0.0465037         0.00290173          0.0971619         4.1882e-06         4.7968e-14        3.64005e-15        4.42101e-13        1.30147e-12          0.0047125           0.115059        1.24266e-09        4.77125e-12         3.0189e-15            0.73276
73         0.00184616        2.51179e-05        4.36164e-06             101325           0.173647        4.36164e-06            1944.39                  0           0.960083             39.376        1.14019e+08        0.000141915        2.45314e-05        0.000689824          0.0463893          0.0028458          0.0972635        4.04668e-06        3.01931e-14        2.28293e-15        2.81577e-13        8.17171e-13         0.00452044            0.11536        1.10984e-09        4.10155e-12        1.89832e-15            0.73276
74         0.00187128        2.51179e-05         4.3563e-06             101325           0.173434         4.3563e-06             1947.2                  0           0.961891            35.5417        1.04323e+08        0.000135817        2.28689e-05        0.000658145          0.0462793         0.00278987          0.0973625        3.90825e-06        1.90932e-14        1.43857e-15        1.80316e-13         5.1608e-13          0.0043339           0.115653        9.90046e-10        3.59098e-12        1.20131e-15            0.73276
75          0.0018964        2.51179e-05        4.35115e-06             101325           0.173229        4.35115e-06            1949.92                  0           0.963649            32.0568         9.5346e+07        0.000129905        2.13032e-05        0.000627604          0.0461734           0.002734           0.097459        3.77298e-06        1.21315e-14        9.10905e-16         1.1611e-13        3.27852e-13          0.0041528           0.115938        8.82152e-10        3.18551e-12        7.65545e-16            0.73276
76         0.00192152        2.51179e-05        4.34618e-06             101325           0.173032        4.34618e-06            1952.55                  0           0.965356             28.891        8.70426e+07        0.000124179          1.983e-05        0.000598185          0.0460717         0.00267826          0.0975529        3.64098e-06        7.74589e-15        5.79659e-16        7.51876e-14        2.09522e-13         0.00397712           0.116214        7.85103e-10        2.85168e-12        4.91601e-16            0.73276
77         0.00194663        2.51179e-05         4.3414e-06             101325           0.172841         4.3414e-06            1955.09                  0           0.967013            26.0173        7.93718e+07        0.000118638        1.84456e-05         0.00056987           0.045974         0.00262271          0.0976443        3.51232e-06        4.97042e-15        3.70748e-16        4.89663e-14        1.34711e-13         0.00380681           0.116481        6.97934e-10        2.56853e-12        3.18363e-16            0.73276
78         0.00197175        2.51179e-05        4.33678e-06             101325           0.172657        4.33678e-06            1957.54                  0           0.968621             23.411         7.2294e+07        0.000113282         1.7146e-05        0.000542645          0.0458803         0.00256742          0.0977331        3.38711e-06        3.20575e-15        2.38364e-16        3.20746e-14        8.71435e-14         0.00364186           0.116741        6.19753e-10        2.32276e-12        2.08105e-16            0.73276
79         0.00199687        2.51179e-05        4.33234e-06             101325           0.172481        4.33234e-06            1959.91                  0           0.970179              21.05        6.57723e+07        0.000108112        1.59274e-05        0.000516493          0.0457905         0.00251245          0.0978193        3.26544e-06        2.07838e-15        1.54065e-16        2.11336e-14        5.67222e-14         0.00348225           0.116991         5.4974e-10        2.10576e-12        1.37437e-16            0.73276
80         0.00202199        2.51179e-05        4.32807e-06             101325            0.17231        4.32807e-06             1962.2                  0           0.971687            18.9139        5.97712e+07        0.000103126        1.47862e-05        0.000491396          0.0457046         0.00245787           0.097903        3.14739e-06        1.35464e-15        1.00118e-16        1.40076e-14        3.71526e-14         0.00332795           0.117234        4.87136e-10        1.91187e-12        9.17969e-17            0.73276
81          0.0020471        2.51179e-05        4.32396e-06             101325           0.172147        4.32396e-06             1964.4                  0           0.973146             16.984        5.42573e+07        9.83234e-05        1.37187e-05        0.000467336          0.0456226         0.00240374          0.0979842        3.03305e-06        8.87708e-16        6.54203e-17        9.34033e-15        2.44892e-14         0.00317896           0.117468        4.31244e-10        1.73719e-12        6.20723e-17            0.73276
82         0.00207222        2.51179e-05        4.32001e-06             101325            0.17199        4.32001e-06            1966.52                  0           0.974557            15.2431        4.91987e+07        9.37036e-05        1.27214e-05        0.000444296          0.0455443         0.00235013          0.0980628        2.92251e-06        5.84926e-16        4.29872e-17        6.26613e-15        1.62455e-14         0.00303524           0.117694        3.81424e-10        1.57899e-12        4.25341e-17            0.73276
83         0.00209734        2.51179e-05        4.31623e-06             101325           0.171839        4.31623e-06            1968.56                  0           0.975918            13.6754        4.45651e+07        8.92649e-05        1.17909e-05        0.000422257          0.0454697         0.00229711          0.0981389        2.81585e-06        3.87575e-16        2.84074e-17         4.2296e-15        1.08467e-14         0.00289678           0.117911        3.37084e-10        1.43526e-12        2.95614e-17            0.73276
84         0.00212246        2.51179e-05        4.31259e-06             101325           0.171694        4.31259e-06            1970.51                  0            0.97723             12.266        4.03276e+07        8.50059e-05        1.09239e-05          0.0004012          0.0453987         0.00224474          0.0982125        2.71312e-06        2.58268e-16        1.88811e-17        2.87266e-15        7.28931e-15         0.00276355            0.11812        2.97682e-10        1.30444e-12        2.08526e-17            0.73276
85         0.00214758        2.51179e-05        4.30912e-06             101325           0.171556        4.30912e-06            1972.39                  0           0.978494            11.0011        3.64588e+07        8.09246e-05        1.01169e-05        0.000381105          0.0453313         0.00219308          0.0982836        2.61438e-06        1.73093e-16        1.26229e-17        1.96325e-15        4.93087e-15          0.0026355           0.118322        2.62723e-10        1.18529e-12        1.49362e-17            0.73276
86         0.00217269        2.51179e-05        4.30579e-06             101325           0.171423        4.30579e-06             1974.2                  0            0.97971            9.86805        3.29324e+07        7.70188e-05        9.36687e-06         0.00036195          0.0452673         0.00214222          0.0983521        2.51968e-06        1.16685e-16        8.48905e-18        1.35017e-15        3.35759e-15          0.0025126           0.118515        2.31752e-10        1.07674e-12        1.08651e-17            0.73276
87         0.00219781        2.51179e-05         4.3026e-06             101325           0.171297         4.3026e-06            1975.92                  0           0.980879            8.85488        2.97237e+07        7.32861e-05        8.67067e-06        0.000343715          0.0452067          0.0020922          0.0984182        2.42906e-06        7.91237e-17        5.74323e-18        9.34405e-16        2.30153e-15         0.00239479             0.1187        2.04353e-10        9.77913e-13         8.0258e-18            0.73276
88         0.00222293        2.51179e-05        4.29956e-06             101325           0.171176        4.29956e-06            1977.58                  0              0.982            7.95051        2.68089e+07        6.97237e-05        8.02526e-06        0.000326377          0.0451495         0.00204309          0.0984818        2.34252e-06         5.3974e-17        3.90912e-18        6.50774e-16        1.58819e-15         0.00228201           0.118877        1.80149e-10        8.87987e-13        6.01747e-18            0.73276
89         0.00224805        2.51179e-05        4.29666e-06             101325            0.17106        4.29666e-06            1979.15                  0           0.983074            7.14463        2.41656e+07        6.63286e-05        7.42772e-06        0.000309914          0.0450954         0.00199495           0.098543        2.26008e-06        3.70402e-17        2.67702e-18        4.56119e-16         1.1033e-15         0.00217419           0.119046        1.58796e-10        8.06241e-13        4.57634e-18            0.73276
90         0.00227317        2.51179e-05         4.2939e-06             101325            0.17095         4.2939e-06            1980.66                  0           0.984102            6.42767        2.17725e+07        6.30975e-05         6.8752e-06        0.000294301          0.0450445         0.00194784          0.0986018        2.18172e-06        2.55739e-17        1.84457e-18        3.21724e-16        7.71617e-16         0.00207127           0.119208        1.39983e-10        7.32008e-13         3.5272e-18            0.73276
91         0.00229828        2.51179e-05        4.29127e-06             101325           0.170845        4.29127e-06             1982.1                  0           0.985085            5.79073        1.96095e+07        6.00268e-05        6.36495e-06        0.000279514          0.0449966         0.00190181          0.0986582        2.10743e-06        1.77656e-17         1.2789e-18        2.28374e-16        5.43283e-16         0.00197314           0.119362        1.23426e-10        6.64675e-13        2.75249e-18            0.73276
92          0.0023234        2.51179e-05        4.28877e-06             101325           0.170746        4.28877e-06            1983.47                  0           0.986023             5.2256        1.76575e+07        5.71129e-05        5.89433e-06        0.000265529          0.0449516         0.00185693          0.0987122        2.03716e-06        1.24176e-17        8.92247e-19        1.63142e-16        3.85093e-16         0.00187972           0.119509        1.08873e-10         6.0367e-13        2.17253e-18            0.73276
93         0.00234852        2.51179e-05        4.28639e-06             101325           0.170651        4.28639e-06            1984.77                  0           0.986917             4.7247        1.58985e+07        5.43516e-05        5.46078e-06        0.000252319          0.0449093         0.00181323          0.0987639        1.97086e-06        8.73353e-18        6.26416e-19        1.17282e-16        2.74801e-16         0.00179091           0.119648        9.60927e-11        5.48462e-13        1.73268e-18            0.73276
94         0.00237364        2.51179e-05        4.28414e-06             101325           0.170561        4.28414e-06               1986                  0           0.987769            4.28105        1.43158e+07        5.17388e-05        5.06185e-06        0.000239859          0.0448698         0.00177076          0.0988133        1.90845e-06        6.18088e-18        4.42569e-19        8.48472e-17        1.97412e-16         0.00170661           0.119781        8.48803e-11        4.98556e-13        1.39501e-18            0.73276
95         0.00239875        2.51179e-05          4.282e-06             101325           0.170476          4.282e-06            1987.17                  0           0.988578            3.88824        1.28934e+07        4.92699e-05         4.6952e-06        0.000228122          0.0448329         0.00172957          0.0988605        1.84987e-06        4.40183e-18        3.14666e-19        6.17685e-17        1.42764e-16         0.00162668           0.119906        7.50512e-11        4.53491e-13        1.13289e-18            0.73276
96         0.00242387        2.51179e-05        4.27998e-06             101325           0.170396        4.27998e-06            1988.28                  0           0.989346            3.54043        1.16165e+07        4.69406e-05         4.3586e-06        0.000217081          0.0447984         0.00168968          0.0989054          1.795e-06        3.15461e-18        2.25152e-19        4.52486e-17        1.03929e-16         0.00155102           0.120025        6.64408e-11        4.12841e-13        9.27333e-19            0.73276
97         0.00244899        2.51179e-05        4.27807e-06             101325            0.17032        4.27807e-06            1989.33                  0           0.990075             3.2323        1.04714e+07         4.4746e-05        4.04991e-06         0.00020671          0.0447663         0.00165114          0.0989482        1.74375e-06        2.27508e-18        1.62131e-19        3.33526e-17        7.61566e-17          0.0014795           0.120138        5.89021e-11        3.76207e-13        7.64658e-19            0.73276
98         0.00247411        2.51179e-05        4.27627e-06             101325           0.170248        4.27627e-06            1990.32                  0           0.990764            2.95902        9.44517e+06        4.26813e-05         3.7671e-06         0.00019698          0.0447364         0.00161397          0.0989889        1.69599e-06        1.65116e-18        1.17496e-19        2.47353e-17          5.617e-17         0.00141199           0.120244        5.23049e-11        3.43223e-13        6.34857e-19            0.73276
99         0.00249923        2.51179e-05        4.27457e-06             101325           0.170181        4.27457e-06            1991.26                  0           0.991416            2.71625        8.52607e+06        4.07416e-05        3.50825e-06        0.000187865          0.0447086         0.00157819          0.0990275         1.6516e-06        1.20595e-18        8.56927e-20        1.84562e-17        4.16964e-17         0.00134835           0.120344        4.65332e-11        3.13549e-13        5.30523e-19            0.73276
100         0.00252434        2.51179e-05        4.27297e-06             101325           0.170117        4.27297e-06            1992.14                  0           0.992031            2.50008        7.70314e+06        3.89219e-05        3.27156e-06        0.000179337          0.0446828         0.00154382           0.099064        1.61044e-06        8.86359e-19        6.28965e-20         1.3854e-17        3.11499e-17         0.00128845           0.120438        4.14848e-11        2.86873e-13        4.46104e-19            0.73276
101         0.00254946        2.51179e-05        4.27147e-06             101325           0.170057        4.27147e-06            1992.97                  0           0.992611            2.30703        6.96634e+06        3.72172e-05         3.0553e-06        0.000171369           0.044659         0.00151086          0.0990987        1.57237e-06        6.55589e-19        4.64584e-20        1.04612e-17        2.34176e-17         0.00123214           0.120526        3.70692e-11        2.62906e-13         3.7739e-19            0.73276
102         0.00257458        2.51179e-05        4.27006e-06             101325           0.170001        4.27006e-06            1993.75                  0           0.993157            2.13401         6.3065e+06        3.56225e-05        2.85789e-06        0.000163934          0.0446369         0.00147933          0.0991314        1.53724e-06        4.87964e-19        3.45341e-20        7.94568e-18        1.77139e-17         0.00117929           0.120609        3.32067e-11        2.41386e-13        3.21155e-19            0.73276
103          0.0025997        2.51179e-05        4.26873e-06             101325           0.169948        4.26873e-06            1994.48                  0            0.99367            1.97829         5.7153e+06        3.41327e-05        2.67781e-06        0.000157005          0.0446165         0.00144922          0.0991622        1.50489e-06        3.65487e-19        2.58325e-20        6.06994e-18        1.34813e-17         0.00112975           0.120687        2.98275e-11        2.22072e-13        2.74903e-19            0.73276
104         0.00262482        2.51179e-05        4.26749e-06             101325           0.169899        4.26749e-06            1995.17                  0           0.994152            1.83748        5.18518e+06        3.27429e-05        2.51366e-06        0.000150556          0.0445977         0.00142053          0.0991913        1.47517e-06         2.7547e-19         1.9445e-20        4.66342e-18        1.03216e-17         0.00108338            0.12076          2.687e-11        2.04745e-13        2.36686e-19            0.73276
105         0.00264993        2.51179e-05        4.26633e-06             101325           0.169853        4.26633e-06            1995.81                  0           0.994604            1.70951        4.70932e+06         3.1448e-05        2.36413e-06        0.000144561          0.0445804         0.00139324          0.0992187        1.44793e-06        2.08922e-19        1.47285e-20        3.60292e-18        7.94903e-18         0.00104003           0.120828        2.42804e-11        1.89205e-13        2.04971e-19            0.73276
106         0.00267505        2.51179e-05        4.26525e-06             101325            0.16981        4.26525e-06            1996.41                  0           0.995026            1.59259        4.28161e+06        3.02433e-05        2.22799e-06        0.000138996          0.0445644         0.00136735          0.0992444        1.42302e-06        1.59437e-19        1.12253e-20        2.79896e-18        6.15723e-18        0.000999575           0.120891        2.20118e-11        1.75271e-13        1.78544e-19            0.73276
107         0.00270017        2.51179e-05        4.26424e-06             101325           0.169769        4.26424e-06            1996.97                  0           0.995422            1.48519         3.8966e+06        2.91239e-05        2.10413e-06        0.000133836          0.0445498         0.00134283          0.0992684        1.40027e-06        1.22428e-19        8.60822e-21        2.18621e-18        4.79636e-18        0.000961862           0.120951        2.00229e-11        1.62779e-13        1.56437e-19            0.73276
108         0.00272529        2.51179e-05         4.2633e-06             101325           0.169732         4.2633e-06            1997.49                  0            0.99579            1.38599        3.54941e+06        2.80852e-05        1.99149e-06        0.000129056          0.0445363         0.00131965           0.099291        1.37955e-06        9.45908e-20        6.64184e-21        1.71674e-18        3.75705e-18        0.000926755           0.121006        1.82779e-11        1.51581e-13        1.37873e-19            0.73276
109          0.0027504        2.51179e-05        4.26243e-06             101325           0.169697        4.26243e-06            1997.98                  0           0.996134            1.29391        3.23575e+06        2.71226e-05         1.8891e-06        0.000124635           0.044524         0.00129778          0.0993121         1.3607e-06        7.35331e-20        5.15593e-21        1.35519e-18        2.95898e-18         0.00089412           0.121057        1.67457e-11        1.41544e-13        1.22227e-19            0.73276
110         0.00277552        2.51179e-05        4.26161e-06             101325           0.169665        4.26161e-06            1998.43                  0           0.996454            1.20805        2.95182e+06        2.62316e-05        1.79607e-06         0.00012055          0.0445127          0.0012772          0.0993318        1.34358e-06        5.75145e-20        4.02678e-21        1.07536e-18        2.34291e-18        0.000863823           0.121105        1.53991e-11        1.32546e-13        1.08995e-19            0.73276
111         0.00280064        2.51179e-05        4.26086e-06             101325           0.169635        4.26086e-06            1998.85                  0           0.996751            1.12763        2.69428e+06        2.54081e-05        1.71159e-06         0.00011678          0.0445023         0.00125787          0.0993501        1.32807e-06        4.52618e-20        3.16396e-21        8.57699e-19        1.86485e-18        0.000835735           0.121149        1.42144e-11        1.24479e-13        9.77651e-20            0.73276
112         0.00282576        2.51179e-05        4.26016e-06             101325           0.169607        4.26016e-06            1999.24                  0           0.997027            1.05207        2.46021e+06        2.46478e-05        1.63489e-06        0.000113304          0.0444929         0.00123974          0.0993672        1.31402e-06        3.58383e-20        2.50103e-21        6.87581e-19        1.49202e-18        0.000809729            0.12119        1.31711e-11        1.17247e-13        8.82022e-20            0.73276
113         0.00285088        2.51179e-05        4.25952e-06             101325           0.169581        4.25952e-06            1999.59                  0           0.997283           0.980852        2.24706e+06        2.39467e-05         1.5653e-06        0.000110104          0.0444843         0.00122278          0.0993831        1.30132e-06        2.85517e-20        1.98894e-21        5.53995e-19        1.19982e-18        0.000785684           0.121227        1.22513e-11        1.10763e-13        8.00321e-20            0.73276
114         0.00287599        2.51179e-05        4.25892e-06             101325           0.169557        4.25892e-06            1999.93                  0           0.997519           0.913591        2.05259e+06        2.33011e-05        1.50217e-06         0.00010716          0.0444764         0.00120694          0.0993978        1.28986e-06        2.28876e-20        1.59127e-21        4.48612e-19        9.69702e-19        0.000763481           0.121262        1.14396e-11        1.04947e-13          7.303e-20            0.73276
115         0.00290111        2.51179e-05        4.25837e-06             101325           0.169536        4.25837e-06            2000.23                  0           0.997738           0.849969        1.87488e+06        2.27073e-05        1.44492e-06        0.000104455          0.0444692         0.00119217          0.0994114        1.27953e-06        1.84618e-20        1.28084e-21        3.65106e-19        7.87637e-19        0.000743007           0.121294        1.07225e-11        9.97314e-14        6.70103e-20            0.73276
116         0.00292623        2.51179e-05        4.25786e-06             101325           0.169515        4.25786e-06            2000.52                  0            0.99794            0.78974        1.71222e+06        2.21618e-05        1.39303e-06        0.000101972          0.0444627         0.00117843           0.099424        1.27022e-06        1.49858e-20        1.03727e-21        2.98644e-19        6.42932e-19         0.00072415           0.121324        1.00883e-11        9.50521e-14        6.18199e-20            0.73276
117         0.00295135        2.51179e-05        4.25739e-06             101325           0.169497        4.25739e-06            2000.78                  0           0.998126            0.73271        1.56316e+06        2.16612e-05        1.34602e-06        9.96959e-05          0.0444567         0.00116568          0.0994357        1.26184e-06         1.2242e-20         8.4519e-22        2.45521e-19        5.27411e-19        0.000706807           0.121351        9.52683e-12        9.08538e-14        5.73317e-20            0.73276
118         0.00297647        2.51179e-05        4.25697e-06             101325            0.16948        4.25697e-06            2001.01                  0           0.998298           0.678722        1.42642e+06        2.12025e-05        1.30343e-06        9.76111e-05          0.0444513         0.00115385          0.0994464         1.2543e-06        1.00653e-20        6.92969e-22         2.0288e-19        4.34787e-19        0.000690877           0.121376        9.02924e-12        8.70864e-14        5.34403e-20            0.73276
119         0.00300158        2.51179e-05        4.25657e-06             101325           0.169464        4.25657e-06            2001.23                  0           0.998455           0.627655        1.30087e+06        2.07825e-05        1.26487e-06        9.57038e-05          0.0444464         0.00114292          0.0994563        1.24753e-06        8.33016e-21        5.71743e-22        1.68512e-19        3.60206e-19        0.000676264           0.121399        8.58785e-12        8.37054e-14        5.00575e-20            0.73276
120          0.0030267        2.51179e-05        4.25621e-06             101325            0.16945        4.25621e-06            2001.43                  0             0.9986           0.579406        1.18554e+06        2.03986e-05        1.22998e-06        9.39607e-05           0.044442         0.00113281          0.0994654        1.24145e-06        6.94022e-21        4.74733e-22        1.40698e-19        2.99902e-19        0.000662876            0.12142        8.19595e-12        8.06708e-14        4.71096e-20            0.73276
121         0.00305182        2.51179e-05        4.25588e-06             101325           0.169437        4.25588e-06            2001.62                  0           0.998732           0.533889        1.07956e+06         2.0048e-05        1.19841e-06        9.23694e-05          0.0444379          0.0011235          0.0994737          1.236e-06        5.82146e-21         3.9673e-22        1.18097e-19         2.5094e-19        0.000650626           0.121439         7.8477e-12         7.7947e-14         4.4535e-20            0.73276
122         0.00307694        2.51179e-05        4.25558e-06             101325           0.169425        4.25558e-06            2001.79                  0           0.998853           0.491023             982168        1.97282e-05        1.16987e-06        9.09182e-05          0.0444343         0.00111493          0.0994814        1.23111e-06        4.91668e-21        3.33712e-22        9.96587e-20        2.11025e-19        0.000639432           0.121457        7.53801e-12        7.55021e-14        4.22814e-20            0.73276
123         0.00310205        2.51179e-05         4.2553e-06             101325           0.169414         4.2553e-06            2001.94                  0           0.998964           0.450737             892685        1.94368e-05        1.14407e-06        8.95962e-05           0.044431         0.00110706          0.0994884        1.22672e-06        4.18148e-21        2.82557e-22        8.45546e-20         1.7835e-19        0.000629216           0.121473        7.26241e-12        7.33077e-14         4.0305e-20            0.73276
124         0.00312717        2.51179e-05        4.25505e-06             101325           0.169404        4.25505e-06            2002.08                  0           0.999066           0.412957             810498        1.91716e-05        1.12077e-06        8.83933e-05           0.044428         0.00109985          0.0994948        1.22279e-06        3.58121e-21        2.40835e-22        7.21317e-20        1.51493e-19        0.000619904           0.121488          7.017e-12        7.13381e-14        3.85686e-20            0.73276
125         0.00315229        2.51179e-05        4.25483e-06             101325           0.169394        4.25483e-06            2002.21                  0           0.999158           0.377609             735055        1.89306e-05        1.09973e-06        8.72998e-05          0.0444253         0.00109324          0.0995006        1.21928e-06        3.08878e-21        2.06644e-22        6.18718e-20        1.29325e-19        0.000611428           0.121501        6.79836e-12        6.95706e-14        3.70404e-20            0.73276
126         0.00317741        2.51179e-05        4.25462e-06             101325           0.169386        4.25462e-06            2002.32                  0           0.999242           0.344616             665853        1.87118e-05        1.08075e-06         8.6307e-05          0.0444228          0.0010872          0.0995059        1.21613e-06        2.68287e-21        1.78489e-22        5.33628e-20         1.1095e-19        0.000603722           0.121513        6.60348e-12        6.79847e-14        3.56936e-20            0.73276
127         0.00320253        2.51179e-05        4.25443e-06             101325           0.169379        4.25443e-06            2002.43                  0           0.999318           0.313898             602434        1.85134e-05        1.06364e-06        8.54066e-05          0.0444206         0.00108169          0.0995108        1.21331e-06        2.34665e-21        1.55193e-22        4.62756e-20        9.56537e-20        0.000596725           0.121524        6.42973e-12         6.6562e-14         3.4505e-20            0.73276
128         0.00322764        2.51179e-05        4.25426e-06             101325           0.169372        4.25426e-06            2002.52                  0           0.999388           0.285371             544376        1.83337e-05        1.04822e-06        8.45908e-05          0.0444186         0.00107667          0.0995152        1.21079e-06        2.06678e-21        1.35822e-22        4.03467e-20        8.28639e-20         0.00059038           0.121534        6.27478e-12        6.52863e-14        3.34548e-20            0.73276
129         0.00325276        2.51179e-05         4.2541e-06             101325           0.169366         4.2541e-06            2002.61                  0           0.999451           0.258946             491286        1.81711e-05        1.03434e-06        8.38526e-05          0.0444169          0.0010721          0.0995192        1.20853e-06        1.83268e-21        1.19634e-22        3.53648e-20        7.21217e-20        0.000584634           0.121543        6.13657e-12        6.41426e-14        3.25261e-20            0.73276
130         0.00327788        2.51179e-05        4.25396e-06             101325            0.16936        4.25396e-06            2002.69                  0           0.999508           0.234531             442802        1.80241e-05        1.02184e-06        8.31853e-05          0.0444153         0.00106795          0.0995228        1.20652e-06        1.63589e-21         1.0604e-22        3.11593e-20        6.30579e-20        0.000579436           0.121551        6.01328e-12        6.31178e-14         3.1704e-20            0.73276
131           0.003303        2.51179e-05        4.25384e-06             101325           0.169355        4.25384e-06            2002.76                  0            0.99956           0.212031             398586        1.78915e-05        1.01061e-06         8.2583e-05          0.0444138         0.00106419          0.0995261        1.20472e-06        1.46962e-21        9.45649e-23        2.75929e-20        5.53744e-20        0.000574741           0.121559        5.90332e-12        6.21999e-14        3.09758e-20            0.73276
132         0.00332812        2.51179e-05        4.25372e-06             101325           0.169351        4.25372e-06            2002.82                  0           0.999606           0.191349             358319         1.7772e-05        1.00052e-06        8.20398e-05          0.0444125         0.00106079           0.099529        1.20311e-06        1.32845e-21        8.48306e-23        2.45543e-20        4.88304e-20        0.000570505           0.121565        5.80526e-12        6.13782e-14        3.03306e-20            0.73276
133         0.00335323        2.51179e-05        4.25362e-06             101325           0.169347        4.25362e-06            2002.88                  0           0.999648           0.172387             321707        1.76644e-05         9.9147e-07        8.15506e-05          0.0444114         0.00105771          0.0995317        1.20168e-06        1.20799e-21        7.65316e-23        2.19533e-20        4.32306e-20        0.000566689           0.121571        5.71783e-12        6.06432e-14        2.97585e-20            0.73276
134         0.00337835        2.51179e-05        4.25353e-06             101325           0.169343        4.25353e-06            2002.93                  0           0.999686           0.155046             288470        1.75677e-05        9.83353e-07        8.11107e-05          0.0444103         0.00105494          0.0995341         1.2004e-06        1.10472e-21        6.94216e-23        1.97166e-20        3.84165e-20        0.000563256           0.121577        5.63992e-12        5.99862e-14        2.92514e-20            0.73276
135         0.00340347        2.51179e-05        4.25345e-06             101325            0.16934        4.25345e-06            2002.98                  0            0.99972           0.139227             258350        1.74808e-05        9.76084e-07        8.07155e-05          0.0444094         0.00105244          0.0995363        1.19926e-06        1.01576e-21        6.33016e-23        1.77846e-20        3.42591e-20        0.000560172           0.121582        5.57051e-12        5.93993e-14        2.88017e-20            0.73276
136         0.00342859        2.51179e-05        4.25337e-06             101325           0.169337        4.25337e-06            2003.02                  0           0.999751           0.124834             231103         1.7403e-05        9.69582e-07        8.03611e-05          0.0444086         0.00105019          0.0995382        1.19825e-06        9.38799e-22        5.80101e-23        1.61088e-20        3.06534e-20        0.000557405           0.121586        5.50874e-12        5.88756e-14        2.84031e-20            0.73276
137          0.0034537        2.51179e-05        4.25331e-06             101325           0.169334        4.25331e-06            2003.06                  0           0.999778           0.111774             206503        1.73333e-05        9.63773e-07        8.00437e-05          0.0444078         0.00104817          0.0995399        1.19734e-06        8.71948e-22         5.3416e-23        1.46493e-20        2.75137e-20        0.000554928            0.12159         5.4538e-12        5.84089e-14        2.80499e-20            0.73276
138         0.00347882        2.51179e-05        4.25325e-06             101325           0.169332        4.25325e-06            2003.09                  0           0.999803          0.0999541             184339         1.7271e-05        9.58592e-07        7.97601e-05          0.0444072         0.00104636          0.0995415        1.19654e-06        8.13669e-22        4.94126e-23        1.33738e-20        2.47699e-20        0.000552713           0.121593        5.40499e-12        5.79934e-14        2.77371e-20            0.73276
139         0.00350394        2.51179e-05        4.25319e-06             101325            0.16933        4.25319e-06            2003.12                  0           0.999825          0.0892873             164413        1.72154e-05        9.53979e-07         7.9507e-05          0.0444066         0.00104474          0.0995429        1.19583e-06        7.62707e-22        4.59131e-23        1.22559e-20         2.2365e-20        0.000550737           0.121596        5.36169e-12        5.76241e-14        2.74605e-20            0.73276
140         0.00352906        2.51179e-05        4.25315e-06             101325           0.169328        4.25315e-06            2003.14                  0           0.999844          0.0796901             146545         1.7166e-05         9.4988e-07        7.92817e-05           0.044406          0.0010433          0.0995441         1.1952e-06         7.1804e-22        4.28465e-23        1.12738e-20        2.02521e-20        0.000548979           0.121599        5.32334e-12        5.72966e-14        2.72161e-20            0.73276
141         0.00355418        2.51179e-05        4.25311e-06             101325           0.169326        4.25311e-06            2003.17                  0           0.999862          0.0710839             130568        1.71222e-05        9.46248e-07        7.90817e-05          0.0444056         0.00104202          0.0995452        1.19464e-06        6.78832e-22        4.01553e-23        1.04098e-20        1.83932e-20        0.000547418           0.121602        5.28945e-12        5.70067e-14        2.70006e-20            0.73276
142         0.00357929        2.51179e-05        4.25307e-06             101325           0.169325        4.25307e-06            2003.19                  0           0.999877          0.0633958             116330        1.70834e-05        9.43039e-07        7.89048e-05          0.0444052         0.00104089          0.0995462        1.19415e-06        6.44404e-22        3.77923e-23        9.64949e-21        1.67572e-20        0.000546037           0.121604        5.25958e-12         5.6751e-14        2.68111e-20            0.73276
143         0.00360441        2.51179e-05        4.25304e-06             101325           0.169323        4.25304e-06            2003.21                  0           0.999891          0.0565577             103691        1.70492e-05        9.40215e-07         7.8749e-05          0.0444048         0.00103989          0.0995471        1.19372e-06        6.14202e-22        3.57195e-23        8.98118e-21        1.53189e-20         0.00054482           0.121606        5.23337e-12        5.65263e-14         2.6645e-20            0.73276
144         0.00362953        2.51179e-05        4.25301e-06             101325           0.169322        4.25301e-06            2003.22                  0           0.999903          0.0505079            92528.2        1.70193e-05        9.37743e-07        7.86124e-05          0.0444045         0.00103901          0.0995478        1.19335e-06         5.8778e-22        3.39061e-23         8.3954e-21         1.4058e-20        0.000543755           0.121607        5.21047e-12        5.63298e-14        2.65002e-20            0.73276
145         0.00365465        2.51179e-05        4.25298e-06             101325           0.169321        4.25298e-06            2003.24                  0           0.999914           0.045191            82731.3        1.69933e-05        9.35595e-07        7.84936e-05          0.0444042         0.00103824          0.0995485        1.19302e-06        5.64782e-22        3.23277e-23        7.88462e-21        1.29584e-20        0.000542827           0.121609         5.1906e-12        5.61592e-14        2.63747e-20            0.73276
146         0.00367977        2.51179e-05        4.25296e-06             101325            0.16932        4.25296e-06            2003.25                  0           0.999923          0.0405584            74204.3        1.69708e-05        9.33747e-07        7.83912e-05           0.044404         0.00103758           0.099549        1.19274e-06        5.44929e-22         3.0965e-23        7.44297e-21        1.20073e-20        0.000542029            0.12161        5.17353e-12        5.60125e-14         2.6267e-20            0.73276
147         0.00370488        2.51179e-05        4.25294e-06             101325            0.16932        4.25294e-06            2003.26                  0           0.999931          0.0365687            66866.5        1.69518e-05        9.32178e-07        7.83043e-05          0.0444038         0.00103702          0.0995495         1.1925e-06        5.28009e-22        2.98035e-23          7.066e-21        1.11954e-20        0.000541351           0.121611        5.15906e-12        5.58881e-14        2.61758e-20            0.73276
148            0.00373        2.51179e-05        4.25293e-06             101325           0.169319        4.25293e-06            2003.27                  0           0.999937          0.0331875            60651.4         1.6936e-05        9.30872e-07        7.82319e-05          0.0444036         0.00103656          0.0995499         1.1923e-06        5.13869e-22        2.88328e-23        6.75056e-21        1.05159e-20        0.000540786           0.121612        5.14703e-12        5.57846e-14           2.61e-20            0.73276
149         0.00375512        2.51179e-05        4.25292e-06             101325           0.169319        4.25292e-06            2003.27                  0           0.999943          0.0303885            55508.4        1.69232e-05        9.29819e-07        7.81735e-05          0.0444035         0.00103618          0.0995502        1.19214e-06        5.02411e-22        2.80461e-23        6.49466e-21        9.96461e-21        0.000540331           0.121613        5.13734e-12        5.57012e-14         2.6039e-20            0.73276
150         0.00378024        2.51179e-05        4.25291e-06             101325           0.169318        4.25291e-06            2003.28                  0           0.999947          0.0281535            51402.3        1.69134e-05        9.29011e-07        7.81287e-05          0.0444034         0.00103589          0.0995505        1.19202e-06        4.93585e-22          2.744e-23        6.29738e-21        9.53952e-21        0.000539981           0.121613         5.1299e-12        5.56372e-14        2.59923e-20            0.73276
151         0.00380535        2.51179e-05         4.2529e-06             101325           0.169318         4.2529e-06            2003.28                  0            0.99995          0.0264726            48314.7        1.69065e-05        9.28445e-07        7.80973e-05          0.0444033         0.00103569          0.0995507        1.19194e-06        4.87389e-22        2.70145e-23        6.15878e-21        9.24083e-21        0.000539736           0.121614        5.12471e-12        5.55924e-14        2.59596e-20            0.73276
152         0.00383047        2.51179e-05         4.2529e-06             101325           0.169318         4.2529e-06            2003.28                  0           0.999952          0.0253448              46243        1.69026e-05        9.28123e-07        7.80794e-05          0.0444033         0.00103557          0.0995508        1.19189e-06        4.83853e-22        2.67717e-23        6.07966e-21        9.07032e-21        0.000539597           0.121614        5.12175e-12        5.55669e-14         2.5941e-20            0.73276
